    -500.00000000000    1.0000000325280
    -499.00000000000    1.0000000325280
    -498.00000000000    1.0000000325280
    -497.00000000000    1.0000000325280
    -496.00000000000    1.0000000325280
    -495.00000000000    1.0000000325280
    -494.00000000000    1.0000000325280
    -493.00000000000    1.0000000325280
    -492.00000000000    1.0000000325280
    -491.00000000000    1.0000000325280
    -490.00000000000    1.0000000325280
    -489.00000000000    1.0000000325280
    -488.00000000000    1.0000000325280
    -487.00000000000    1.0000000325280
    -486.00000000000    1.0000000325280
    -485.00000000000    1.0000000325280
    -484.00000000000    1.0000000325280
    -483.00000000000    1.0000000325280
    -482.00000000000    1.0000000325280
    -481.00000000000    1.0000000325280
    -480.00000000000    1.0000000325280
    -479.00000000000    1.0000000325280
    -478.00000000000    1.0000000325280
    -477.00000000000    1.0000000325280
    -476.00000000000    1.0000000325280
    -475.00000000000    1.0000000325280
    -474.00000000000    1.0000000325280
    -473.00000000000    1.0000000325280
    -472.00000000000    1.0000000325280
    -471.00000000000    1.0000000325280
    -470.00000000000    1.0000000325280
    -469.00000000000    1.0000000325280
    -468.00000000000    1.0000000325280
    -467.00000000000    1.0000000325280
    -466.00000000000    1.0000000325280
    -465.00000000000    1.0000000325280
    -464.00000000000    1.0000000325280
    -463.00000000000    1.0000000325280
    -462.00000000000    1.0000000325280
    -461.00000000000    1.0000000325280
    -460.00000000000    1.0000000325280
    -459.00000000000    1.0000000325280
    -458.00000000000    1.0000000325280
    -457.00000000000    1.0000000325280
    -456.00000000000    1.0000000325280
    -455.00000000000    1.0000000325280
    -454.00000000000    1.0000000325280
    -453.00000000000    1.0000000325280
    -452.00000000000    1.0000000325280
    -451.00000000000    1.0000000325280
    -450.00000000000    1.0000000325280
    -449.00000000000    1.0000000325280
    -448.00000000000    1.0000000325280
    -447.00000000000    1.0000000325280
    -446.00000000000    1.0000000325280
    -445.00000000000    1.0000000325280
    -444.00000000000    1.0000000325280
    -443.00000000000    1.0000000325280
    -442.00000000000    1.0000000325280
    -441.00000000000    1.0000000325280
    -440.00000000000    1.0000000325280
    -439.00000000000    1.0000000325280
    -438.00000000000    1.0000000325280
    -437.00000000000    1.0000000325280
    -436.00000000000    1.0000000325280
    -435.00000000000    1.0000000325280
    -434.00000000000    1.0000000325280
    -433.00000000000    1.0000000325280
    -432.00000000000    1.0000000325280
    -431.00000000000    1.0000000325280
    -430.00000000000    1.0000000325280
    -429.00000000000    1.0000000325280
    -428.00000000000    1.0000000325280
    -427.00000000000    1.0000000325280
    -426.00000000000    1.0000000325280
    -425.00000000000    1.0000000325280
    -424.00000000000    1.0000000325280
    -423.00000000000    1.0000000325280
    -422.00000000000    1.0000000325280
    -421.00000000000    1.0000000325280
    -420.00000000000    1.0000000325280
    -419.00000000000    1.0000000325280
    -418.00000000000    1.0000000325280
    -417.00000000000    1.0000000325280
    -416.00000000000    1.0000000325280
    -415.00000000000    1.0000000325280
    -414.00000000000    1.0000000325280
    -413.00000000000    1.0000000325280
    -412.00000000000    1.0000000325280
    -411.00000000000    1.0000000325280
    -410.00000000000    1.0000000325280
    -409.00000000000    1.0000000325280
    -408.00000000000    1.0000000325280
    -407.00000000000    1.0000000325280
    -406.00000000000    1.0000000325280
    -405.00000000000    1.0000000325280
    -404.00000000000    1.0000000325280
    -403.00000000000    1.0000000325280
    -402.00000000000    1.0000000325280
    -401.00000000000    1.0000000325280
    -400.00000000000    1.0000000325280
    -399.00000000000    1.0000000325280
    -398.00000000000    1.0000000325280
    -397.00000000000    1.0000000325280
    -396.00000000000    1.0000000325280
    -395.00000000000    1.0000000325280
    -394.00000000000    1.0000000325280
    -393.00000000000    1.0000000325280
    -392.00000000000    1.0000000325280
    -391.00000000000    1.0000000325280
    -390.00000000000    1.0000000325280
    -389.00000000000    1.0000000325280
    -388.00000000000    1.0000000325280
    -387.00000000000    1.0000000325280
    -386.00000000000    1.0000000325280
    -385.00000000000    1.0000000325280
    -384.00000000000    1.0000000325280
    -383.00000000000    1.0000000325280
    -382.00000000000    1.0000000325280
    -381.00000000000    1.0000000325280
    -380.00000000000    1.0000000325280
    -379.00000000000    1.0000000325280
    -378.00000000000    1.0000000325280
    -377.00000000000    1.0000000325280
    -376.00000000000    1.0000000325280
    -375.00000000000    1.0000000325280
    -374.00000000000    1.0000000325280
    -373.00000000000    1.0000000325280
    -372.00000000000    1.0000000325280
    -371.00000000000    1.0000000325280
    -370.00000000000    1.0000000325280
    -369.00000000000    1.0000000325280
    -368.00000000000    1.0000000325280
    -367.00000000000    1.0000000325280
    -366.00000000000    1.0000000325280
    -365.00000000000    1.0000000325280
    -364.00000000000    1.0000000325280
    -363.00000000000    1.0000000325280
    -362.00000000000    1.0000000325280
    -361.00000000000    1.0000000325280
    -360.00000000000    1.0000000325280
    -359.00000000000    1.0000000325280
    -358.00000000000    1.0000000325280
    -357.00000000000    1.0000000325280
    -356.00000000000    1.0000000325280
    -355.00000000000    1.0000000325280
    -354.00000000000    1.0000000325280
    -353.00000000000    1.0000000325280
    -352.00000000000    1.0000000325280
    -351.00000000000    1.0000000325280
    -350.00000000000    1.0000000325280
    -349.00000000000    1.0000000325280
    -348.00000000000    1.0000000325280
    -347.00000000000    1.0000000325280
    -346.00000000000    1.0000000325280
    -345.00000000000    1.0000000325280
    -344.00000000000    1.0000000325280
    -343.00000000000    1.0000000325280
    -342.00000000000    1.0000000325280
    -341.00000000000    1.0000000325280
    -340.00000000000    1.0000000325280
    -339.00000000000    1.0000000325280
    -338.00000000000    1.0000000325280
    -337.00000000000    1.0000000325280
    -336.00000000000    1.0000000325280
    -335.00000000000    1.0000000325280
    -334.00000000000    1.0000000325280
    -333.00000000000    1.0000000325280
    -332.00000000000    1.0000000325280
    -331.00000000000    1.0000000325280
    -330.00000000000    1.0000000325280
    -329.00000000000    1.0000000325280
    -328.00000000000    1.0000000325280
    -327.00000000000    1.0000000325280
    -326.00000000000    1.0000000325280
    -325.00000000000    1.0000000325280
    -324.00000000000    1.0000000325280
    -323.00000000000    1.0000000325280
    -322.00000000000    1.0000000325280
    -321.00000000000    1.0000000325280
    -320.00000000000    1.0000000325280
    -319.00000000000    1.0000000325280
    -318.00000000000    1.0000000325280
    -317.00000000000    1.0000000325280
    -316.00000000000    1.0000000325280
    -315.00000000000    1.0000000325280
    -314.00000000000    1.0000000325280
    -313.00000000000    1.0000000325280
    -312.00000000000    1.0000000325280
    -311.00000000000    1.0000000325280
    -310.00000000000    1.0000000325280
    -309.00000000000    1.0000000325280
    -308.00000000000    1.0000000325280
    -307.00000000000    1.0000000325280
    -306.00000000000    1.0000000325280
    -305.00000000000    1.0000000325280
    -304.00000000000    1.0000000325280
    -303.00000000000    1.0000000325280
    -302.00000000000    1.0000000325280
    -301.00000000000    1.0000000325280
    -300.00000000000    1.0000000325280
    -299.00000000000    1.0000000325280
    -298.00000000000    1.0000000325280
    -297.00000000000    1.0000000325280
    -296.00000000000    1.0000000325280
    -295.00000000000    1.0000000325280
    -294.00000000000    1.0000000325280
    -293.00000000000    1.0000000325280
    -292.00000000000    1.0000000325280
    -291.00000000000    1.0000000325280
    -290.00000000000    1.0000000325280
    -289.00000000000    1.0000000325280
    -288.00000000000    1.0000000325280
    -287.00000000000    1.0000000325280
    -286.00000000000    1.0000000325280
    -285.00000000000    1.0000000325280
    -284.00000000000    1.0000000325280
    -283.00000000000    1.0000000325280
    -282.00000000000    1.0000000325280
    -281.00000000000    1.0000000325280
    -280.00000000000    1.0000000325280
    -279.00000000000    1.0000000325280
    -278.00000000000    1.0000000325280
    -277.00000000000    1.0000000325280
    -276.00000000000    1.0000000325280
    -275.00000000000    1.0000000325280
    -274.00000000000    1.0000000325280
    -273.00000000000    1.0000000325280
    -272.00000000000    1.0000000325280
    -271.00000000000    1.0000000325280
    -270.00000000000    1.0000000325280
    -269.00000000000    1.0000000325280
    -268.00000000000    1.0000000325280
    -267.00000000000    1.0000000325280
    -266.00000000000    1.0000000325280
    -265.00000000000    1.0000000325280
    -264.00000000000    1.0000000325280
    -263.00000000000    1.0000000325280
    -262.00000000000    1.0000000325280
    -261.00000000000    1.0000000325280
    -260.00000000000    1.0000000325280
    -259.00000000000    1.0000000325280
    -258.00000000000    1.0000000325280
    -257.00000000000    1.0000000325280
    -256.00000000000    1.0000000325280
    -255.00000000000    1.0000000325280
    -254.00000000000    1.0000000325280
    -253.00000000000    1.0000000325280
    -252.00000000000    1.0000000325280
    -251.00000000000    1.0000000325280
    -250.00000000000    1.0000000325280
    -249.00000000000    1.0000000325280
    -248.00000000000    1.0000000325280
    -247.00000000000    1.0000000325280
    -246.00000000000    1.0000000325280
    -245.00000000000    1.0000000325280
    -244.00000000000    1.0000000325280
    -243.00000000000    1.0000000325280
    -242.00000000000    1.0000000325280
    -241.00000000000    1.0000000325280
    -240.00000000000    1.0000000325280
    -239.00000000000    1.0000000325278
    -238.00000000000    1.0000000325274
    -237.00000000000    1.0000000325259
    -236.00000000000    1.0000000325202
    -235.00000000000    1.0000000325009
    -234.00000000000    1.0000000324378
    -233.00000000000    1.0000000322398
    -232.00000000000    1.0000000316462
    -231.00000000000    1.0000000299426
    -230.00000000000    1.0000000252630
    -229.00000000000    1.0000000129605
    -228.00000000000   0.99999998200189
    -227.00000000000   0.99999990742287
    -226.00000000000   0.99999973541536
    -225.00000000000   0.99999935555150
    -224.00000000000   0.99999855217264
    -223.00000000000   0.99999692476873
    -222.00000000000   0.99999376661087
    -221.00000000000   0.99998789403038
    -220.00000000000   0.99997742784468
    -219.00000000000   0.99995954497640
    -218.00000000000   0.99993024137750
    -217.00000000000   0.99988417218698
    -216.00000000000   0.99981465261703
    -215.00000000000   0.99971390190756
    -214.00000000000   0.99957358313515
    -213.00000000000   0.99938563152852
    -212.00000000000   0.99914328312853
    -211.00000000000   0.99884213642505
    -210.00000000000   0.99848103081376
    -209.00000000000   0.99806253168891
    -208.00000000000   0.99759288088523
    -207.00000000000   0.99708138849381
    -206.00000000000   0.99653937362723
    -205.00000000000   0.99597886594441
    -204.00000000000   0.99541132409073
    -203.00000000000   0.99484660081714
    -202.00000000000   0.99429230148267
    -201.00000000000   0.99375357447540
    -200.00000000000   0.99323327405980
    -199.00000000000   0.99273237391170
    -198.00000000000   0.99225049199786
    -197.00000000000   0.99178640739141
    -196.00000000000   0.99133849063535
    -195.00000000000   0.99090501379784
    -194.00000000000   0.99048434179718
    -193.00000000000   0.99007502753786
    -192.00000000000   0.98967584068547
    -191.00000000000   0.98928575771899
    -190.00000000000   0.98890393410650
    -189.00000000000   0.98852967185240
    -188.00000000000   0.98816238939495
    -187.00000000000   0.98780159659452
    -186.00000000000   0.98744687516347
    -185.00000000000   0.98709786381624
    -184.00000000000   0.98675424711909
    -183.00000000000   0.98641574708832
    -182.00000000000   0.98608211678110
    -181.00000000000   0.98575313532451
    -180.00000000000   0.98542860399159
    -179.00000000000   0.98510834305227
    -178.00000000000   0.98479218920911
    -177.00000000000   0.98447999348273
    -176.00000000000   0.98417161944943
    -175.00000000000   0.98386694175853
    -174.00000000000   0.98356584487500
    -173.00000000000   0.98326822200541
    -172.00000000000   0.98297397417466
    -171.00000000000   0.98268300942761
    -170.00000000000   0.98239524213508
    -169.00000000000   0.98211059238762
    -168.00000000000   0.98182898546363
    -167.00000000000   0.98155035136066
    -166.00000000000   0.98127462438085
    -165.00000000000   0.98100174276292
    -164.00000000000   0.98073164835433
    -163.00000000000   0.98046428631837
    -162.00000000000   0.98019960487161
    -161.00000000000   0.97993755504789
    -160.00000000000   0.97967809048562
    -159.00000000000   0.97942116723568
    -158.00000000000   0.97916674358729
    -157.00000000000   0.97891477991010
    -156.00000000000   0.97866523851038
    -155.00000000000   0.97841808350003
    -154.00000000000   0.97817328067685
    -153.00000000000   0.97793079741501
    -152.00000000000   0.97769060256461
    -151.00000000000   0.97745266635941
    -150.00000000000   0.97721696033198
    -149.00000000000   0.97698345723548
    -148.00000000000   0.97675213097150
    -147.00000000000   0.97652295652337
    -146.00000000000   0.97629590989436
    -145.00000000000   0.97607096805053
    -144.00000000000   0.97584810886760
    -143.00000000000   0.97562731108159
    -142.00000000000   0.97540855424291
    -141.00000000000   0.97519181867361
    -140.00000000000   0.97497708542751
    -139.00000000000   0.97476433625293
    -138.00000000000   0.97455355355792
    -137.00000000000   0.97434472037772
    -136.00000000000   0.97413782034422
    -135.00000000000   0.97393283765747
    -134.00000000000   0.97372975705875
    -133.00000000000   0.97352856380549
    -132.00000000000   0.97332924364755
    -131.00000000000   0.97313178280492
    -130.00000000000   0.97293616794683
    -129.00000000000   0.97274238617191
    -128.00000000000   0.97255042498957
    -127.00000000000   0.97236027230244
    -126.00000000000   0.97217191638973
    -125.00000000000   0.97198534589151
    -124.00000000000   0.97180054979389
    -123.00000000000   0.97161751741491
    -122.00000000000   0.97143623839128
    -121.00000000000   0.97125670266568
    -120.00000000000   0.97107890047484
    -119.00000000000   0.97090282233818
    -118.00000000000   0.97072845904696
    -117.00000000000   0.97055580165409
    -116.00000000000   0.97038484146435
    -115.00000000000   0.97021557002513
    -114.00000000000   0.97004797911757
    -113.00000000000   0.96988206074823
    -112.00000000000   0.96971780714097
    -111.00000000000   0.96955521072945
    -110.00000000000   0.96939426414971
    -109.00000000000   0.96923496023335
    -108.00000000000   0.96907729200081
    -107.00000000000   0.96892125265507
    -106.00000000000   0.96876683557558
   -105.000000000000   0.96861403431252
   -104.000000000000   0.96846284258118
   -103.000000000000   0.96831325425676
   -102.000000000000   0.96816526336923
   -101.000000000000   0.96801886409853
   -100.000000000000   0.96787405076986
    -99.000000000000   0.96773081784928
    -98.000000000000   0.96758915993943
    -97.000000000000   0.96744907177540
    -96.000000000000   0.96731054822082
    -95.000000000000   0.96717358426411
    -94.000000000000   0.96703817501481
    -93.000000000000   0.96690431570017
    -92.000000000000   0.96677200166174
    -91.000000000000   0.96664122835219
    -90.000000000000   0.96651199133225
    -89.000000000000   0.96638428626769
    -88.000000000000   0.96625810892650
    -87.000000000000   0.96613345517616
    -86.000000000000   0.96601032098094
    -85.000000000000   0.96588870239940
    -84.000000000000   0.96576859558194
    -83.000000000000   0.96564999676843
    -82.000000000000   0.96553290228592
    -81.000000000000   0.96541730854648
    -80.000000000000   0.96530321204509
    -79.000000000000   0.96519060935755
    -78.000000000000   0.96507949713859
    -77.000000000000   0.96496987211993
    -76.000000000000   0.96486173110848
    -75.000000000000   0.96475507098454
    -74.000000000000   0.96464988870016
    -73.000000000000   0.96454618127743
    -72.000000000000   0.96444394580695
    -71.000000000000   0.96434317944626
    -70.000000000000   0.96424387941840
    -69.000000000000   0.96414604301045
    -68.000000000000   0.96404966757218
    -67.000000000000   0.96395475051467
    -66.000000000000   0.96386128930909
    -65.000000000000   0.96376928148540
    -64.000000000000   0.96367872463118
    -63.000000000000   0.96358961639045
    -62.000000000000   0.96350195446255
    -61.000000000000   0.96341573660108
    -60.000000000000   0.96333096061279
    -59.000000000000   0.96324762435663
    -58.000000000000   0.96316572574274
    -57.000000000000   0.96308526273150
    -56.000000000000   0.96300623333260
    -55.000000000000   0.96292863560417
    -54.000000000000   0.96285246765194
    -53.000000000000   0.96277772762836
    -52.000000000000   0.96270441373185
    -51.000000000000   0.96263252420597
    -50.000000000000   0.96256205733872
    -49.000000000000   0.96249301146181
    -48.000000000000   0.96242538494989
    -47.000000000000   0.96235917621998
    -46.000000000000   0.96229438373072
    -45.000000000000   0.96223100598180
    -44.000000000000   0.96216904151331
    -43.000000000000   0.96210848890516
    -42.000000000000   0.96204934677651
    -41.000000000000   0.96199161378524
    -40.000000000000   0.96193528862738
    -39.000000000000   0.96188037003659
    -38.000000000000   0.96182685678374
    -37.000000000000   0.96177474767633
    -36.000000000000   0.96172404155809
    -35.000000000000   0.96167473730853
    -34.000000000000   0.96162683384249
    -33.000000000000   0.96158033010976
    -32.000000000000   0.96153522509464
    -31.000000000000   0.96149151781559
    -30.000000000000   0.96144920732485
    -29.000000000000   0.96140829270809
    -28.000000000000   0.96136877308408
    -27.000000000000   0.96133064760433
    -26.000000000000   0.96129391545282
    -25.000000000000   0.96125857584570
    -24.000000000000   0.96122462803095
    -23.000000000000   0.96119207128818
    -22.000000000000   0.96116090492832
    -21.000000000000   0.96113112829340
    -20.000000000000   0.96110274075627
    -19.000000000000   0.96107574172045
    -18.000000000000   0.96105013061984
    -17.000000000000   0.96102590691857
    -16.000000000000   0.96100307011078
    -15.000000000000   0.96098161972048
    -14.000000000000   0.96096155530131
    -13.000000000000   0.96094287643649
    -12.000000000000   0.96092558273855
    -11.000000000000   0.96090967384931
   -10.0000000000000   0.96089514943968
    -9.0000000000000   0.96088200920956
    -8.0000000000000   0.96087025288775
    -7.0000000000000   0.96085988023185
    -6.0000000000000   0.96085089102818
    -5.0000000000000   0.96084328509170
    -4.0000000000000   0.96083706226593
    -3.0000000000000   0.96083222242294
    -2.0000000000000   0.96082876546324
    -1.0000000000000   0.96082669131583
   0.   0.96082599993809
     1.0000000000000   0.96082669131583
     2.0000000000000   0.96082876546324
     3.0000000000000   0.96083222242294
     4.0000000000000   0.96083706226593
     5.0000000000000   0.96084328509170
     6.0000000000000   0.96085089102818
     7.0000000000000   0.96085988023185
     8.0000000000000   0.96087025288775
     9.0000000000000   0.96088200920956
    10.0000000000000   0.96089514943968
     11.000000000000   0.96090967384932
     12.000000000000   0.96092558273855
     13.000000000000   0.96094287643649
     14.000000000000   0.96096155530131
     15.000000000000   0.96098161972048
     16.000000000000   0.96100307011078
     17.000000000000   0.96102590691857
     18.000000000000   0.96105013061984
     19.000000000000   0.96107574172045
     20.000000000000   0.96110274075627
     21.000000000000   0.96113112829340
     22.000000000000   0.96116090492832
     23.000000000000   0.96119207128818
     24.000000000000   0.96122462803095
     25.000000000000   0.96125857584569
     26.000000000000   0.96129391545282
     27.000000000000   0.96133064760433
     28.000000000000   0.96136877308408
     29.000000000000   0.96140829270809
     30.000000000000   0.96144920732485
     31.000000000000   0.96149151781559
     32.000000000000   0.96153522509464
     33.000000000000   0.96158033010976
     34.000000000000   0.96162683384249
     35.000000000000   0.96167473730853
     36.000000000000   0.96172404155809
     37.000000000000   0.96177474767633
     38.000000000000   0.96182685678374
     39.000000000000   0.96188037003659
     40.000000000000   0.96193528862738
     41.000000000000   0.96199161378524
     42.000000000000   0.96204934677651
     43.000000000000   0.96210848890516
     44.000000000000   0.96216904151331
     45.000000000000   0.96223100598180
     46.000000000000   0.96229438373072
     47.000000000000   0.96235917621998
     48.000000000000   0.96242538494989
     49.000000000000   0.96249301146181
     50.000000000000   0.96256205733872
     51.000000000000   0.96263252420597
     52.000000000000   0.96270441373184
     53.000000000000   0.96277772762836
     54.000000000000   0.96285246765194
     55.000000000000   0.96292863560417
     56.000000000000   0.96300623333260
     57.000000000000   0.96308526273150
     58.000000000000   0.96316572574274
     59.000000000000   0.96324762435663
     60.000000000000   0.96333096061279
     61.000000000000   0.96341573660107
     62.000000000000   0.96350195446255
     63.000000000000   0.96358961639045
     64.000000000000   0.96367872463118
     65.000000000000   0.96376928148540
     66.000000000000   0.96386128930909
     67.000000000000   0.96395475051467
     68.000000000000   0.96404966757218
     69.000000000000   0.96414604301045
     70.000000000000   0.96424387941840
     71.000000000000   0.96434317944626
     72.000000000000   0.96444394580695
     73.000000000000   0.96454618127743
     74.000000000000   0.96464988870016
     75.000000000000   0.96475507098454
     76.000000000000   0.96486173110848
     77.000000000000   0.96496987211993
     78.000000000000   0.96507949713859
     79.000000000000   0.96519060935755
     80.000000000000   0.96530321204508
     81.000000000000   0.96541730854648
     82.000000000000   0.96553290228592
     83.000000000000   0.96564999676843
     84.000000000000   0.96576859558194
     85.000000000000   0.96588870239940
     86.000000000000   0.96601032098094
     87.000000000000   0.96613345517616
     88.000000000000   0.96625810892650
     89.000000000000   0.96638428626769
     90.000000000000   0.96651199133225
     91.000000000000   0.96664122835219
     92.000000000000   0.96677200166174
     93.000000000000   0.96690431570017
     94.000000000000   0.96703817501481
     95.000000000000   0.96717358426411
     96.000000000000   0.96731054822082
     97.000000000000   0.96744907177540
     98.000000000000   0.96758915993943
     99.000000000000   0.96773081784928
    100.000000000000   0.96787405076986
    101.000000000000   0.96801886409853
    102.000000000000   0.96816526336923
    103.000000000000   0.96831325425676
    104.000000000000   0.96846284258118
    105.000000000000   0.96861403431252
     106.00000000000   0.96876683557558
     107.00000000000   0.96892125265507
     108.00000000000   0.96907729200081
     109.00000000000   0.96923496023335
     110.00000000000   0.96939426414971
     111.00000000000   0.96955521072945
     112.00000000000   0.96971780714097
     113.00000000000   0.96988206074823
     114.00000000000   0.97004797911757
     115.00000000000   0.97021557002513
     116.00000000000   0.97038484146435
     117.00000000000   0.97055580165409
     118.00000000000   0.97072845904696
     119.00000000000   0.97090282233818
     120.00000000000   0.97107890047484
     121.00000000000   0.97125670266568
     122.00000000000   0.97143623839128
     123.00000000000   0.97161751741491
     124.00000000000   0.97180054979389
     125.00000000000   0.97198534589151
     126.00000000000   0.97217191638973
     127.00000000000   0.97236027230244
     128.00000000000   0.97255042498957
     129.00000000000   0.97274238617191
     130.00000000000   0.97293616794683
     131.00000000000   0.97313178280492
     132.00000000000   0.97332924364755
     133.00000000000   0.97352856380549
     134.00000000000   0.97372975705875
     135.00000000000   0.97393283765747
     136.00000000000   0.97413782034422
     137.00000000000   0.97434472037772
     138.00000000000   0.97455355355792
     139.00000000000   0.97476433625293
     140.00000000000   0.97497708542751
     141.00000000000   0.97519181867361
     142.00000000000   0.97540855424291
     143.00000000000   0.97562731108159
     144.00000000000   0.97584810886760
     145.00000000000   0.97607096805053
     146.00000000000   0.97629590989436
     147.00000000000   0.97652295652337
     148.00000000000   0.97675213097150
     149.00000000000   0.97698345723548
     150.00000000000   0.97721696033198
     151.00000000000   0.97745266635941
     152.00000000000   0.97769060256461
     153.00000000000   0.97793079741501
     154.00000000000   0.97817328067685
     155.00000000000   0.97841808350003
     156.00000000000   0.97866523851038
     157.00000000000   0.97891477991010
     158.00000000000   0.97916674358729
     159.00000000000   0.97942116723568
     160.00000000000   0.97967809048562
     161.00000000000   0.97993755504789
     162.00000000000   0.98019960487161
     163.00000000000   0.98046428631837
     164.00000000000   0.98073164835433
     165.00000000000   0.98100174276292
     166.00000000000   0.98127462438085
     167.00000000000   0.98155035136066
     168.00000000000   0.98182898546363
     169.00000000000   0.98211059238762
     170.00000000000   0.98239524213508
     171.00000000000   0.98268300942761
     172.00000000000   0.98297397417466
     173.00000000000   0.98326822200541
     174.00000000000   0.98356584487500
     175.00000000000   0.98386694175853
     176.00000000000   0.98417161944943
     177.00000000000   0.98447999348273
     178.00000000000   0.98479218920911
     179.00000000000   0.98510834305227
     180.00000000000   0.98542860399159
     181.00000000000   0.98575313532451
     182.00000000000   0.98608211678109
     183.00000000000   0.98641574708832
     184.00000000000   0.98675424711909
     185.00000000000   0.98709786381623
     186.00000000000   0.98744687516347
     187.00000000000   0.98780159659452
     188.00000000000   0.98816238939495
     189.00000000000   0.98852967185240
     190.00000000000   0.98890393410650
     191.00000000000   0.98928575771899
     192.00000000000   0.98967584068547
     193.00000000000   0.99007502753786
     194.00000000000   0.99048434179718
     195.00000000000   0.99090501379784
     196.00000000000   0.99133849063535
     197.00000000000   0.99178640739141
     198.00000000000   0.99225049199786
     199.00000000000   0.99273237391170
     200.00000000000   0.99323327405980
     201.00000000000   0.99375357447540
     202.00000000000   0.99429230148267
     203.00000000000   0.99484660081714
     204.00000000000   0.99541132409073
     205.00000000000   0.99597886594441
     206.00000000000   0.99653937362723
     207.00000000000   0.99708138849381
     208.00000000000   0.99759288088523
     209.00000000000   0.99806253168891
     210.00000000000   0.99848103081376
     211.00000000000   0.99884213642505
     212.00000000000   0.99914328312853
     213.00000000000   0.99938563152852
     214.00000000000   0.99957358313515
     215.00000000000   0.99971390190756
     216.00000000000   0.99981465261703
     217.00000000000   0.99988417218698
     218.00000000000   0.99993024137750
     219.00000000000   0.99995954497640
     220.00000000000   0.99997742784468
     221.00000000000   0.99998789403038
     222.00000000000   0.99999376661087
     223.00000000000   0.99999692476873
     224.00000000000   0.99999855217264
     225.00000000000   0.99999935555150
     226.00000000000   0.99999973541536
     227.00000000000   0.99999990742287
     228.00000000000   0.99999998200189
     229.00000000000    1.0000000129605
     230.00000000000    1.0000000252630
     231.00000000000    1.0000000299426
     232.00000000000    1.0000000316462
     233.00000000000    1.0000000322398
     234.00000000000    1.0000000324378
     235.00000000000    1.0000000325009
     236.00000000000    1.0000000325202
     237.00000000000    1.0000000325259
     238.00000000000    1.0000000325274
     239.00000000000    1.0000000325278
     240.00000000000    1.0000000325280
     241.00000000000    1.0000000325280
     242.00000000000    1.0000000325280
     243.00000000000    1.0000000325280
     244.00000000000    1.0000000325280
     245.00000000000    1.0000000325280
     246.00000000000    1.0000000325280
     247.00000000000    1.0000000325280
     248.00000000000    1.0000000325280
     249.00000000000    1.0000000325280
     250.00000000000    1.0000000325280
     251.00000000000    1.0000000325280
     252.00000000000    1.0000000325280
     253.00000000000    1.0000000325280
     254.00000000000    1.0000000325280
     255.00000000000    1.0000000325280
     256.00000000000    1.0000000325280
     257.00000000000    1.0000000325280
     258.00000000000    1.0000000325280
     259.00000000000    1.0000000325280
     260.00000000000    1.0000000325280
     261.00000000000    1.0000000325280
     262.00000000000    1.0000000325280
     263.00000000000    1.0000000325280
     264.00000000000    1.0000000325280
     265.00000000000    1.0000000325280
     266.00000000000    1.0000000325280
     267.00000000000    1.0000000325280
     268.00000000000    1.0000000325280
     269.00000000000    1.0000000325280
     270.00000000000    1.0000000325280
     271.00000000000    1.0000000325280
     272.00000000000    1.0000000325280
     273.00000000000    1.0000000325280
     274.00000000000    1.0000000325280
     275.00000000000    1.0000000325280
     276.00000000000    1.0000000325280
     277.00000000000    1.0000000325280
     278.00000000000    1.0000000325280
     279.00000000000    1.0000000325280
     280.00000000000    1.0000000325280
     281.00000000000    1.0000000325280
     282.00000000000    1.0000000325280
     283.00000000000    1.0000000325280
     284.00000000000    1.0000000325280
     285.00000000000    1.0000000325280
     286.00000000000    1.0000000325280
     287.00000000000    1.0000000325280
     288.00000000000    1.0000000325280
     289.00000000000    1.0000000325280
     290.00000000000    1.0000000325280
     291.00000000000    1.0000000325280
     292.00000000000    1.0000000325280
     293.00000000000    1.0000000325280
     294.00000000000    1.0000000325280
     295.00000000000    1.0000000325280
     296.00000000000    1.0000000325280
     297.00000000000    1.0000000325280
     298.00000000000    1.0000000325280
     299.00000000000    1.0000000325280
     300.00000000000    1.0000000325280
     301.00000000000    1.0000000325280
     302.00000000000    1.0000000325280
     303.00000000000    1.0000000325280
     304.00000000000    1.0000000325280
     305.00000000000    1.0000000325280
     306.00000000000    1.0000000325280
     307.00000000000    1.0000000325280
     308.00000000000    1.0000000325280
     309.00000000000    1.0000000325280
     310.00000000000    1.0000000325280
     311.00000000000    1.0000000325280
     312.00000000000    1.0000000325280
     313.00000000000    1.0000000325280
     314.00000000000    1.0000000325280
     315.00000000000    1.0000000325280
     316.00000000000    1.0000000325280
     317.00000000000    1.0000000325280
     318.00000000000    1.0000000325280
     319.00000000000    1.0000000325280
     320.00000000000    1.0000000325280
     321.00000000000    1.0000000325280
     322.00000000000    1.0000000325280
     323.00000000000    1.0000000325280
     324.00000000000    1.0000000325280
     325.00000000000    1.0000000325280
     326.00000000000    1.0000000325280
     327.00000000000    1.0000000325280
     328.00000000000    1.0000000325280
     329.00000000000    1.0000000325280
     330.00000000000    1.0000000325280
     331.00000000000    1.0000000325280
     332.00000000000    1.0000000325280
     333.00000000000    1.0000000325280
     334.00000000000    1.0000000325280
     335.00000000000    1.0000000325280
     336.00000000000    1.0000000325280
     337.00000000000    1.0000000325280
     338.00000000000    1.0000000325280
     339.00000000000    1.0000000325280
     340.00000000000    1.0000000325280
     341.00000000000    1.0000000325280
     342.00000000000    1.0000000325280
     343.00000000000    1.0000000325280
     344.00000000000    1.0000000325280
     345.00000000000    1.0000000325280
     346.00000000000    1.0000000325280
     347.00000000000    1.0000000325280
     348.00000000000    1.0000000325280
     349.00000000000    1.0000000325280
     350.00000000000    1.0000000325280
     351.00000000000    1.0000000325280
     352.00000000000    1.0000000325280
     353.00000000000    1.0000000325280
     354.00000000000    1.0000000325280
     355.00000000000    1.0000000325280
     356.00000000000    1.0000000325280
     357.00000000000    1.0000000325280
     358.00000000000    1.0000000325280
     359.00000000000    1.0000000325280
     360.00000000000    1.0000000325280
     361.00000000000    1.0000000325280
     362.00000000000    1.0000000325280
     363.00000000000    1.0000000325280
     364.00000000000    1.0000000325280
     365.00000000000    1.0000000325280
     366.00000000000    1.0000000325280
     367.00000000000    1.0000000325280
     368.00000000000    1.0000000325280
     369.00000000000    1.0000000325280
     370.00000000000    1.0000000325280
     371.00000000000    1.0000000325280
     372.00000000000    1.0000000325280
     373.00000000000    1.0000000325280
     374.00000000000    1.0000000325280
     375.00000000000    1.0000000325280
     376.00000000000    1.0000000325280
     377.00000000000    1.0000000325280
     378.00000000000    1.0000000325280
     379.00000000000    1.0000000325280
     380.00000000000    1.0000000325280
     381.00000000000    1.0000000325280
     382.00000000000    1.0000000325280
     383.00000000000    1.0000000325280
     384.00000000000    1.0000000325280
     385.00000000000    1.0000000325280
     386.00000000000    1.0000000325280
     387.00000000000    1.0000000325280
     388.00000000000    1.0000000325280
     389.00000000000    1.0000000325280
     390.00000000000    1.0000000325280
     391.00000000000    1.0000000325280
     392.00000000000    1.0000000325280
     393.00000000000    1.0000000325280
     394.00000000000    1.0000000325280
     395.00000000000    1.0000000325280
     396.00000000000    1.0000000325280
     397.00000000000    1.0000000325280
     398.00000000000    1.0000000325280
     399.00000000000    1.0000000325280
     400.00000000000    1.0000000325280
     401.00000000000    1.0000000325280
     402.00000000000    1.0000000325280
     403.00000000000    1.0000000325280
     404.00000000000    1.0000000325280
     405.00000000000    1.0000000325280
     406.00000000000    1.0000000325280
     407.00000000000    1.0000000325280
     408.00000000000    1.0000000325280
     409.00000000000    1.0000000325280
     410.00000000000    1.0000000325280
     411.00000000000    1.0000000325280
     412.00000000000    1.0000000325280
     413.00000000000    1.0000000325280
     414.00000000000    1.0000000325280
     415.00000000000    1.0000000325280
     416.00000000000    1.0000000325280
     417.00000000000    1.0000000325280
     418.00000000000    1.0000000325280
     419.00000000000    1.0000000325280
     420.00000000000    1.0000000325280
     421.00000000000    1.0000000325280
     422.00000000000    1.0000000325280
     423.00000000000    1.0000000325280
     424.00000000000    1.0000000325280
     425.00000000000    1.0000000325280
     426.00000000000    1.0000000325280
     427.00000000000    1.0000000325280
     428.00000000000    1.0000000325280
     429.00000000000    1.0000000325280
     430.00000000000    1.0000000325280
     431.00000000000    1.0000000325280
     432.00000000000    1.0000000325280
     433.00000000000    1.0000000325280
     434.00000000000    1.0000000325280
     435.00000000000    1.0000000325280
     436.00000000000    1.0000000325280
     437.00000000000    1.0000000325280
     438.00000000000    1.0000000325280
     439.00000000000    1.0000000325280
     440.00000000000    1.0000000325280
     441.00000000000    1.0000000325280
     442.00000000000    1.0000000325280
     443.00000000000    1.0000000325280
     444.00000000000    1.0000000325280
     445.00000000000    1.0000000325280
     446.00000000000    1.0000000325280
     447.00000000000    1.0000000325280
     448.00000000000    1.0000000325280
     449.00000000000    1.0000000325280
     450.00000000000    1.0000000325280
     451.00000000000    1.0000000325280
     452.00000000000    1.0000000325280
     453.00000000000    1.0000000325280
     454.00000000000    1.0000000325280
     455.00000000000    1.0000000325280
     456.00000000000    1.0000000325280
     457.00000000000    1.0000000325280
     458.00000000000    1.0000000325280
     459.00000000000    1.0000000325280
     460.00000000000    1.0000000325280
     461.00000000000    1.0000000325280
     462.00000000000    1.0000000325280
     463.00000000000    1.0000000325280
     464.00000000000    1.0000000325280
     465.00000000000    1.0000000325280
     466.00000000000    1.0000000325280
     467.00000000000    1.0000000325280
     468.00000000000    1.0000000325280
     469.00000000000    1.0000000325280
     470.00000000000    1.0000000325280
     471.00000000000    1.0000000325280
     472.00000000000    1.0000000325280
     473.00000000000    1.0000000325280
     474.00000000000    1.0000000325280
     475.00000000000    1.0000000325280
     476.00000000000    1.0000000325280
     477.00000000000    1.0000000325280
     478.00000000000    1.0000000325280
     479.00000000000    1.0000000325280
     480.00000000000    1.0000000325280
     481.00000000000    1.0000000325280
     482.00000000000    1.0000000325280
     483.00000000000    1.0000000325280
     484.00000000000    1.0000000325280
     485.00000000000    1.0000000325280
     486.00000000000    1.0000000325280
     487.00000000000    1.0000000325280
     488.00000000000    1.0000000325280
     489.00000000000    1.0000000325280
     490.00000000000    1.0000000325280
     491.00000000000    1.0000000325280
     492.00000000000    1.0000000325280
     493.00000000000    1.0000000325280
     494.00000000000    1.0000000325280
     495.00000000000    1.0000000325280
     496.00000000000    1.0000000325280
     497.00000000000    1.0000000325280
     498.00000000000    1.0000000325280
     499.00000000000    1.0000000325280
     500.00000000000    1.0000000325280
