    -500.00000000000    1.0000000325280
    -499.00000000000    1.0000000325280
    -498.00000000000    1.0000000325280
    -497.00000000000    1.0000000325280
    -496.00000000000    1.0000000325280
    -495.00000000000    1.0000000325280
    -494.00000000000    1.0000000325280
    -493.00000000000    1.0000000325280
    -492.00000000000    1.0000000325280
    -491.00000000000    1.0000000325280
    -490.00000000000    1.0000000325280
    -489.00000000000    1.0000000325280
    -488.00000000000    1.0000000325280
    -487.00000000000    1.0000000325280
    -486.00000000000    1.0000000325280
    -485.00000000000    1.0000000325280
    -484.00000000000    1.0000000325280
    -483.00000000000    1.0000000325280
    -482.00000000000    1.0000000325280
    -481.00000000000    1.0000000325280
    -480.00000000000    1.0000000325280
    -479.00000000000    1.0000000325280
    -478.00000000000    1.0000000325280
    -477.00000000000    1.0000000325280
    -476.00000000000    1.0000000325280
    -475.00000000000    1.0000000325280
    -474.00000000000    1.0000000325280
    -473.00000000000    1.0000000325280
    -472.00000000000    1.0000000325280
    -471.00000000000    1.0000000325280
    -470.00000000000    1.0000000325280
    -469.00000000000    1.0000000325280
    -468.00000000000    1.0000000325280
    -467.00000000000    1.0000000325280
    -466.00000000000    1.0000000325280
    -465.00000000000    1.0000000325280
    -464.00000000000    1.0000000325280
    -463.00000000000    1.0000000325280
    -462.00000000000    1.0000000325280
    -461.00000000000    1.0000000325280
    -460.00000000000    1.0000000325280
    -459.00000000000    1.0000000325280
    -458.00000000000    1.0000000325280
    -457.00000000000    1.0000000325280
    -456.00000000000    1.0000000325280
    -455.00000000000    1.0000000325280
    -454.00000000000    1.0000000325280
    -453.00000000000    1.0000000325280
    -452.00000000000    1.0000000325280
    -451.00000000000    1.0000000325280
    -450.00000000000    1.0000000325280
    -449.00000000000    1.0000000325280
    -448.00000000000    1.0000000325280
    -447.00000000000    1.0000000325280
    -446.00000000000    1.0000000325280
    -445.00000000000    1.0000000325280
    -444.00000000000    1.0000000325280
    -443.00000000000    1.0000000325280
    -442.00000000000    1.0000000325280
    -441.00000000000    1.0000000325280
    -440.00000000000    1.0000000325280
    -439.00000000000    1.0000000325280
    -438.00000000000    1.0000000325280
    -437.00000000000    1.0000000325280
    -436.00000000000    1.0000000325280
    -435.00000000000    1.0000000325280
    -434.00000000000    1.0000000325280
    -433.00000000000    1.0000000325280
    -432.00000000000    1.0000000325280
    -431.00000000000    1.0000000325280
    -430.00000000000    1.0000000325280
    -429.00000000000    1.0000000325280
    -428.00000000000    1.0000000325280
    -427.00000000000    1.0000000325280
    -426.00000000000    1.0000000325280
    -425.00000000000    1.0000000325280
    -424.00000000000    1.0000000325280
    -423.00000000000    1.0000000325280
    -422.00000000000    1.0000000325280
    -421.00000000000    1.0000000325280
    -420.00000000000    1.0000000325280
    -419.00000000000    1.0000000325280
    -418.00000000000    1.0000000325280
    -417.00000000000    1.0000000325280
    -416.00000000000    1.0000000325280
    -415.00000000000    1.0000000325280
    -414.00000000000    1.0000000325280
    -413.00000000000    1.0000000325280
    -412.00000000000    1.0000000325280
    -411.00000000000    1.0000000325280
    -410.00000000000    1.0000000325280
    -409.00000000000    1.0000000325280
    -408.00000000000    1.0000000325280
    -407.00000000000    1.0000000325280
    -406.00000000000    1.0000000325280
    -405.00000000000    1.0000000325280
    -404.00000000000    1.0000000325280
    -403.00000000000    1.0000000325280
    -402.00000000000    1.0000000325280
    -401.00000000000    1.0000000325280
    -400.00000000000    1.0000000325280
    -399.00000000000    1.0000000325280
    -398.00000000000    1.0000000325280
    -397.00000000000    1.0000000325280
    -396.00000000000    1.0000000325280
    -395.00000000000    1.0000000325280
    -394.00000000000    1.0000000325280
    -393.00000000000    1.0000000325280
    -392.00000000000    1.0000000325280
    -391.00000000000    1.0000000325280
    -390.00000000000    1.0000000325280
    -389.00000000000    1.0000000325280
    -388.00000000000    1.0000000325280
    -387.00000000000    1.0000000325280
    -386.00000000000    1.0000000325280
    -385.00000000000    1.0000000325280
    -384.00000000000    1.0000000325280
    -383.00000000000    1.0000000325280
    -382.00000000000    1.0000000325280
    -381.00000000000    1.0000000325280
    -380.00000000000    1.0000000325280
    -379.00000000000    1.0000000325280
    -378.00000000000    1.0000000325280
    -377.00000000000    1.0000000325280
    -376.00000000000    1.0000000325280
    -375.00000000000    1.0000000325280
    -374.00000000000    1.0000000325280
    -373.00000000000    1.0000000325280
    -372.00000000000    1.0000000325280
    -371.00000000000    1.0000000325280
    -370.00000000000    1.0000000325280
    -369.00000000000    1.0000000325280
    -368.00000000000    1.0000000325280
    -367.00000000000    1.0000000325280
    -366.00000000000    1.0000000325280
    -365.00000000000    1.0000000325280
    -364.00000000000    1.0000000325280
    -363.00000000000    1.0000000325280
    -362.00000000000    1.0000000325280
    -361.00000000000    1.0000000325280
    -360.00000000000    1.0000000325280
    -359.00000000000    1.0000000325280
    -358.00000000000    1.0000000325280
    -357.00000000000    1.0000000325280
    -356.00000000000    1.0000000325280
    -355.00000000000    1.0000000325280
    -354.00000000000    1.0000000325280
    -353.00000000000    1.0000000325280
    -352.00000000000    1.0000000325280
    -351.00000000000    1.0000000325280
    -350.00000000000    1.0000000325280
    -349.00000000000    1.0000000325280
    -348.00000000000    1.0000000325280
    -347.00000000000    1.0000000325280
    -346.00000000000    1.0000000325280
    -345.00000000000    1.0000000325280
    -344.00000000000    1.0000000325280
    -343.00000000000    1.0000000325280
    -342.00000000000    1.0000000325280
    -341.00000000000    1.0000000325280
    -340.00000000000    1.0000000325280
    -339.00000000000    1.0000000325280
    -338.00000000000    1.0000000325280
    -337.00000000000    1.0000000325280
    -336.00000000000    1.0000000325280
    -335.00000000000    1.0000000325280
    -334.00000000000    1.0000000325280
    -333.00000000000    1.0000000325280
    -332.00000000000    1.0000000325280
    -331.00000000000    1.0000000325280
    -330.00000000000    1.0000000325280
    -329.00000000000    1.0000000325280
    -328.00000000000    1.0000000325280
    -327.00000000000    1.0000000325280
    -326.00000000000    1.0000000325280
    -325.00000000000    1.0000000325280
    -324.00000000000    1.0000000325280
    -323.00000000000    1.0000000325280
    -322.00000000000    1.0000000325280
    -321.00000000000    1.0000000325280
    -320.00000000000    1.0000000325280
    -319.00000000000    1.0000000325280
    -318.00000000000    1.0000000325280
    -317.00000000000    1.0000000325280
    -316.00000000000    1.0000000325280
    -315.00000000000    1.0000000325280
    -314.00000000000    1.0000000325280
    -313.00000000000    1.0000000325280
    -312.00000000000    1.0000000325280
    -311.00000000000    1.0000000325280
    -310.00000000000    1.0000000325280
    -309.00000000000    1.0000000325280
    -308.00000000000    1.0000000325280
    -307.00000000000    1.0000000325280
    -306.00000000000    1.0000000325280
    -305.00000000000    1.0000000325280
    -304.00000000000    1.0000000325280
    -303.00000000000    1.0000000325280
    -302.00000000000    1.0000000325280
    -301.00000000000    1.0000000325280
    -300.00000000000    1.0000000325280
    -299.00000000000    1.0000000325280
    -298.00000000000    1.0000000325280
    -297.00000000000    1.0000000325280
    -296.00000000000    1.0000000325280
    -295.00000000000    1.0000000325280
    -294.00000000000    1.0000000325280
    -293.00000000000    1.0000000325280
    -292.00000000000    1.0000000325280
    -291.00000000000    1.0000000325280
    -290.00000000000    1.0000000325280
    -289.00000000000    1.0000000325280
    -288.00000000000    1.0000000325280
    -287.00000000000    1.0000000325280
    -286.00000000000    1.0000000325280
    -285.00000000000    1.0000000325280
    -284.00000000000    1.0000000325280
    -283.00000000000    1.0000000325280
    -282.00000000000    1.0000000325280
    -281.00000000000    1.0000000325280
    -280.00000000000    1.0000000325280
    -279.00000000000    1.0000000325280
    -278.00000000000    1.0000000325280
    -277.00000000000    1.0000000325280
    -276.00000000000    1.0000000325280
    -275.00000000000    1.0000000325280
    -274.00000000000    1.0000000325280
    -273.00000000000    1.0000000325280
    -272.00000000000    1.0000000325280
    -271.00000000000    1.0000000325280
    -270.00000000000    1.0000000325280
    -269.00000000000    1.0000000325280
    -268.00000000000    1.0000000325280
    -267.00000000000    1.0000000325280
    -266.00000000000    1.0000000325280
    -265.00000000000    1.0000000325280
    -264.00000000000    1.0000000325280
    -263.00000000000    1.0000000325280
    -262.00000000000    1.0000000325280
    -261.00000000000    1.0000000325280
    -260.00000000000    1.0000000325280
    -259.00000000000    1.0000000325280
    -258.00000000000    1.0000000325280
    -257.00000000000    1.0000000325280
    -256.00000000000    1.0000000325280
    -255.00000000000    1.0000000325280
    -254.00000000000    1.0000000325280
    -253.00000000000    1.0000000325280
    -252.00000000000    1.0000000325280
    -251.00000000000    1.0000000325280
    -250.00000000000    1.0000000325280
    -249.00000000000    1.0000000325280
    -248.00000000000    1.0000000325280
    -247.00000000000    1.0000000325280
    -246.00000000000    1.0000000325280
    -245.00000000000    1.0000000325280
    -244.00000000000    1.0000000325280
    -243.00000000000    1.0000000325280
    -242.00000000000    1.0000000325280
    -241.00000000000    1.0000000325280
    -240.00000000000    1.0000000325280
    -239.00000000000    1.0000000325280
    -238.00000000000    1.0000000325280
    -237.00000000000    1.0000000325280
    -236.00000000000    1.0000000325280
    -235.00000000000    1.0000000325280
    -234.00000000000    1.0000000325280
    -233.00000000000    1.0000000325280
    -232.00000000000    1.0000000325280
    -231.00000000000    1.0000000325280
    -230.00000000000    1.0000000325280
    -229.00000000000    1.0000000325280
    -228.00000000000    1.0000000325280
    -227.00000000000    1.0000000325280
    -226.00000000000    1.0000000325280
    -225.00000000000    1.0000000325280
    -224.00000000000    1.0000000325280
    -223.00000000000    1.0000000325280
    -222.00000000000    1.0000000325280
    -221.00000000000    1.0000000325280
    -220.00000000000    1.0000000325280
    -219.00000000000    1.0000000325280
    -218.00000000000    1.0000000325280
    -217.00000000000    1.0000000325280
    -216.00000000000    1.0000000325280
    -215.00000000000    1.0000000325280
    -214.00000000000    1.0000000325280
    -213.00000000000    1.0000000325280
    -212.00000000000    1.0000000325280
    -211.00000000000    1.0000000325280
    -210.00000000000    1.0000000325280
    -209.00000000000    1.0000000325280
    -208.00000000000    1.0000000325280
    -207.00000000000    1.0000000325280
    -206.00000000000    1.0000000325280
    -205.00000000000    1.0000000325280
    -204.00000000000    1.0000000325280
    -203.00000000000    1.0000000325280
    -202.00000000000    1.0000000325280
    -201.00000000000    1.0000000325280
    -200.00000000000    1.0000000325280
    -199.00000000000    1.0000000325280
    -198.00000000000    1.0000000325280
    -197.00000000000    1.0000000325280
    -196.00000000000    1.0000000325280
    -195.00000000000    1.0000000325280
    -194.00000000000    1.0000000325280
    -193.00000000000    1.0000000325280
    -192.00000000000    1.0000000325280
    -191.00000000000    1.0000000325280
    -190.00000000000    1.0000000325280
    -189.00000000000    1.0000000325280
    -188.00000000000    1.0000000325280
    -187.00000000000    1.0000000325280
    -186.00000000000    1.0000000325280
    -185.00000000000    1.0000000325280
    -184.00000000000    1.0000000325280
    -183.00000000000    1.0000000325280
    -182.00000000000    1.0000000325280
    -181.00000000000    1.0000000325280
    -180.00000000000    1.0000000325280
    -179.00000000000    1.0000000325280
    -178.00000000000    1.0000000325280
    -177.00000000000    1.0000000325280
    -176.00000000000    1.0000000325280
    -175.00000000000    1.0000000325280
    -174.00000000000    1.0000000325280
    -173.00000000000    1.0000000325280
    -172.00000000000    1.0000000325280
    -171.00000000000    1.0000000325280
    -170.00000000000    1.0000000325280
    -169.00000000000    1.0000000325280
    -168.00000000000    1.0000000325280
    -167.00000000000    1.0000000325280
    -166.00000000000    1.0000000325280
    -165.00000000000    1.0000000325280
    -164.00000000000    1.0000000325280
    -163.00000000000    1.0000000325280
    -162.00000000000    1.0000000325280
    -161.00000000000    1.0000000325279
    -160.00000000000    1.0000000325277
    -159.00000000000    1.0000000325268
    -158.00000000000    1.0000000325235
    -157.00000000000    1.0000000325117
    -156.00000000000    1.0000000324714
    -155.00000000000    1.0000000323391
    -154.00000000000    1.0000000319245
    -153.00000000000    1.0000000306803
    -152.00000000000    1.0000000271080
    -151.00000000000    1.0000000172911
    -150.00000000000   0.99999999146960
    -149.00000000000   0.99999992645639
    -148.00000000000   0.99999976975186
    -147.00000000000   0.99999940811681
    -146.00000000000   0.99999860897413
    -145.00000000000   0.99999691772953
    -144.00000000000   0.99999348934862
    -143.00000000000   0.99998683117663
    -142.00000000000   0.99997444037568
    -141.00000000000   0.99995233835179
    -140.00000000000   0.99991453933932
    -139.00000000000   0.99985253913235
    -138.00000000000   0.99975496291621
    -137.00000000000   0.99960754937204
    -136.00000000000   0.99939364741712
    -135.00000000000   0.99909534131545
    -134.00000000000   0.99869519420590
    -133.00000000000   0.99817842948486
    -132.00000000000   0.99753520042929
    -131.00000000000   0.99676249174547
    -130.00000000000   0.99586520450325
    -129.00000000000   0.99485611679707
    -128.00000000000   0.99375465744343
    -127.00000000000   0.99258470812063
    -126.00000000000   0.99137187305573
    -125.00000000000   0.99014075493260
    -124.00000000000   0.98891272643617
    -123.00000000000   0.98770451651617
    -122.00000000000   0.98652770431879
    -121.00000000000   0.98538900591139
    -120.00000000000   0.98429110425951
    -119.00000000000   0.98323373144910
    -118.00000000000   0.98221475025431
    -117.00000000000   0.98123106603824
    -116.00000000000   0.98027929285183
    -115.00000000000   0.97935617261541
    -114.00000000000   0.97845879156498
    -113.00000000000   0.97758465483683
    -112.00000000000   0.97673167661313
    -111.00000000000   0.97589812974210
    -110.00000000000   0.97508258316761
    -109.00000000000   0.97428384244104
    -108.00000000000   0.97350089962903
    -107.00000000000   0.97273289379222
    -106.00000000000   0.97197908083005
   -105.000000000000   0.97123881075332
   -104.000000000000   0.97051151051548
   -103.000000000000   0.96979667089395
   -102.000000000000   0.96909383630366
   -101.000000000000   0.96840259675003
   -100.000000000000   0.96772258136757
    -99.000000000000   0.96705345315591
    -98.000000000000   0.96639490463758
    -97.000000000000   0.96574665423751
    -96.000000000000   0.96510844323633
    -95.000000000000   0.96448003318582
    -94.000000000000   0.96386120370052
    -93.000000000000   0.96325175055872
    -92.000000000000   0.96265148406002
    -91.000000000000   0.96206022759712
    -90.000000000000   0.96147781640805
    -89.000000000000   0.96090409648092
    -88.000000000000   0.96033892358876
    -87.000000000000   0.95978216243552
    -86.000000000000   0.95923368589783
    -85.000000000000   0.95869337434941
    -84.000000000000   0.95816111505728
    -83.000000000000   0.95763680164043
    -82.000000000000   0.95712033358321
    -81.000000000000   0.95661161579671
    -80.000000000000   0.95611055822238
    -79.000000000000   0.95561707547297
    -78.000000000000   0.95513108650654
    -77.000000000000   0.95465251432990
    -76.000000000000   0.95418128572814
    -75.000000000000   0.95371733101766
    -74.000000000000   0.95326058382000
    -73.000000000000   0.95281098085461
    -72.000000000000   0.95236846174840
    -71.000000000000   0.95193296886062
    -70.000000000000   0.95150444712142
    -69.000000000000   0.95108284388299
    -68.000000000000   0.95066810878184
    -67.000000000000   0.95026019361152
    -66.000000000000   0.94985905220453
    -65.000000000000   0.94946464032287
    -64.000000000000   0.94907691555625
    -63.000000000000   0.94869583722756
    -62.000000000000   0.94832136630471
    -61.000000000000   0.94795346531853
    -60.000000000000   0.94759209828617
    -59.000000000000   0.94723723063950
    -58.000000000000   0.94688882915822
    -57.000000000000   0.94654686190722
    -56.000000000000   0.94621129817795
    -55.000000000000   0.94588210843338
    -54.000000000000   0.94555926425648
    -53.000000000000   0.94524273830173
    -52.000000000000   0.94493250424962
    -51.000000000000   0.94462853676381
    -50.000000000000   0.94433081145089
    -49.000000000000   0.94403930482246
    -48.000000000000   0.94375399425930
    -47.000000000000   0.94347485797781
    -46.000000000000   0.94320187499810
    -45.000000000000   0.94293502511408
    -44.000000000000   0.94267428886509
    -43.000000000000   0.94241964750916
    -42.000000000000   0.94217108299770
    -41.000000000000   0.94192857795162
    -40.000000000000   0.94169211563868
    -39.000000000000   0.94146167995208
    -38.000000000000   0.94123725539029
    -37.000000000000   0.94101882703776
    -36.000000000000   0.94080638054687
    -35.000000000000   0.94059990212070
    -34.000000000000   0.94039937849674
    -33.000000000000   0.94020479693150
    -32.000000000000   0.94001614518588
    -31.000000000000   0.93983341151135
    -30.000000000000   0.93965658463686
    -29.000000000000   0.93948565375642
    -28.000000000000   0.93932060851737
    -27.000000000000   0.93916143900927
    -26.000000000000   0.93900813575337
    -25.000000000000   0.93886068969268
    -24.000000000000   0.93871909218259
    -23.000000000000   0.93858333498195
    -22.000000000000   0.93845341024477
    -21.000000000000   0.93832931051226
    -20.000000000000   0.93821102870543
    -19.000000000000   0.93809855811808
    -18.000000000000   0.93799189241024
    -17.000000000000   0.93789102560201
    -16.000000000000   0.93779595206780
    -15.000000000000   0.93770666653093
    -14.000000000000   0.93762316405860
    -13.000000000000   0.93754544005729
    -12.000000000000   0.93747349026839
    -11.000000000000   0.93740731076423
   -10.0000000000000   0.93734689794448
    -9.0000000000000   0.93729224853275
    -8.0000000000000   0.93724335957365
    -7.0000000000000   0.93720022843003
    -6.0000000000000   0.93716285278060
    -5.0000000000000   0.93713123061779
    -4.0000000000000   0.93710536024596
    -3.0000000000000   0.93708524027984
    -2.0000000000000   0.93707086964332
    -1.0000000000000   0.93706224756840
   0.   0.93705937359458
     1.0000000000000   0.93706224756840
     2.0000000000000   0.93707086964332
     3.0000000000000   0.93708524027984
     4.0000000000000   0.93710536024596
     5.0000000000000   0.93713123061779
     6.0000000000000   0.93716285278060
     7.0000000000000   0.93720022843003
     8.0000000000000   0.93724335957365
     9.0000000000000   0.93729224853275
    10.0000000000000   0.93734689794448
     11.000000000000   0.93740731076423
     12.000000000000   0.93747349026839
     13.000000000000   0.93754544005729
     14.000000000000   0.93762316405860
     15.000000000000   0.93770666653093
     16.000000000000   0.93779595206780
     17.000000000000   0.93789102560201
     18.000000000000   0.93799189241024
     19.000000000000   0.93809855811808
     20.000000000000   0.93821102870543
     21.000000000000   0.93832931051226
     22.000000000000   0.93845341024477
     23.000000000000   0.93858333498195
     24.000000000000   0.93871909218259
     25.000000000000   0.93886068969268
     26.000000000000   0.93900813575337
     27.000000000000   0.93916143900927
     28.000000000000   0.93932060851737
     29.000000000000   0.93948565375642
     30.000000000000   0.93965658463686
     31.000000000000   0.93983341151135
     32.000000000000   0.94001614518588
     33.000000000000   0.94020479693150
     34.000000000000   0.94039937849674
     35.000000000000   0.94059990212070
     36.000000000000   0.94080638054687
     37.000000000000   0.94101882703776
     38.000000000000   0.94123725539028
     39.000000000000   0.94146167995208
     40.000000000000   0.94169211563868
     41.000000000000   0.94192857795162
     42.000000000000   0.94217108299770
     43.000000000000   0.94241964750916
     44.000000000000   0.94267428886509
     45.000000000000   0.94293502511408
     46.000000000000   0.94320187499810
     47.000000000000   0.94347485797781
     48.000000000000   0.94375399425930
     49.000000000000   0.94403930482246
     50.000000000000   0.94433081145089
     51.000000000000   0.94462853676381
     52.000000000000   0.94493250424962
     53.000000000000   0.94524273830173
     54.000000000000   0.94555926425648
     55.000000000000   0.94588210843338
     56.000000000000   0.94621129817795
     57.000000000000   0.94654686190722
     58.000000000000   0.94688882915822
     59.000000000000   0.94723723063950
     60.000000000000   0.94759209828617
     61.000000000000   0.94795346531853
     62.000000000000   0.94832136630471
     63.000000000000   0.94869583722756
     64.000000000000   0.94907691555625
     65.000000000000   0.94946464032287
     66.000000000000   0.94985905220453
     67.000000000000   0.95026019361152
     68.000000000000   0.95066810878184
     69.000000000000   0.95108284388299
     70.000000000000   0.95150444712142
     71.000000000000   0.95193296886062
     72.000000000000   0.95236846174840
     73.000000000000   0.95281098085461
     74.000000000000   0.95326058382000
     75.000000000000   0.95371733101766
     76.000000000000   0.95418128572814
     77.000000000000   0.95465251432990
     78.000000000000   0.95513108650654
     79.000000000000   0.95561707547297
     80.000000000000   0.95611055822238
     81.000000000000   0.95661161579671
     82.000000000000   0.95712033358321
     83.000000000000   0.95763680164043
     84.000000000000   0.95816111505728
     85.000000000000   0.95869337434941
     86.000000000000   0.95923368589783
     87.000000000000   0.95978216243552
     88.000000000000   0.96033892358876
     89.000000000000   0.96090409648092
     90.000000000000   0.96147781640805
     91.000000000000   0.96206022759712
     92.000000000000   0.96265148406002
     93.000000000000   0.96325175055872
     94.000000000000   0.96386120370052
     95.000000000000   0.96448003318582
     96.000000000000   0.96510844323633
     97.000000000000   0.96574665423751
     98.000000000000   0.96639490463758
     99.000000000000   0.96705345315591
    100.000000000000   0.96772258136757
    101.000000000000   0.96840259675003
    102.000000000000   0.96909383630366
    103.000000000000   0.96979667089395
    104.000000000000   0.97051151051548
    105.000000000000   0.97123881075332
     106.00000000000   0.97197908083005
     107.00000000000   0.97273289379221
     108.00000000000   0.97350089962903
     109.00000000000   0.97428384244104
     110.00000000000   0.97508258316761
     111.00000000000   0.97589812974210
     112.00000000000   0.97673167661313
     113.00000000000   0.97758465483683
     114.00000000000   0.97845879156498
     115.00000000000   0.97935617261541
     116.00000000000   0.98027929285183
     117.00000000000   0.98123106603824
     118.00000000000   0.98221475025431
     119.00000000000   0.98323373144910
     120.00000000000   0.98429110425951
     121.00000000000   0.98538900591139
     122.00000000000   0.98652770431879
     123.00000000000   0.98770451651617
     124.00000000000   0.98891272643617
     125.00000000000   0.99014075493260
     126.00000000000   0.99137187305573
     127.00000000000   0.99258470812063
     128.00000000000   0.99375465744343
     129.00000000000   0.99485611679707
     130.00000000000   0.99586520450325
     131.00000000000   0.99676249174547
     132.00000000000   0.99753520042929
     133.00000000000   0.99817842948485
     134.00000000000   0.99869519420590
     135.00000000000   0.99909534131545
     136.00000000000   0.99939364741712
     137.00000000000   0.99960754937204
     138.00000000000   0.99975496291621
     139.00000000000   0.99985253913234
     140.00000000000   0.99991453933932
     141.00000000000   0.99995233835179
     142.00000000000   0.99997444037568
     143.00000000000   0.99998683117663
     144.00000000000   0.99999348934862
     145.00000000000   0.99999691772953
     146.00000000000   0.99999860897413
     147.00000000000   0.99999940811681
     148.00000000000   0.99999976975186
     149.00000000000   0.99999992645639
     150.00000000000   0.99999999146960
     151.00000000000    1.0000000172911
     152.00000000000    1.0000000271080
     153.00000000000    1.0000000306803
     154.00000000000    1.0000000319245
     155.00000000000    1.0000000323391
     156.00000000000    1.0000000324714
     157.00000000000    1.0000000325117
     158.00000000000    1.0000000325235
     159.00000000000    1.0000000325268
     160.00000000000    1.0000000325277
     161.00000000000    1.0000000325279
     162.00000000000    1.0000000325280
     163.00000000000    1.0000000325280
     164.00000000000    1.0000000325280
     165.00000000000    1.0000000325280
     166.00000000000    1.0000000325280
     167.00000000000    1.0000000325280
     168.00000000000    1.0000000325280
     169.00000000000    1.0000000325280
     170.00000000000    1.0000000325280
     171.00000000000    1.0000000325280
     172.00000000000    1.0000000325280
     173.00000000000    1.0000000325280
     174.00000000000    1.0000000325280
     175.00000000000    1.0000000325280
     176.00000000000    1.0000000325280
     177.00000000000    1.0000000325280
     178.00000000000    1.0000000325280
     179.00000000000    1.0000000325280
     180.00000000000    1.0000000325280
     181.00000000000    1.0000000325280
     182.00000000000    1.0000000325280
     183.00000000000    1.0000000325280
     184.00000000000    1.0000000325280
     185.00000000000    1.0000000325280
     186.00000000000    1.0000000325280
     187.00000000000    1.0000000325280
     188.00000000000    1.0000000325280
     189.00000000000    1.0000000325280
     190.00000000000    1.0000000325280
     191.00000000000    1.0000000325280
     192.00000000000    1.0000000325280
     193.00000000000    1.0000000325280
     194.00000000000    1.0000000325280
     195.00000000000    1.0000000325280
     196.00000000000    1.0000000325280
     197.00000000000    1.0000000325280
     198.00000000000    1.0000000325280
     199.00000000000    1.0000000325280
     200.00000000000    1.0000000325280
     201.00000000000    1.0000000325280
     202.00000000000    1.0000000325280
     203.00000000000    1.0000000325280
     204.00000000000    1.0000000325280
     205.00000000000    1.0000000325280
     206.00000000000    1.0000000325280
     207.00000000000    1.0000000325280
     208.00000000000    1.0000000325280
     209.00000000000    1.0000000325280
     210.00000000000    1.0000000325280
     211.00000000000    1.0000000325280
     212.00000000000    1.0000000325280
     213.00000000000    1.0000000325280
     214.00000000000    1.0000000325280
     215.00000000000    1.0000000325280
     216.00000000000    1.0000000325280
     217.00000000000    1.0000000325280
     218.00000000000    1.0000000325280
     219.00000000000    1.0000000325280
     220.00000000000    1.0000000325280
     221.00000000000    1.0000000325280
     222.00000000000    1.0000000325280
     223.00000000000    1.0000000325280
     224.00000000000    1.0000000325280
     225.00000000000    1.0000000325280
     226.00000000000    1.0000000325280
     227.00000000000    1.0000000325280
     228.00000000000    1.0000000325280
     229.00000000000    1.0000000325280
     230.00000000000    1.0000000325280
     231.00000000000    1.0000000325280
     232.00000000000    1.0000000325280
     233.00000000000    1.0000000325280
     234.00000000000    1.0000000325280
     235.00000000000    1.0000000325280
     236.00000000000    1.0000000325280
     237.00000000000    1.0000000325280
     238.00000000000    1.0000000325280
     239.00000000000    1.0000000325280
     240.00000000000    1.0000000325280
     241.00000000000    1.0000000325280
     242.00000000000    1.0000000325280
     243.00000000000    1.0000000325280
     244.00000000000    1.0000000325280
     245.00000000000    1.0000000325280
     246.00000000000    1.0000000325280
     247.00000000000    1.0000000325280
     248.00000000000    1.0000000325280
     249.00000000000    1.0000000325280
     250.00000000000    1.0000000325280
     251.00000000000    1.0000000325280
     252.00000000000    1.0000000325280
     253.00000000000    1.0000000325280
     254.00000000000    1.0000000325280
     255.00000000000    1.0000000325280
     256.00000000000    1.0000000325280
     257.00000000000    1.0000000325280
     258.00000000000    1.0000000325280
     259.00000000000    1.0000000325280
     260.00000000000    1.0000000325280
     261.00000000000    1.0000000325280
     262.00000000000    1.0000000325280
     263.00000000000    1.0000000325280
     264.00000000000    1.0000000325280
     265.00000000000    1.0000000325280
     266.00000000000    1.0000000325280
     267.00000000000    1.0000000325280
     268.00000000000    1.0000000325280
     269.00000000000    1.0000000325280
     270.00000000000    1.0000000325280
     271.00000000000    1.0000000325280
     272.00000000000    1.0000000325280
     273.00000000000    1.0000000325280
     274.00000000000    1.0000000325280
     275.00000000000    1.0000000325280
     276.00000000000    1.0000000325280
     277.00000000000    1.0000000325280
     278.00000000000    1.0000000325280
     279.00000000000    1.0000000325280
     280.00000000000    1.0000000325280
     281.00000000000    1.0000000325280
     282.00000000000    1.0000000325280
     283.00000000000    1.0000000325280
     284.00000000000    1.0000000325280
     285.00000000000    1.0000000325280
     286.00000000000    1.0000000325280
     287.00000000000    1.0000000325280
     288.00000000000    1.0000000325280
     289.00000000000    1.0000000325280
     290.00000000000    1.0000000325280
     291.00000000000    1.0000000325280
     292.00000000000    1.0000000325280
     293.00000000000    1.0000000325280
     294.00000000000    1.0000000325280
     295.00000000000    1.0000000325280
     296.00000000000    1.0000000325280
     297.00000000000    1.0000000325280
     298.00000000000    1.0000000325280
     299.00000000000    1.0000000325280
     300.00000000000    1.0000000325280
     301.00000000000    1.0000000325280
     302.00000000000    1.0000000325280
     303.00000000000    1.0000000325280
     304.00000000000    1.0000000325280
     305.00000000000    1.0000000325280
     306.00000000000    1.0000000325280
     307.00000000000    1.0000000325280
     308.00000000000    1.0000000325280
     309.00000000000    1.0000000325280
     310.00000000000    1.0000000325280
     311.00000000000    1.0000000325280
     312.00000000000    1.0000000325280
     313.00000000000    1.0000000325280
     314.00000000000    1.0000000325280
     315.00000000000    1.0000000325280
     316.00000000000    1.0000000325280
     317.00000000000    1.0000000325280
     318.00000000000    1.0000000325280
     319.00000000000    1.0000000325280
     320.00000000000    1.0000000325280
     321.00000000000    1.0000000325280
     322.00000000000    1.0000000325280
     323.00000000000    1.0000000325280
     324.00000000000    1.0000000325280
     325.00000000000    1.0000000325280
     326.00000000000    1.0000000325280
     327.00000000000    1.0000000325280
     328.00000000000    1.0000000325280
     329.00000000000    1.0000000325280
     330.00000000000    1.0000000325280
     331.00000000000    1.0000000325280
     332.00000000000    1.0000000325280
     333.00000000000    1.0000000325280
     334.00000000000    1.0000000325280
     335.00000000000    1.0000000325280
     336.00000000000    1.0000000325280
     337.00000000000    1.0000000325280
     338.00000000000    1.0000000325280
     339.00000000000    1.0000000325280
     340.00000000000    1.0000000325280
     341.00000000000    1.0000000325280
     342.00000000000    1.0000000325280
     343.00000000000    1.0000000325280
     344.00000000000    1.0000000325280
     345.00000000000    1.0000000325280
     346.00000000000    1.0000000325280
     347.00000000000    1.0000000325280
     348.00000000000    1.0000000325280
     349.00000000000    1.0000000325280
     350.00000000000    1.0000000325280
     351.00000000000    1.0000000325280
     352.00000000000    1.0000000325280
     353.00000000000    1.0000000325280
     354.00000000000    1.0000000325280
     355.00000000000    1.0000000325280
     356.00000000000    1.0000000325280
     357.00000000000    1.0000000325280
     358.00000000000    1.0000000325280
     359.00000000000    1.0000000325280
     360.00000000000    1.0000000325280
     361.00000000000    1.0000000325280
     362.00000000000    1.0000000325280
     363.00000000000    1.0000000325280
     364.00000000000    1.0000000325280
     365.00000000000    1.0000000325280
     366.00000000000    1.0000000325280
     367.00000000000    1.0000000325280
     368.00000000000    1.0000000325280
     369.00000000000    1.0000000325280
     370.00000000000    1.0000000325280
     371.00000000000    1.0000000325280
     372.00000000000    1.0000000325280
     373.00000000000    1.0000000325280
     374.00000000000    1.0000000325280
     375.00000000000    1.0000000325280
     376.00000000000    1.0000000325280
     377.00000000000    1.0000000325280
     378.00000000000    1.0000000325280
     379.00000000000    1.0000000325280
     380.00000000000    1.0000000325280
     381.00000000000    1.0000000325280
     382.00000000000    1.0000000325280
     383.00000000000    1.0000000325280
     384.00000000000    1.0000000325280
     385.00000000000    1.0000000325280
     386.00000000000    1.0000000325280
     387.00000000000    1.0000000325280
     388.00000000000    1.0000000325280
     389.00000000000    1.0000000325280
     390.00000000000    1.0000000325280
     391.00000000000    1.0000000325280
     392.00000000000    1.0000000325280
     393.00000000000    1.0000000325280
     394.00000000000    1.0000000325280
     395.00000000000    1.0000000325280
     396.00000000000    1.0000000325280
     397.00000000000    1.0000000325280
     398.00000000000    1.0000000325280
     399.00000000000    1.0000000325280
     400.00000000000    1.0000000325280
     401.00000000000    1.0000000325280
     402.00000000000    1.0000000325280
     403.00000000000    1.0000000325280
     404.00000000000    1.0000000325280
     405.00000000000    1.0000000325280
     406.00000000000    1.0000000325280
     407.00000000000    1.0000000325280
     408.00000000000    1.0000000325280
     409.00000000000    1.0000000325280
     410.00000000000    1.0000000325280
     411.00000000000    1.0000000325280
     412.00000000000    1.0000000325280
     413.00000000000    1.0000000325280
     414.00000000000    1.0000000325280
     415.00000000000    1.0000000325280
     416.00000000000    1.0000000325280
     417.00000000000    1.0000000325280
     418.00000000000    1.0000000325280
     419.00000000000    1.0000000325280
     420.00000000000    1.0000000325280
     421.00000000000    1.0000000325280
     422.00000000000    1.0000000325280
     423.00000000000    1.0000000325280
     424.00000000000    1.0000000325280
     425.00000000000    1.0000000325280
     426.00000000000    1.0000000325280
     427.00000000000    1.0000000325280
     428.00000000000    1.0000000325280
     429.00000000000    1.0000000325280
     430.00000000000    1.0000000325280
     431.00000000000    1.0000000325280
     432.00000000000    1.0000000325280
     433.00000000000    1.0000000325280
     434.00000000000    1.0000000325280
     435.00000000000    1.0000000325280
     436.00000000000    1.0000000325280
     437.00000000000    1.0000000325280
     438.00000000000    1.0000000325280
     439.00000000000    1.0000000325280
     440.00000000000    1.0000000325280
     441.00000000000    1.0000000325280
     442.00000000000    1.0000000325280
     443.00000000000    1.0000000325280
     444.00000000000    1.0000000325280
     445.00000000000    1.0000000325280
     446.00000000000    1.0000000325280
     447.00000000000    1.0000000325280
     448.00000000000    1.0000000325280
     449.00000000000    1.0000000325280
     450.00000000000    1.0000000325280
     451.00000000000    1.0000000325280
     452.00000000000    1.0000000325280
     453.00000000000    1.0000000325280
     454.00000000000    1.0000000325280
     455.00000000000    1.0000000325280
     456.00000000000    1.0000000325280
     457.00000000000    1.0000000325280
     458.00000000000    1.0000000325280
     459.00000000000    1.0000000325280
     460.00000000000    1.0000000325280
     461.00000000000    1.0000000325280
     462.00000000000    1.0000000325280
     463.00000000000    1.0000000325280
     464.00000000000    1.0000000325280
     465.00000000000    1.0000000325280
     466.00000000000    1.0000000325280
     467.00000000000    1.0000000325280
     468.00000000000    1.0000000325280
     469.00000000000    1.0000000325280
     470.00000000000    1.0000000325280
     471.00000000000    1.0000000325280
     472.00000000000    1.0000000325280
     473.00000000000    1.0000000325280
     474.00000000000    1.0000000325280
     475.00000000000    1.0000000325280
     476.00000000000    1.0000000325280
     477.00000000000    1.0000000325280
     478.00000000000    1.0000000325280
     479.00000000000    1.0000000325280
     480.00000000000    1.0000000325280
     481.00000000000    1.0000000325280
     482.00000000000    1.0000000325280
     483.00000000000    1.0000000325280
     484.00000000000    1.0000000325280
     485.00000000000    1.0000000325280
     486.00000000000    1.0000000325280
     487.00000000000    1.0000000325280
     488.00000000000    1.0000000325280
     489.00000000000    1.0000000325280
     490.00000000000    1.0000000325280
     491.00000000000    1.0000000325280
     492.00000000000    1.0000000325280
     493.00000000000    1.0000000325280
     494.00000000000    1.0000000325280
     495.00000000000    1.0000000325280
     496.00000000000    1.0000000325280
     497.00000000000    1.0000000325280
     498.00000000000    1.0000000325280
     499.00000000000    1.0000000325280
     500.00000000000    1.0000000325280
