    -500.00000000000    1.0000000325280
    -499.00000000000    1.0000000325280
    -498.00000000000    1.0000000325280
    -497.00000000000    1.0000000325280
    -496.00000000000    1.0000000325280
    -495.00000000000    1.0000000325280
    -494.00000000000    1.0000000325280
    -493.00000000000    1.0000000325280
    -492.00000000000    1.0000000325280
    -491.00000000000    1.0000000325280
    -490.00000000000    1.0000000325280
    -489.00000000000    1.0000000325280
    -488.00000000000    1.0000000325280
    -487.00000000000    1.0000000325280
    -486.00000000000    1.0000000325280
    -485.00000000000    1.0000000325280
    -484.00000000000    1.0000000325280
    -483.00000000000    1.0000000325280
    -482.00000000000    1.0000000325280
    -481.00000000000    1.0000000325280
    -480.00000000000    1.0000000325280
    -479.00000000000    1.0000000325280
    -478.00000000000    1.0000000325280
    -477.00000000000    1.0000000325280
    -476.00000000000    1.0000000325280
    -475.00000000000    1.0000000325280
    -474.00000000000    1.0000000325280
    -473.00000000000    1.0000000325280
    -472.00000000000    1.0000000325280
    -471.00000000000    1.0000000325280
    -470.00000000000    1.0000000325280
    -469.00000000000    1.0000000325280
    -468.00000000000    1.0000000325280
    -467.00000000000    1.0000000325280
    -466.00000000000    1.0000000325280
    -465.00000000000    1.0000000325280
    -464.00000000000    1.0000000325280
    -463.00000000000    1.0000000325280
    -462.00000000000    1.0000000325280
    -461.00000000000    1.0000000325280
    -460.00000000000    1.0000000325280
    -459.00000000000    1.0000000325280
    -458.00000000000    1.0000000325280
    -457.00000000000    1.0000000325280
    -456.00000000000    1.0000000325280
    -455.00000000000    1.0000000325280
    -454.00000000000    1.0000000325280
    -453.00000000000    1.0000000325280
    -452.00000000000    1.0000000325280
    -451.00000000000    1.0000000325280
    -450.00000000000    1.0000000325280
    -449.00000000000    1.0000000325280
    -448.00000000000    1.0000000325280
    -447.00000000000    1.0000000325280
    -446.00000000000    1.0000000325280
    -445.00000000000    1.0000000325280
    -444.00000000000    1.0000000325280
    -443.00000000000    1.0000000325280
    -442.00000000000    1.0000000325280
    -441.00000000000    1.0000000325280
    -440.00000000000    1.0000000325280
    -439.00000000000    1.0000000325280
    -438.00000000000    1.0000000325280
    -437.00000000000    1.0000000325280
    -436.00000000000    1.0000000325280
    -435.00000000000    1.0000000325280
    -434.00000000000    1.0000000325280
    -433.00000000000    1.0000000325280
    -432.00000000000    1.0000000325280
    -431.00000000000    1.0000000325280
    -430.00000000000    1.0000000325280
    -429.00000000000    1.0000000325280
    -428.00000000000    1.0000000325280
    -427.00000000000    1.0000000325280
    -426.00000000000    1.0000000325280
    -425.00000000000    1.0000000325280
    -424.00000000000    1.0000000325280
    -423.00000000000    1.0000000325280
    -422.00000000000    1.0000000325280
    -421.00000000000    1.0000000325280
    -420.00000000000    1.0000000325280
    -419.00000000000    1.0000000325280
    -418.00000000000    1.0000000325280
    -417.00000000000    1.0000000325280
    -416.00000000000    1.0000000325280
    -415.00000000000    1.0000000325280
    -414.00000000000    1.0000000325280
    -413.00000000000    1.0000000325280
    -412.00000000000    1.0000000325280
    -411.00000000000    1.0000000325280
    -410.00000000000    1.0000000325280
    -409.00000000000    1.0000000325280
    -408.00000000000    1.0000000325280
    -407.00000000000    1.0000000325280
    -406.00000000000    1.0000000325280
    -405.00000000000    1.0000000325280
    -404.00000000000    1.0000000325280
    -403.00000000000    1.0000000325280
    -402.00000000000    1.0000000325280
    -401.00000000000    1.0000000325280
    -400.00000000000    1.0000000325280
    -399.00000000000    1.0000000325280
    -398.00000000000    1.0000000325280
    -397.00000000000    1.0000000325280
    -396.00000000000    1.0000000325280
    -395.00000000000    1.0000000325280
    -394.00000000000    1.0000000325280
    -393.00000000000    1.0000000325280
    -392.00000000000    1.0000000325280
    -391.00000000000    1.0000000325280
    -390.00000000000    1.0000000325280
    -389.00000000000    1.0000000325280
    -388.00000000000    1.0000000325280
    -387.00000000000    1.0000000325280
    -386.00000000000    1.0000000325280
    -385.00000000000    1.0000000325280
    -384.00000000000    1.0000000325280
    -383.00000000000    1.0000000325280
    -382.00000000000    1.0000000325280
    -381.00000000000    1.0000000325280
    -380.00000000000    1.0000000325280
    -379.00000000000    1.0000000325280
    -378.00000000000    1.0000000325280
    -377.00000000000    1.0000000325280
    -376.00000000000    1.0000000325280
    -375.00000000000    1.0000000325280
    -374.00000000000    1.0000000325280
    -373.00000000000    1.0000000325280
    -372.00000000000    1.0000000325280
    -371.00000000000    1.0000000325280
    -370.00000000000    1.0000000325280
    -369.00000000000    1.0000000325280
    -368.00000000000    1.0000000325280
    -367.00000000000    1.0000000325280
    -366.00000000000    1.0000000325280
    -365.00000000000    1.0000000325280
    -364.00000000000    1.0000000325280
    -363.00000000000    1.0000000325280
    -362.00000000000    1.0000000325280
    -361.00000000000    1.0000000325280
    -360.00000000000    1.0000000325280
    -359.00000000000    1.0000000325280
    -358.00000000000    1.0000000325280
    -357.00000000000    1.0000000325280
    -356.00000000000    1.0000000325280
    -355.00000000000    1.0000000325280
    -354.00000000000    1.0000000325280
    -353.00000000000    1.0000000325280
    -352.00000000000    1.0000000325280
    -351.00000000000    1.0000000325280
    -350.00000000000    1.0000000325280
    -349.00000000000    1.0000000325280
    -348.00000000000    1.0000000325280
    -347.00000000000    1.0000000325280
    -346.00000000000    1.0000000325280
    -345.00000000000    1.0000000325280
    -344.00000000000    1.0000000325280
    -343.00000000000    1.0000000325280
    -342.00000000000    1.0000000325280
    -341.00000000000    1.0000000325280
    -340.00000000000    1.0000000325280
    -339.00000000000    1.0000000325280
    -338.00000000000    1.0000000325280
    -337.00000000000    1.0000000325280
    -336.00000000000    1.0000000325280
    -335.00000000000    1.0000000325280
    -334.00000000000    1.0000000325280
    -333.00000000000    1.0000000325280
    -332.00000000000    1.0000000325280
    -331.00000000000    1.0000000325280
    -330.00000000000    1.0000000325280
    -329.00000000000    1.0000000325280
    -328.00000000000    1.0000000325280
    -327.00000000000    1.0000000325280
    -326.00000000000    1.0000000325280
    -325.00000000000    1.0000000325280
    -324.00000000000    1.0000000325280
    -323.00000000000    1.0000000325280
    -322.00000000000    1.0000000325280
    -321.00000000000    1.0000000325280
    -320.00000000000    1.0000000325280
    -319.00000000000    1.0000000325280
    -318.00000000000    1.0000000325280
    -317.00000000000    1.0000000325280
    -316.00000000000    1.0000000325280
    -315.00000000000    1.0000000325280
    -314.00000000000    1.0000000325280
    -313.00000000000    1.0000000325280
    -312.00000000000    1.0000000325280
    -311.00000000000    1.0000000325280
    -310.00000000000    1.0000000325280
    -309.00000000000    1.0000000325280
    -308.00000000000    1.0000000325280
    -307.00000000000    1.0000000325280
    -306.00000000000    1.0000000325280
    -305.00000000000    1.0000000325280
    -304.00000000000    1.0000000325280
    -303.00000000000    1.0000000325280
    -302.00000000000    1.0000000325280
    -301.00000000000    1.0000000325280
    -300.00000000000    1.0000000325280
    -299.00000000000    1.0000000325280
    -298.00000000000    1.0000000325280
    -297.00000000000    1.0000000325280
    -296.00000000000    1.0000000325280
    -295.00000000000    1.0000000325280
    -294.00000000000    1.0000000325280
    -293.00000000000    1.0000000325280
    -292.00000000000    1.0000000325280
    -291.00000000000    1.0000000325280
    -290.00000000000    1.0000000325280
    -289.00000000000    1.0000000325280
    -288.00000000000    1.0000000325280
    -287.00000000000    1.0000000325280
    -286.00000000000    1.0000000325280
    -285.00000000000    1.0000000325280
    -284.00000000000    1.0000000325280
    -283.00000000000    1.0000000325280
    -282.00000000000    1.0000000325280
    -281.00000000000    1.0000000325280
    -280.00000000000    1.0000000325280
    -279.00000000000    1.0000000325280
    -278.00000000000    1.0000000325280
    -277.00000000000    1.0000000325280
    -276.00000000000    1.0000000325280
    -275.00000000000    1.0000000325280
    -274.00000000000    1.0000000325280
    -273.00000000000    1.0000000325279
    -272.00000000000    1.0000000325275
    -271.00000000000    1.0000000325263
    -270.00000000000    1.0000000325218
    -269.00000000000    1.0000000325066
    -268.00000000000    1.0000000324566
    -267.00000000000    1.0000000322999
    -266.00000000000    1.0000000318300
    -265.00000000000    1.0000000304817
    -264.00000000000    1.0000000267787
    -263.00000000000    1.0000000170452
    -262.00000000000   0.99999999255513
    -261.00000000000   0.99999993356834
    -260.00000000000   0.99999979754607
    -259.00000000000   0.99999949720787
    -258.00000000000   0.99999886214314
    -257.00000000000   0.99999757596102
    -256.00000000000   0.99999508053662
    -255.00000000000   0.99999044140874
    -254.00000000000   0.99998217560347
    -253.00000000000   0.99996805624234
    -252.00000000000   0.99994492649952
    -251.00000000000   0.99990857501155
    -250.00000000000   0.99985373859377
    -249.00000000000   0.99977429702524
    -248.00000000000   0.99966370112358
    -247.00000000000   0.99951562769045
    -246.00000000000   0.99932479106978
    -245.00000000000   0.99908777869423
    -244.00000000000   0.99880373986027
    -243.00000000000   0.99847476222013
    -242.00000000000   0.99810582540509
    -241.00000000000   0.99770431416190
    -240.00000000000   0.99727917726482
    -239.00000000000   0.99683990041342
    -238.00000000000   0.99639549571101
    -237.00000000000   0.99595368876782
    -236.00000000000   0.99552041831214
    -235.00000000000   0.99509967749675
    -234.00000000000   0.99469364874017
    -233.00000000000   0.99430303511759
    -232.00000000000   0.99392747787257
    -231.00000000000   0.99356596579738
    -230.00000000000   0.99321717492961
    -229.00000000000   0.99287971231653
    -228.00000000000   0.99255226556962
    -227.00000000000   0.99223367638339
    -226.00000000000   0.99192296180836
    -225.00000000000   0.99161930521394
    -224.00000000000   0.99132203342169
    -223.00000000000   0.99103059043717
    -222.00000000000   0.99074451323738
    -221.00000000000   0.99046341172284
    -220.00000000000   0.99018695306590
    -219.00000000000   0.98991484985154
    -218.00000000000   0.98964685118159
    -217.00000000000   0.98938273597628
    -216.00000000000   0.98912230786658
    -215.00000000000   0.98886539123396
    -214.00000000000   0.98861182808473
    -213.00000000000   0.98836147554214
    -212.00000000000   0.98811420380428
    -211.00000000000   0.98786989446038
    -210.00000000000   0.98762843908759
    -209.00000000000   0.98738973807056
    -208.00000000000   0.98715369960052
    -207.00000000000   0.98692023882031
    -206.00000000000   0.98668927708946
    -205.00000000000   0.98646074134881
    -204.00000000000   0.98623456356821
    -203.00000000000   0.98601068026404
    -202.00000000000   0.98578903207601
    -201.00000000000   0.98556956339423
    -200.00000000000   0.98535222202935
    -199.00000000000   0.98513695891981
    -198.00000000000   0.98492372787102
    -197.00000000000   0.98471248532238
    -196.00000000000   0.98450319013839
    -195.00000000000   0.98429580342102
    -194.00000000000   0.98409028834047
    -193.00000000000   0.98388660998243
    -192.00000000000   0.98368473520964
    -191.00000000000   0.98348463253624
    -190.00000000000   0.98328627201352
    -189.00000000000   0.98308962512569
    -188.00000000000   0.98289466469476
    -187.00000000000   0.98270136479342
    -186.00000000000   0.98250970066518
    -185.00000000000   0.98231964865109
    -184.00000000000   0.98213118612224
    -183.00000000000   0.98194429141759
    -182.00000000000   0.98175894378666
    -181.00000000000   0.98157512333648
    -180.00000000000   0.98139281098252
    -179.00000000000   0.98121198840323
    -178.00000000000   0.98103263799784
    -177.00000000000   0.98085474284717
    -176.00000000000   0.98067828667710
    -175.00000000000   0.98050325382463
    -174.00000000000   0.98032962920620
    -173.00000000000   0.98015739828807
    -172.00000000000   0.97998654705872
    -171.00000000000   0.97981706200295
    -170.00000000000   0.97964893007770
    -169.00000000000   0.97948213868931
    -168.00000000000   0.97931667567224
    -167.00000000000   0.97915252926906
    -166.00000000000   0.97898968811164
    -165.00000000000   0.97882814120346
    -164.00000000000   0.97866787790297
    -163.00000000000   0.97850888790784
    -162.00000000000   0.97835116124023
    -161.00000000000   0.97819468823276
    -160.00000000000   0.97803945951533
    -159.00000000000   0.97788546600263
    -158.00000000000   0.97773269888237
    -157.00000000000   0.97758114960407
    -156.00000000000   0.97743080986851
    -155.00000000000   0.97728167161767
    -154.00000000000   0.97713372702524
    -153.00000000000   0.97698696848760
    -152.00000000000   0.97684138861521
    -151.00000000000   0.97669698022448
    -150.00000000000   0.97655373633004
    -149.00000000000   0.97641165013736
    -148.00000000000   0.97627071503571
    -147.00000000000   0.97613092459152
    -146.00000000000   0.97599227254200
    -145.00000000000   0.97585475278907
    -144.00000000000   0.97571835939355
    -143.00000000000   0.97558308656969
    -142.00000000000   0.97544892867983
    -141.00000000000   0.97531588022943
    -140.00000000000   0.97518393586217
    -139.00000000000   0.97505309035545
    -138.00000000000   0.97492333861590
    -137.00000000000   0.97479467567521
    -136.00000000000   0.97466709668606
    -135.00000000000   0.97454059691832
    -134.00000000000   0.97441517175527
    -133.00000000000   0.97429081669011
    -132.00000000000   0.97416752732252
    -131.00000000000   0.97404529935542
    -130.00000000000   0.97392412859182
    -129.00000000000   0.97380401093182
    -128.00000000000   0.97368494236972
    -127.00000000000   0.97356691899124
    -126.00000000000   0.97344993697087
    -125.00000000000   0.97333399256928
    -124.00000000000   0.97321908213088
    -123.00000000000   0.97310520208143
    -122.00000000000   0.97299234892575
    -121.00000000000   0.97288051924557
    -120.00000000000   0.97276970969735
    -119.00000000000   0.97265991701029
    -118.00000000000   0.97255113798433
    -117.00000000000   0.97244336948829
    -116.00000000000   0.97233660845805
    -115.00000000000   0.97223085189474
    -114.00000000000   0.97212609686309
    -113.00000000000   0.97202234048980
    -112.00000000000   0.97191957996190
    -111.00000000000   0.97181781252530
    -110.00000000000   0.97171703548327
    -109.00000000000   0.97161724619501
    -108.00000000000   0.97151844207433
    -107.00000000000   0.97142062058827
    -106.00000000000   0.97132377925584
   -105.000000000000   0.97122791564675
   -104.000000000000   0.97113302738027
   -103.000000000000   0.97103911212403
   -102.000000000000   0.97094616759287
   -101.000000000000   0.97085419154783
   -100.000000000000   0.97076318179503
    -99.000000000000   0.97067313618468
    -98.000000000000   0.97058405261011
    -97.000000000000   0.97049592900679
    -96.000000000000   0.97040876335143
    -95.000000000000   0.97032255366105
    -94.000000000000   0.97023729799217
    -93.000000000000   0.97015299443990
    -92.000000000000   0.97006964113721
    -91.000000000000   0.96998723625406
    -90.000000000000   0.96990577799669
    -89.000000000000   0.96982526460685
    -88.000000000000   0.96974569436109
    -87.000000000000   0.96966706557007
    -86.000000000000   0.96958937657789
    -85.000000000000   0.96951262576139
    -84.000000000000   0.96943681152958
    -83.000000000000   0.96936193232296
    -82.000000000000   0.96928798661296
    -81.000000000000   0.96921497290135
    -80.000000000000   0.96914288971966
    -79.000000000000   0.96907173562865
    -78.000000000000   0.96900150921777
    -77.000000000000   0.96893220910465
    -76.000000000000   0.96886383393458
    -75.000000000000   0.96879638238003
    -74.000000000000   0.96872985314021
    -73.000000000000   0.96866424494054
    -72.000000000000   0.96859955653228
    -71.000000000000   0.96853578669204
    -70.000000000000   0.96847293422140
    -69.000000000000   0.96841099794644
    -68.000000000000   0.96834997671743
    -67.000000000000   0.96828986940836
    -66.000000000000   0.96823067491661
    -65.000000000000   0.96817239216259
    -64.000000000000   0.96811502008935
    -63.000000000000   0.96805855766226
    -62.000000000000   0.96800300386869
    -61.000000000000   0.96794835771765
    -60.000000000000   0.96789461823948
    -59.000000000000   0.96784178448558
    -58.000000000000   0.96778985552808
    -57.000000000000   0.96773883045953
    -56.000000000000   0.96768870839267
    -55.000000000000   0.96763948846013
    -54.000000000000   0.96759116981417
    -53.000000000000   0.96754375162640
    -52.000000000000   0.96749723308756
    -51.000000000000   0.96745161340727
    -50.000000000000   0.96740689181379
    -49.000000000000   0.96736306755377
    -48.000000000000   0.96732013989207
    -47.000000000000   0.96727810811153
    -46.000000000000   0.96723697151273
    -45.000000000000   0.96719672941381
    -44.000000000000   0.96715738115031
    -43.000000000000   0.96711892607491
    -42.000000000000   0.96708136355729
    -41.000000000000   0.96704469298394
    -40.000000000000   0.96700891375798
    -39.000000000000   0.96697402529903
    -38.000000000000   0.96694002704296
    -37.000000000000   0.96690691844183
    -36.000000000000   0.96687469896370
    -35.000000000000   0.96684336809246
    -34.000000000000   0.96681292532771
    -33.000000000000   0.96678337018463
    -32.000000000000   0.96675470219384
    -31.000000000000   0.96672692090127
    -30.000000000000   0.96670002586802
    -29.000000000000   0.96667401667029
    -28.000000000000   0.96664889289921
    -27.000000000000   0.96662465416079
    -26.000000000000   0.96660130007572
    -25.000000000000   0.96657883027939
    -24.000000000000   0.96655724442171
    -23.000000000000   0.96653654216705
    -22.000000000000   0.96651672319411
    -21.000000000000   0.96649778719592
    -20.000000000000   0.96647973387966
    -19.000000000000   0.96646256296666
    -18.000000000000   0.96644627419227
    -17.000000000000   0.96643086730585
    -16.000000000000   0.96641634207067
    -15.000000000000   0.96640269826381
    -14.000000000000   0.96638993567619
    -13.000000000000   0.96637805411246
    -12.000000000000   0.96636705339095
    -11.000000000000   0.96635693334364
   -10.0000000000000   0.96634769381609
    -9.0000000000000   0.96633933466747
    -8.0000000000000   0.96633185577042
    -7.0000000000000   0.96632525701110
    -6.0000000000000   0.96631953828911
    -5.0000000000000   0.96631469951753
    -4.0000000000000   0.96631074062281
    -3.0000000000000   0.96630766154480
    -2.0000000000000   0.96630546223675
    -1.0000000000000   0.96630414266528
   0.   0.96630370281035
     1.0000000000000   0.96630414266528
     2.0000000000000   0.96630546223675
     3.0000000000000   0.96630766154480
     4.0000000000000   0.96631074062281
     5.0000000000000   0.96631469951753
     6.0000000000000   0.96631953828911
     7.0000000000000   0.96632525701110
     8.0000000000000   0.96633185577042
     9.0000000000000   0.96633933466747
    10.0000000000000   0.96634769381609
     11.000000000000   0.96635693334364
     12.000000000000   0.96636705339095
     13.000000000000   0.96637805411246
     14.000000000000   0.96638993567619
     15.000000000000   0.96640269826381
     16.000000000000   0.96641634207067
     17.000000000000   0.96643086730585
     18.000000000000   0.96644627419227
     19.000000000000   0.96646256296666
     20.000000000000   0.96647973387966
     21.000000000000   0.96649778719592
     22.000000000000   0.96651672319411
     23.000000000000   0.96653654216705
     24.000000000000   0.96655724442171
     25.000000000000   0.96657883027939
     26.000000000000   0.96660130007572
     27.000000000000   0.96662465416079
     28.000000000000   0.96664889289921
     29.000000000000   0.96667401667029
     30.000000000000   0.96670002586802
     31.000000000000   0.96672692090127
     32.000000000000   0.96675470219384
     33.000000000000   0.96678337018463
     34.000000000000   0.96681292532771
     35.000000000000   0.96684336809246
     36.000000000000   0.96687469896370
     37.000000000000   0.96690691844183
     38.000000000000   0.96694002704296
     39.000000000000   0.96697402529903
     40.000000000000   0.96700891375798
     41.000000000000   0.96704469298394
     42.000000000000   0.96708136355729
     43.000000000000   0.96711892607491
     44.000000000000   0.96715738115031
     45.000000000000   0.96719672941381
     46.000000000000   0.96723697151273
     47.000000000000   0.96727810811153
     48.000000000000   0.96732013989207
     49.000000000000   0.96736306755377
     50.000000000000   0.96740689181379
     51.000000000000   0.96745161340727
     52.000000000000   0.96749723308756
     53.000000000000   0.96754375162640
     54.000000000000   0.96759116981417
     55.000000000000   0.96763948846013
     56.000000000000   0.96768870839267
     57.000000000000   0.96773883045953
     58.000000000000   0.96778985552808
     59.000000000000   0.96784178448558
     60.000000000000   0.96789461823948
     61.000000000000   0.96794835771765
     62.000000000000   0.96800300386869
     63.000000000000   0.96805855766226
     64.000000000000   0.96811502008935
     65.000000000000   0.96817239216259
     66.000000000000   0.96823067491661
     67.000000000000   0.96828986940835
     68.000000000000   0.96834997671743
     69.000000000000   0.96841099794644
     70.000000000000   0.96847293422140
     71.000000000000   0.96853578669204
     72.000000000000   0.96859955653228
     73.000000000000   0.96866424494054
     74.000000000000   0.96872985314021
     75.000000000000   0.96879638238003
     76.000000000000   0.96886383393458
     77.000000000000   0.96893220910465
     78.000000000000   0.96900150921777
     79.000000000000   0.96907173562865
     80.000000000000   0.96914288971966
     81.000000000000   0.96921497290135
     82.000000000000   0.96928798661296
     83.000000000000   0.96936193232296
     84.000000000000   0.96943681152958
     85.000000000000   0.96951262576139
     86.000000000000   0.96958937657789
     87.000000000000   0.96966706557007
     88.000000000000   0.96974569436109
     89.000000000000   0.96982526460685
     90.000000000000   0.96990577799669
     91.000000000000   0.96998723625406
     92.000000000000   0.97006964113721
     93.000000000000   0.97015299443990
     94.000000000000   0.97023729799217
     95.000000000000   0.97032255366105
     96.000000000000   0.97040876335143
     97.000000000000   0.97049592900679
     98.000000000000   0.97058405261011
     99.000000000000   0.97067313618468
    100.000000000000   0.97076318179503
    101.000000000000   0.97085419154783
    102.000000000000   0.97094616759287
    103.000000000000   0.97103911212403
    104.000000000000   0.97113302738027
    105.000000000000   0.97122791564675
     106.00000000000   0.97132377925584
     107.00000000000   0.97142062058827
     108.00000000000   0.97151844207434
     109.00000000000   0.97161724619501
     110.00000000000   0.97171703548327
     111.00000000000   0.97181781252530
     112.00000000000   0.97191957996190
     113.00000000000   0.97202234048980
     114.00000000000   0.97212609686309
     115.00000000000   0.97223085189474
     116.00000000000   0.97233660845805
     117.00000000000   0.97244336948829
     118.00000000000   0.97255113798433
     119.00000000000   0.97265991701029
     120.00000000000   0.97276970969735
     121.00000000000   0.97288051924557
     122.00000000000   0.97299234892575
     123.00000000000   0.97310520208143
     124.00000000000   0.97321908213088
     125.00000000000   0.97333399256928
     126.00000000000   0.97344993697087
     127.00000000000   0.97356691899124
     128.00000000000   0.97368494236972
     129.00000000000   0.97380401093182
     130.00000000000   0.97392412859182
     131.00000000000   0.97404529935542
     132.00000000000   0.97416752732252
     133.00000000000   0.97429081669011
     134.00000000000   0.97441517175527
     135.00000000000   0.97454059691832
     136.00000000000   0.97466709668606
     137.00000000000   0.97479467567521
     138.00000000000   0.97492333861590
     139.00000000000   0.97505309035545
     140.00000000000   0.97518393586217
     141.00000000000   0.97531588022943
     142.00000000000   0.97544892867983
     143.00000000000   0.97558308656969
     144.00000000000   0.97571835939355
     145.00000000000   0.97585475278907
     146.00000000000   0.97599227254200
     147.00000000000   0.97613092459152
     148.00000000000   0.97627071503571
     149.00000000000   0.97641165013736
     150.00000000000   0.97655373633004
     151.00000000000   0.97669698022448
     152.00000000000   0.97684138861521
     153.00000000000   0.97698696848760
     154.00000000000   0.97713372702524
     155.00000000000   0.97728167161767
     156.00000000000   0.97743080986851
     157.00000000000   0.97758114960407
     158.00000000000   0.97773269888237
     159.00000000000   0.97788546600263
     160.00000000000   0.97803945951533
     161.00000000000   0.97819468823276
     162.00000000000   0.97835116124023
     163.00000000000   0.97850888790784
     164.00000000000   0.97866787790297
     165.00000000000   0.97882814120346
     166.00000000000   0.97898968811164
     167.00000000000   0.97915252926906
     168.00000000000   0.97931667567224
     169.00000000000   0.97948213868931
     170.00000000000   0.97964893007770
     171.00000000000   0.97981706200295
     172.00000000000   0.97998654705872
     173.00000000000   0.98015739828807
     174.00000000000   0.98032962920620
     175.00000000000   0.98050325382463
     176.00000000000   0.98067828667710
     177.00000000000   0.98085474284717
     178.00000000000   0.98103263799784
     179.00000000000   0.98121198840323
     180.00000000000   0.98139281098252
     181.00000000000   0.98157512333648
     182.00000000000   0.98175894378666
     183.00000000000   0.98194429141759
     184.00000000000   0.98213118612224
     185.00000000000   0.98231964865109
     186.00000000000   0.98250970066518
     187.00000000000   0.98270136479342
     188.00000000000   0.98289466469476
     189.00000000000   0.98308962512569
     190.00000000000   0.98328627201352
     191.00000000000   0.98348463253624
     192.00000000000   0.98368473520964
     193.00000000000   0.98388660998243
     194.00000000000   0.98409028834047
     195.00000000000   0.98429580342102
     196.00000000000   0.98450319013839
     197.00000000000   0.98471248532238
     198.00000000000   0.98492372787102
     199.00000000000   0.98513695891981
     200.00000000000   0.98535222202935
     201.00000000000   0.98556956339423
     202.00000000000   0.98578903207601
     203.00000000000   0.98601068026404
     204.00000000000   0.98623456356821
     205.00000000000   0.98646074134881
     206.00000000000   0.98668927708946
     207.00000000000   0.98692023882031
     208.00000000000   0.98715369960052
     209.00000000000   0.98738973807056
     210.00000000000   0.98762843908759
     211.00000000000   0.98786989446038
     212.00000000000   0.98811420380428
     213.00000000000   0.98836147554214
     214.00000000000   0.98861182808473
     215.00000000000   0.98886539123396
     216.00000000000   0.98912230786658
     217.00000000000   0.98938273597628
     218.00000000000   0.98964685118159
     219.00000000000   0.98991484985154
     220.00000000000   0.99018695306590
     221.00000000000   0.99046341172284
     222.00000000000   0.99074451323738
     223.00000000000   0.99103059043717
     224.00000000000   0.99132203342169
     225.00000000000   0.99161930521394
     226.00000000000   0.99192296180836
     227.00000000000   0.99223367638339
     228.00000000000   0.99255226556962
     229.00000000000   0.99287971231653
     230.00000000000   0.99321717492961
     231.00000000000   0.99356596579738
     232.00000000000   0.99392747787257
     233.00000000000   0.99430303511759
     234.00000000000   0.99469364874017
     235.00000000000   0.99509967749675
     236.00000000000   0.99552041831214
     237.00000000000   0.99595368876782
     238.00000000000   0.99639549571101
     239.00000000000   0.99683990041342
     240.00000000000   0.99727917726482
     241.00000000000   0.99770431416190
     242.00000000000   0.99810582540509
     243.00000000000   0.99847476222013
     244.00000000000   0.99880373986027
     245.00000000000   0.99908777869423
     246.00000000000   0.99932479106978
     247.00000000000   0.99951562769045
     248.00000000000   0.99966370112358
     249.00000000000   0.99977429702524
     250.00000000000   0.99985373859377
     251.00000000000   0.99990857501155
     252.00000000000   0.99994492649952
     253.00000000000   0.99996805624234
     254.00000000000   0.99998217560347
     255.00000000000   0.99999044140874
     256.00000000000   0.99999508053662
     257.00000000000   0.99999757596102
     258.00000000000   0.99999886214314
     259.00000000000   0.99999949720787
     260.00000000000   0.99999979754607
     261.00000000000   0.99999993356834
     262.00000000000   0.99999999255513
     263.00000000000    1.0000000170452
     264.00000000000    1.0000000267787
     265.00000000000    1.0000000304817
     266.00000000000    1.0000000318300
     267.00000000000    1.0000000322999
     268.00000000000    1.0000000324566
     269.00000000000    1.0000000325066
     270.00000000000    1.0000000325218
     271.00000000000    1.0000000325263
     272.00000000000    1.0000000325275
     273.00000000000    1.0000000325279
     274.00000000000    1.0000000325280
     275.00000000000    1.0000000325280
     276.00000000000    1.0000000325280
     277.00000000000    1.0000000325280
     278.00000000000    1.0000000325280
     279.00000000000    1.0000000325280
     280.00000000000    1.0000000325280
     281.00000000000    1.0000000325280
     282.00000000000    1.0000000325280
     283.00000000000    1.0000000325280
     284.00000000000    1.0000000325280
     285.00000000000    1.0000000325280
     286.00000000000    1.0000000325280
     287.00000000000    1.0000000325280
     288.00000000000    1.0000000325280
     289.00000000000    1.0000000325280
     290.00000000000    1.0000000325280
     291.00000000000    1.0000000325280
     292.00000000000    1.0000000325280
     293.00000000000    1.0000000325280
     294.00000000000    1.0000000325280
     295.00000000000    1.0000000325280
     296.00000000000    1.0000000325280
     297.00000000000    1.0000000325280
     298.00000000000    1.0000000325280
     299.00000000000    1.0000000325280
     300.00000000000    1.0000000325280
     301.00000000000    1.0000000325280
     302.00000000000    1.0000000325280
     303.00000000000    1.0000000325280
     304.00000000000    1.0000000325280
     305.00000000000    1.0000000325280
     306.00000000000    1.0000000325280
     307.00000000000    1.0000000325280
     308.00000000000    1.0000000325280
     309.00000000000    1.0000000325280
     310.00000000000    1.0000000325280
     311.00000000000    1.0000000325280
     312.00000000000    1.0000000325280
     313.00000000000    1.0000000325280
     314.00000000000    1.0000000325280
     315.00000000000    1.0000000325280
     316.00000000000    1.0000000325280
     317.00000000000    1.0000000325280
     318.00000000000    1.0000000325280
     319.00000000000    1.0000000325280
     320.00000000000    1.0000000325280
     321.00000000000    1.0000000325280
     322.00000000000    1.0000000325280
     323.00000000000    1.0000000325280
     324.00000000000    1.0000000325280
     325.00000000000    1.0000000325280
     326.00000000000    1.0000000325280
     327.00000000000    1.0000000325280
     328.00000000000    1.0000000325280
     329.00000000000    1.0000000325280
     330.00000000000    1.0000000325280
     331.00000000000    1.0000000325280
     332.00000000000    1.0000000325280
     333.00000000000    1.0000000325280
     334.00000000000    1.0000000325280
     335.00000000000    1.0000000325280
     336.00000000000    1.0000000325280
     337.00000000000    1.0000000325280
     338.00000000000    1.0000000325280
     339.00000000000    1.0000000325280
     340.00000000000    1.0000000325280
     341.00000000000    1.0000000325280
     342.00000000000    1.0000000325280
     343.00000000000    1.0000000325280
     344.00000000000    1.0000000325280
     345.00000000000    1.0000000325280
     346.00000000000    1.0000000325280
     347.00000000000    1.0000000325280
     348.00000000000    1.0000000325280
     349.00000000000    1.0000000325280
     350.00000000000    1.0000000325280
     351.00000000000    1.0000000325280
     352.00000000000    1.0000000325280
     353.00000000000    1.0000000325280
     354.00000000000    1.0000000325280
     355.00000000000    1.0000000325280
     356.00000000000    1.0000000325280
     357.00000000000    1.0000000325280
     358.00000000000    1.0000000325280
     359.00000000000    1.0000000325280
     360.00000000000    1.0000000325280
     361.00000000000    1.0000000325280
     362.00000000000    1.0000000325280
     363.00000000000    1.0000000325280
     364.00000000000    1.0000000325280
     365.00000000000    1.0000000325280
     366.00000000000    1.0000000325280
     367.00000000000    1.0000000325280
     368.00000000000    1.0000000325280
     369.00000000000    1.0000000325280
     370.00000000000    1.0000000325280
     371.00000000000    1.0000000325280
     372.00000000000    1.0000000325280
     373.00000000000    1.0000000325280
     374.00000000000    1.0000000325280
     375.00000000000    1.0000000325280
     376.00000000000    1.0000000325280
     377.00000000000    1.0000000325280
     378.00000000000    1.0000000325280
     379.00000000000    1.0000000325280
     380.00000000000    1.0000000325280
     381.00000000000    1.0000000325280
     382.00000000000    1.0000000325280
     383.00000000000    1.0000000325280
     384.00000000000    1.0000000325280
     385.00000000000    1.0000000325280
     386.00000000000    1.0000000325280
     387.00000000000    1.0000000325280
     388.00000000000    1.0000000325280
     389.00000000000    1.0000000325280
     390.00000000000    1.0000000325280
     391.00000000000    1.0000000325280
     392.00000000000    1.0000000325280
     393.00000000000    1.0000000325280
     394.00000000000    1.0000000325280
     395.00000000000    1.0000000325280
     396.00000000000    1.0000000325280
     397.00000000000    1.0000000325280
     398.00000000000    1.0000000325280
     399.00000000000    1.0000000325280
     400.00000000000    1.0000000325280
     401.00000000000    1.0000000325280
     402.00000000000    1.0000000325280
     403.00000000000    1.0000000325280
     404.00000000000    1.0000000325280
     405.00000000000    1.0000000325280
     406.00000000000    1.0000000325280
     407.00000000000    1.0000000325280
     408.00000000000    1.0000000325280
     409.00000000000    1.0000000325280
     410.00000000000    1.0000000325280
     411.00000000000    1.0000000325280
     412.00000000000    1.0000000325280
     413.00000000000    1.0000000325280
     414.00000000000    1.0000000325280
     415.00000000000    1.0000000325280
     416.00000000000    1.0000000325280
     417.00000000000    1.0000000325280
     418.00000000000    1.0000000325280
     419.00000000000    1.0000000325280
     420.00000000000    1.0000000325280
     421.00000000000    1.0000000325280
     422.00000000000    1.0000000325280
     423.00000000000    1.0000000325280
     424.00000000000    1.0000000325280
     425.00000000000    1.0000000325280
     426.00000000000    1.0000000325280
     427.00000000000    1.0000000325280
     428.00000000000    1.0000000325280
     429.00000000000    1.0000000325280
     430.00000000000    1.0000000325280
     431.00000000000    1.0000000325280
     432.00000000000    1.0000000325280
     433.00000000000    1.0000000325280
     434.00000000000    1.0000000325280
     435.00000000000    1.0000000325280
     436.00000000000    1.0000000325280
     437.00000000000    1.0000000325280
     438.00000000000    1.0000000325280
     439.00000000000    1.0000000325280
     440.00000000000    1.0000000325280
     441.00000000000    1.0000000325280
     442.00000000000    1.0000000325280
     443.00000000000    1.0000000325280
     444.00000000000    1.0000000325280
     445.00000000000    1.0000000325280
     446.00000000000    1.0000000325280
     447.00000000000    1.0000000325280
     448.00000000000    1.0000000325280
     449.00000000000    1.0000000325280
     450.00000000000    1.0000000325280
     451.00000000000    1.0000000325280
     452.00000000000    1.0000000325280
     453.00000000000    1.0000000325280
     454.00000000000    1.0000000325280
     455.00000000000    1.0000000325280
     456.00000000000    1.0000000325280
     457.00000000000    1.0000000325280
     458.00000000000    1.0000000325280
     459.00000000000    1.0000000325280
     460.00000000000    1.0000000325280
     461.00000000000    1.0000000325280
     462.00000000000    1.0000000325280
     463.00000000000    1.0000000325280
     464.00000000000    1.0000000325280
     465.00000000000    1.0000000325280
     466.00000000000    1.0000000325280
     467.00000000000    1.0000000325280
     468.00000000000    1.0000000325280
     469.00000000000    1.0000000325280
     470.00000000000    1.0000000325280
     471.00000000000    1.0000000325280
     472.00000000000    1.0000000325280
     473.00000000000    1.0000000325280
     474.00000000000    1.0000000325280
     475.00000000000    1.0000000325280
     476.00000000000    1.0000000325280
     477.00000000000    1.0000000325280
     478.00000000000    1.0000000325280
     479.00000000000    1.0000000325280
     480.00000000000    1.0000000325280
     481.00000000000    1.0000000325280
     482.00000000000    1.0000000325280
     483.00000000000    1.0000000325280
     484.00000000000    1.0000000325280
     485.00000000000    1.0000000325280
     486.00000000000    1.0000000325280
     487.00000000000    1.0000000325280
     488.00000000000    1.0000000325280
     489.00000000000    1.0000000325280
     490.00000000000    1.0000000325280
     491.00000000000    1.0000000325280
     492.00000000000    1.0000000325280
     493.00000000000    1.0000000325280
     494.00000000000    1.0000000325280
     495.00000000000    1.0000000325280
     496.00000000000    1.0000000325280
     497.00000000000    1.0000000325280
     498.00000000000    1.0000000325280
     499.00000000000    1.0000000325280
     500.00000000000    1.0000000325280
