    -500.00000000000    1.0000000325280
    -499.00000000000    1.0000000325280
    -498.00000000000    1.0000000325280
    -497.00000000000    1.0000000325280
    -496.00000000000    1.0000000325280
    -495.00000000000    1.0000000325280
    -494.00000000000    1.0000000325280
    -493.00000000000    1.0000000325280
    -492.00000000000    1.0000000325280
    -491.00000000000    1.0000000325280
    -490.00000000000    1.0000000325280
    -489.00000000000    1.0000000325280
    -488.00000000000    1.0000000325280
    -487.00000000000    1.0000000325280
    -486.00000000000    1.0000000325280
    -485.00000000000    1.0000000325280
    -484.00000000000    1.0000000325280
    -483.00000000000    1.0000000325280
    -482.00000000000    1.0000000325280
    -481.00000000000    1.0000000325280
    -480.00000000000    1.0000000325280
    -479.00000000000    1.0000000325280
    -478.00000000000    1.0000000325280
    -477.00000000000    1.0000000325280
    -476.00000000000    1.0000000325280
    -475.00000000000    1.0000000325280
    -474.00000000000    1.0000000325280
    -473.00000000000    1.0000000325280
    -472.00000000000    1.0000000325280
    -471.00000000000    1.0000000325280
    -470.00000000000    1.0000000325280
    -469.00000000000    1.0000000325280
    -468.00000000000    1.0000000325280
    -467.00000000000    1.0000000325280
    -466.00000000000    1.0000000325280
    -465.00000000000    1.0000000325280
    -464.00000000000    1.0000000325280
    -463.00000000000    1.0000000325280
    -462.00000000000    1.0000000325280
    -461.00000000000    1.0000000325280
    -460.00000000000    1.0000000325280
    -459.00000000000    1.0000000325280
    -458.00000000000    1.0000000325280
    -457.00000000000    1.0000000325280
    -456.00000000000    1.0000000325280
    -455.00000000000    1.0000000325280
    -454.00000000000    1.0000000325280
    -453.00000000000    1.0000000325280
    -452.00000000000    1.0000000325280
    -451.00000000000    1.0000000325280
    -450.00000000000    1.0000000325280
    -449.00000000000    1.0000000325280
    -448.00000000000    1.0000000325280
    -447.00000000000    1.0000000325280
    -446.00000000000    1.0000000325280
    -445.00000000000    1.0000000325280
    -444.00000000000    1.0000000325280
    -443.00000000000    1.0000000325280
    -442.00000000000    1.0000000325280
    -441.00000000000    1.0000000325280
    -440.00000000000    1.0000000325280
    -439.00000000000    1.0000000325280
    -438.00000000000    1.0000000325280
    -437.00000000000    1.0000000325280
    -436.00000000000    1.0000000325280
    -435.00000000000    1.0000000325280
    -434.00000000000    1.0000000325280
    -433.00000000000    1.0000000325280
    -432.00000000000    1.0000000325280
    -431.00000000000    1.0000000325280
    -430.00000000000    1.0000000325280
    -429.00000000000    1.0000000325280
    -428.00000000000    1.0000000325280
    -427.00000000000    1.0000000325280
    -426.00000000000    1.0000000325280
    -425.00000000000    1.0000000325280
    -424.00000000000    1.0000000325280
    -423.00000000000    1.0000000325280
    -422.00000000000    1.0000000325280
    -421.00000000000    1.0000000325280
    -420.00000000000    1.0000000325280
    -419.00000000000    1.0000000325280
    -418.00000000000    1.0000000325280
    -417.00000000000    1.0000000325280
    -416.00000000000    1.0000000325280
    -415.00000000000    1.0000000325280
    -414.00000000000    1.0000000325280
    -413.00000000000    1.0000000325280
    -412.00000000000    1.0000000325280
    -411.00000000000    1.0000000325280
    -410.00000000000    1.0000000325280
    -409.00000000000    1.0000000325280
    -408.00000000000    1.0000000325280
    -407.00000000000    1.0000000325280
    -406.00000000000    1.0000000325280
    -405.00000000000    1.0000000325280
    -404.00000000000    1.0000000325280
    -403.00000000000    1.0000000325280
    -402.00000000000    1.0000000325280
    -401.00000000000    1.0000000325280
    -400.00000000000    1.0000000325280
    -399.00000000000    1.0000000325280
    -398.00000000000    1.0000000325280
    -397.00000000000    1.0000000325280
    -396.00000000000    1.0000000325280
    -395.00000000000    1.0000000325280
    -394.00000000000    1.0000000325280
    -393.00000000000    1.0000000325280
    -392.00000000000    1.0000000325280
    -391.00000000000    1.0000000325280
    -390.00000000000    1.0000000325280
    -389.00000000000    1.0000000325280
    -388.00000000000    1.0000000325280
    -387.00000000000    1.0000000325280
    -386.00000000000    1.0000000325280
    -385.00000000000    1.0000000325280
    -384.00000000000    1.0000000325280
    -383.00000000000    1.0000000325280
    -382.00000000000    1.0000000325280
    -381.00000000000    1.0000000325280
    -380.00000000000    1.0000000325280
    -379.00000000000    1.0000000325280
    -378.00000000000    1.0000000325280
    -377.00000000000    1.0000000325280
    -376.00000000000    1.0000000325280
    -375.00000000000    1.0000000325280
    -374.00000000000    1.0000000325280
    -373.00000000000    1.0000000325280
    -372.00000000000    1.0000000325280
    -371.00000000000    1.0000000325280
    -370.00000000000    1.0000000325280
    -369.00000000000    1.0000000325280
    -368.00000000000    1.0000000325280
    -367.00000000000    1.0000000325280
    -366.00000000000    1.0000000325280
    -365.00000000000    1.0000000325280
    -364.00000000000    1.0000000325280
    -363.00000000000    1.0000000325280
    -362.00000000000    1.0000000325280
    -361.00000000000    1.0000000325280
    -360.00000000000    1.0000000325280
    -359.00000000000    1.0000000325280
    -358.00000000000    1.0000000325280
    -357.00000000000    1.0000000325280
    -356.00000000000    1.0000000325280
    -355.00000000000    1.0000000325280
    -354.00000000000    1.0000000325280
    -353.00000000000    1.0000000325280
    -352.00000000000    1.0000000325280
    -351.00000000000    1.0000000325280
    -350.00000000000    1.0000000325280
    -349.00000000000    1.0000000325280
    -348.00000000000    1.0000000325280
    -347.00000000000    1.0000000325280
    -346.00000000000    1.0000000325280
    -345.00000000000    1.0000000325280
    -344.00000000000    1.0000000325280
    -343.00000000000    1.0000000325280
    -342.00000000000    1.0000000325280
    -341.00000000000    1.0000000325280
    -340.00000000000    1.0000000325280
    -339.00000000000    1.0000000325280
    -338.00000000000    1.0000000325280
    -337.00000000000    1.0000000325280
    -336.00000000000    1.0000000325280
    -335.00000000000    1.0000000325280
    -334.00000000000    1.0000000325280
    -333.00000000000    1.0000000325280
    -332.00000000000    1.0000000325280
    -331.00000000000    1.0000000325280
    -330.00000000000    1.0000000325280
    -329.00000000000    1.0000000325280
    -328.00000000000    1.0000000325280
    -327.00000000000    1.0000000325280
    -326.00000000000    1.0000000325280
    -325.00000000000    1.0000000325280
    -324.00000000000    1.0000000325280
    -323.00000000000    1.0000000325280
    -322.00000000000    1.0000000325280
    -321.00000000000    1.0000000325280
    -320.00000000000    1.0000000325280
    -319.00000000000    1.0000000325280
    -318.00000000000    1.0000000325280
    -317.00000000000    1.0000000325280
    -316.00000000000    1.0000000325280
    -315.00000000000    1.0000000325280
    -314.00000000000    1.0000000325280
    -313.00000000000    1.0000000325280
    -312.00000000000    1.0000000325280
    -311.00000000000    1.0000000325280
    -310.00000000000    1.0000000325280
    -309.00000000000    1.0000000325280
    -308.00000000000    1.0000000325280
    -307.00000000000    1.0000000325280
    -306.00000000000    1.0000000325280
    -305.00000000000    1.0000000325280
    -304.00000000000    1.0000000325280
    -303.00000000000    1.0000000325280
    -302.00000000000    1.0000000325280
    -301.00000000000    1.0000000325280
    -300.00000000000    1.0000000325280
    -299.00000000000    1.0000000325280
    -298.00000000000    1.0000000325280
    -297.00000000000    1.0000000325280
    -296.00000000000    1.0000000325280
    -295.00000000000    1.0000000325280
    -294.00000000000    1.0000000325280
    -293.00000000000    1.0000000325280
    -292.00000000000    1.0000000325280
    -291.00000000000    1.0000000325280
    -290.00000000000    1.0000000325280
    -289.00000000000    1.0000000325280
    -288.00000000000    1.0000000325280
    -287.00000000000    1.0000000325280
    -286.00000000000    1.0000000325280
    -285.00000000000    1.0000000325279
    -284.00000000000    1.0000000325276
    -283.00000000000    1.0000000325264
    -282.00000000000    1.0000000325223
    -281.00000000000    1.0000000325081
    -280.00000000000    1.0000000324617
    -279.00000000000    1.0000000323163
    -278.00000000000    1.0000000318802
    -277.00000000000    1.0000000306290
    -276.00000000000    1.0000000271927
    -275.00000000000    1.0000000181607
    -274.00000000000   0.99999999543661
    -273.00000000000   0.99999994070628
    -272.00000000000   0.99999981450615
    -271.00000000000   0.99999953587126
    -270.00000000000   0.99999894673402
    -269.00000000000   0.99999775364516
    -268.00000000000   0.99999543899861
    -267.00000000000   0.99999113626511
    -266.00000000000   0.99998347044222
    -265.00000000000   0.99997037706842
    -264.00000000000   0.99994893002946
    -263.00000000000   0.99991522648971
    -262.00000000000   0.99986438999750
    -261.00000000000   0.99979075174879
    -260.00000000000   0.99968824810405
    -259.00000000000   0.99955102822670
    -258.00000000000   0.99937420650219
    -257.00000000000   0.99915463661032
    -256.00000000000   0.99889154887055
    -255.00000000000   0.99858689749966
    -254.00000000000   0.99824531550970
    -253.00000000000   0.99787366128564
    -252.00000000000   0.99748023722070
    -251.00000000000   0.99707383667991
    -250.00000000000   0.99666280726856
    -249.00000000000   0.99625429819213
    -248.00000000000   0.99585379797223
    -247.00000000000   0.99546498922992
    -246.00000000000   0.99508987553274
    -245.00000000000   0.99472909011712
    -244.00000000000   0.99438228396135
    -243.00000000000   0.99404850581156
    -242.00000000000   0.99372651717696
    -241.00000000000   0.99341501809088
    -240.00000000000   0.99311278537177
    -239.00000000000   0.99281874034571
    -238.00000000000   0.99253196816096
    -237.00000000000   0.99225170906935
    -236.00000000000   0.99197733696399
    -235.00000000000   0.99170833483493
    -234.00000000000   0.99144427218825
    -233.00000000000   0.99118478636871
    -232.00000000000   0.99092956798774
    -231.00000000000   0.99067834988736
    -230.00000000000   0.99043089886420
    -229.00000000000   0.99018700943902
    -228.00000000000   0.98994649910663
    -227.00000000000   0.98970920465307
    -226.00000000000   0.98947497924922
    -225.00000000000   0.98924369011878
    -224.00000000000   0.98901521663958
    -223.00000000000   0.98878944877810
    -222.00000000000   0.98856628578475
    -221.00000000000   0.98834563509651
    -220.00000000000   0.98812741140623
    -219.00000000000   0.98791153586785
    -218.00000000000   0.98769793541316
    -217.00000000000   0.98748654216109
    -216.00000000000   0.98727729290426
    -215.00000000000   0.98707012866050
    -214.00000000000   0.98686499427943
    -213.00000000000   0.98666183809576
    -212.00000000000   0.98646061162272
    -211.00000000000   0.98626126927987
    -210.00000000000   0.98606376815074
    -209.00000000000   0.98586806776621
    -208.00000000000   0.98567412991038
    -207.00000000000   0.98548191844614
    -206.00000000000   0.98529139915795
    -205.00000000000   0.98510253960976
    -204.00000000000   0.98491530901644
    -203.00000000000   0.98472967812696
    -202.00000000000   0.98454561911819
    -201.00000000000   0.98436310549810
    -200.00000000000   0.98418211201726
    -199.00000000000   0.98400261458796
    -198.00000000000   0.98382459020996
    -197.00000000000   0.98364801690239
    -196.00000000000   0.98347287364103
    -195.00000000000   0.98329914030054
    -194.00000000000   0.98312679760119
    -193.00000000000   0.98295582705956
    -192.00000000000   0.98278621094298
    -191.00000000000   0.98261793222725
    -190.00000000000   0.98245097455745
    -189.00000000000   0.98228532221149
    -188.00000000000   0.98212096006621
    -187.00000000000   0.98195787356584
    -186.00000000000   0.98179604869252
    -185.00000000000   0.98163547193882
    -184.00000000000   0.98147613028211
    -183.00000000000   0.98131801116044
    -182.00000000000   0.98116110245011
    -181.00000000000   0.98100539244456
    -180.00000000000   0.98085086983456
    -179.00000000000   0.98069752368963
    -178.00000000000   0.98054534344059
    -177.00000000000   0.98039431886310
    -176.00000000000   0.98024444006219
    -175.00000000000   0.98009569745767
    -174.00000000000   0.97994808177040
    -173.00000000000   0.97980158400928
    -172.00000000000   0.97965619545901
    -171.00000000000   0.97951190766846
    -170.00000000000   0.97936871243976
    -169.00000000000   0.97922660181789
    -168.00000000000   0.97908556808085
    -167.00000000000   0.97894560373034
    -166.00000000000   0.97880670148295
    -165.00000000000   0.97866885426173
    -164.00000000000   0.97853205518825
    -163.00000000000   0.97839629757504
    -162.00000000000   0.97826157491835
    -161.00000000000   0.97812788089137
    -160.00000000000   0.97799520933766
    -159.00000000000   0.97786355426495
    -158.00000000000   0.97773290983927
    -157.00000000000   0.97760327037926
    -156.00000000000   0.97747463035081
    -155.00000000000   0.97734698436193
    -154.00000000000   0.97722032715787
    -153.00000000000   0.97709465361641
    -152.00000000000   0.97696995874338
    -151.00000000000   0.97684623766842
    -150.00000000000   0.97672348564086
    -149.00000000000   0.97660169802581
    -148.00000000000   0.97648087030040
    -147.00000000000   0.97636099805024
    -146.00000000000   0.97624207696589
    -145.00000000000   0.97612410283965
    -144.00000000000   0.97600707156236
    -143.00000000000   0.97589097912034
    -142.00000000000   0.97577582159252
    -141.00000000000   0.97566159514763
    -140.00000000000   0.97554829604152
    -139.00000000000   0.97543592061457
    -138.00000000000   0.97532446528920
    -137.00000000000   0.97521392656752
    -136.00000000000   0.97510430102901
    -135.00000000000   0.97499558532834
    -134.00000000000   0.97488777619320
    -133.00000000000   0.97478087042233
    -132.00000000000   0.97467486488349
    -131.00000000000   0.97456975651157
    -130.00000000000   0.97446554230682
    -129.00000000000   0.97436221933301
    -128.00000000000   0.97425978471580
    -127.00000000000   0.97415823564106
    -126.00000000000   0.97405756935332
    -125.00000000000   0.97395778315422
    -124.00000000000   0.97385887440108
    -123.00000000000   0.97376084050543
    -122.00000000000   0.97366367893167
    -121.00000000000   0.97356738719574
    -120.00000000000   0.97347196286384
    -119.00000000000   0.97337740355119
    -118.00000000000   0.97328370692086
    -117.00000000000   0.97319087068256
    -116.00000000000   0.97309889259157
    -115.00000000000   0.97300777044766
    -114.00000000000   0.97291750209400
    -113.00000000000   0.97282808541619
    -112.00000000000   0.97273951834128
    -111.00000000000   0.97265179883679
    -110.00000000000   0.97256492490981
    -109.00000000000   0.97247889460611
    -108.00000000000   0.97239370600930
    -107.00000000000   0.97230935723995
    -106.00000000000   0.97222584645481
   -105.000000000000   0.97214317184602
   -104.000000000000   0.97206133164035
   -103.000000000000   0.97198032409848
   -102.000000000000   0.97190014751423
   -101.000000000000   0.97182080021394
   -100.000000000000   0.97174228055575
    -99.000000000000   0.97166458692895
    -98.000000000000   0.97158771775337
    -97.000000000000   0.97151167147875
    -96.000000000000   0.97143644658412
    -95.000000000000   0.97136204157729
    -94.000000000000   0.97128845499420
    -93.000000000000   0.97121568539844
    -92.000000000000   0.97114373138069
    -91.000000000000   0.97107259155823
    -90.000000000000   0.97100226457437
    -89.000000000000   0.97093274909808
    -88.000000000000   0.97086404382341
    -87.000000000000   0.97079614746908
    -86.000000000000   0.97072905877803
    -85.000000000000   0.97066277651698
    -84.000000000000   0.97059729947604
    -83.000000000000   0.97053262646821
    -82.000000000000   0.97046875632908
    -81.000000000000   0.97040568791643
    -80.000000000000   0.97034342010980
    -79.000000000000   0.97028195181013
    -78.000000000000   0.97022128193946
    -77.000000000000   0.97016140944055
    -76.000000000000   0.97010233327653
    -75.000000000000   0.97004405243057
    -74.000000000000   0.96998656590560
    -73.000000000000   0.96992987272397
    -72.000000000000   0.96987397192715
    -71.000000000000   0.96981886257542
    -70.000000000000   0.96976454374763
    -69.000000000000   0.96971101454090
    -68.000000000000   0.96965827407032
    -67.000000000000   0.96960632146871
    -66.000000000000   0.96955515588637
    -65.000000000000   0.96950477649089
    -64.000000000000   0.96945518246676
    -63.000000000000   0.96940637301521
    -62.000000000000   0.96935834735405
    -61.000000000000   0.96931110471742
    -60.000000000000   0.96926464435543
    -59.000000000000   0.96921896553408
    -58.000000000000   0.96917406753509
    -57.000000000000   0.96912994965568
    -56.000000000000   0.96908661120821
    -55.000000000000   0.96904405152014
    -54.000000000000   0.96900226993394
    -53.000000000000   0.96896126580676
    -52.000000000000   0.96892103851020
    -51.000000000000   0.96888158743026
    -50.000000000000   0.96884291196725
    -49.000000000000   0.96880501153552
    -48.000000000000   0.96876788556320
    -47.000000000000   0.96873153349218
    -46.000000000000   0.96869595477809
    -45.000000000000   0.96866114888999
    -44.000000000000   0.96862711531013
    -43.000000000000   0.96859385353396
    -42.000000000000   0.96856136307017
    -41.000000000000   0.96852964344032
    -40.000000000000   0.96849869417864
    -39.000000000000   0.96846851483208
    -38.000000000000   0.96843910496035
    -37.000000000000   0.96841046413561
    -36.000000000000   0.96838259194216
    -35.000000000000   0.96835548797662
    -34.000000000000   0.96832915184798
    -33.000000000000   0.96830358317724
    -32.000000000000   0.96827878159714
    -31.000000000000   0.96825474675236
    -30.000000000000   0.96823147829963
    -29.000000000000   0.96820897590728
    -28.000000000000   0.96818723925507
    -27.000000000000   0.96816626803436
    -26.000000000000   0.96814606194823
    -25.000000000000   0.96812662071111
    -24.000000000000   0.96810794404851
    -23.000000000000   0.96809003169726
    -22.000000000000   0.96807288340567
    -21.000000000000   0.96805649893316
    -20.000000000000   0.96804087804994
    -19.000000000000   0.96802602053731
    -18.000000000000   0.96801192618787
    -17.000000000000   0.96799859480507
    -16.000000000000   0.96798602620298
    -15.000000000000   0.96797422020653
    -14.000000000000   0.96796317665181
    -13.000000000000   0.96795289538559
    -12.000000000000   0.96794337626507
    -11.000000000000   0.96793461915819
   -10.0000000000000   0.96792662394389
    -9.0000000000000   0.96791939051168
    -8.0000000000000   0.96791291876138
    -7.0000000000000   0.96790720860342
    -6.0000000000000   0.96790225995913
    -5.0000000000000   0.96789807276039
    -4.0000000000000   0.96789464694923
    -3.0000000000000   0.96789198247826
    -2.0000000000000   0.96789007931092
    -1.0000000000000   0.96788893742115
   0.   0.96788855679303
     1.0000000000000   0.96788893742115
     2.0000000000000   0.96789007931092
     3.0000000000000   0.96789198247826
     4.0000000000000   0.96789464694923
     5.0000000000000   0.96789807276039
     6.0000000000000   0.96790225995913
     7.0000000000000   0.96790720860342
     8.0000000000000   0.96791291876138
     9.0000000000000   0.96791939051168
    10.0000000000000   0.96792662394389
     11.000000000000   0.96793461915819
     12.000000000000   0.96794337626507
     13.000000000000   0.96795289538559
     14.000000000000   0.96796317665181
     15.000000000000   0.96797422020653
     16.000000000000   0.96798602620298
     17.000000000000   0.96799859480507
     18.000000000000   0.96801192618787
     19.000000000000   0.96802602053732
     20.000000000000   0.96804087804994
     21.000000000000   0.96805649893316
     22.000000000000   0.96807288340567
     23.000000000000   0.96809003169726
     24.000000000000   0.96810794404851
     25.000000000000   0.96812662071111
     26.000000000000   0.96814606194823
     27.000000000000   0.96816626803436
     28.000000000000   0.96818723925507
     29.000000000000   0.96820897590728
     30.000000000000   0.96823147829963
     31.000000000000   0.96825474675236
     32.000000000000   0.96827878159714
     33.000000000000   0.96830358317724
     34.000000000000   0.96832915184798
     35.000000000000   0.96835548797662
     36.000000000000   0.96838259194216
     37.000000000000   0.96841046413561
     38.000000000000   0.96843910496035
     39.000000000000   0.96846851483208
     40.000000000000   0.96849869417864
     41.000000000000   0.96852964344032
     42.000000000000   0.96856136307017
     43.000000000000   0.96859385353396
     44.000000000000   0.96862711531013
     45.000000000000   0.96866114888999
     46.000000000000   0.96869595477809
     47.000000000000   0.96873153349218
     48.000000000000   0.96876788556320
     49.000000000000   0.96880501153552
     50.000000000000   0.96884291196725
     51.000000000000   0.96888158743026
     52.000000000000   0.96892103851020
     53.000000000000   0.96896126580676
     54.000000000000   0.96900226993394
     55.000000000000   0.96904405152014
     56.000000000000   0.96908661120821
     57.000000000000   0.96912994965568
     58.000000000000   0.96917406753509
     59.000000000000   0.96921896553408
     60.000000000000   0.96926464435543
     61.000000000000   0.96931110471742
     62.000000000000   0.96935834735405
     63.000000000000   0.96940637301521
     64.000000000000   0.96945518246676
     65.000000000000   0.96950477649089
     66.000000000000   0.96955515588637
     67.000000000000   0.96960632146871
     68.000000000000   0.96965827407032
     69.000000000000   0.96971101454090
     70.000000000000   0.96976454374763
     71.000000000000   0.96981886257542
     72.000000000000   0.96987397192715
     73.000000000000   0.96992987272397
     74.000000000000   0.96998656590560
     75.000000000000   0.97004405243057
     76.000000000000   0.97010233327653
     77.000000000000   0.97016140944055
     78.000000000000   0.97022128193946
     79.000000000000   0.97028195181013
     80.000000000000   0.97034342010980
     81.000000000000   0.97040568791643
     82.000000000000   0.97046875632908
     83.000000000000   0.97053262646821
     84.000000000000   0.97059729947603
     85.000000000000   0.97066277651698
     86.000000000000   0.97072905877803
     87.000000000000   0.97079614746908
     88.000000000000   0.97086404382341
     89.000000000000   0.97093274909808
     90.000000000000   0.97100226457437
     91.000000000000   0.97107259155823
     92.000000000000   0.97114373138069
     93.000000000000   0.97121568539844
     94.000000000000   0.97128845499420
     95.000000000000   0.97136204157729
     96.000000000000   0.97143644658412
     97.000000000000   0.97151167147875
     98.000000000000   0.97158771775337
     99.000000000000   0.97166458692895
    100.000000000000   0.97174228055575
    101.000000000000   0.97182080021394
    102.000000000000   0.97190014751423
    103.000000000000   0.97198032409848
    104.000000000000   0.97206133164035
    105.000000000000   0.97214317184602
     106.00000000000   0.97222584645481
     107.00000000000   0.97230935723995
     108.00000000000   0.97239370600930
     109.00000000000   0.97247889460611
     110.00000000000   0.97256492490981
     111.00000000000   0.97265179883679
     112.00000000000   0.97273951834128
     113.00000000000   0.97282808541619
     114.00000000000   0.97291750209400
     115.00000000000   0.97300777044766
     116.00000000000   0.97309889259157
     117.00000000000   0.97319087068256
     118.00000000000   0.97328370692086
     119.00000000000   0.97337740355119
     120.00000000000   0.97347196286384
     121.00000000000   0.97356738719574
     122.00000000000   0.97366367893167
     123.00000000000   0.97376084050543
     124.00000000000   0.97385887440108
     125.00000000000   0.97395778315422
     126.00000000000   0.97405756935332
     127.00000000000   0.97415823564106
     128.00000000000   0.97425978471580
     129.00000000000   0.97436221933301
     130.00000000000   0.97446554230682
     131.00000000000   0.97456975651157
     132.00000000000   0.97467486488349
     133.00000000000   0.97478087042233
     134.00000000000   0.97488777619320
     135.00000000000   0.97499558532834
     136.00000000000   0.97510430102901
     137.00000000000   0.97521392656752
     138.00000000000   0.97532446528920
     139.00000000000   0.97543592061457
     140.00000000000   0.97554829604152
     141.00000000000   0.97566159514763
     142.00000000000   0.97577582159252
     143.00000000000   0.97589097912034
     144.00000000000   0.97600707156236
     145.00000000000   0.97612410283965
     146.00000000000   0.97624207696589
     147.00000000000   0.97636099805024
     148.00000000000   0.97648087030040
     149.00000000000   0.97660169802581
     150.00000000000   0.97672348564086
     151.00000000000   0.97684623766842
     152.00000000000   0.97696995874338
     153.00000000000   0.97709465361641
     154.00000000000   0.97722032715787
     155.00000000000   0.97734698436193
     156.00000000000   0.97747463035081
     157.00000000000   0.97760327037926
     158.00000000000   0.97773290983927
     159.00000000000   0.97786355426495
     160.00000000000   0.97799520933766
     161.00000000000   0.97812788089137
     162.00000000000   0.97826157491835
     163.00000000000   0.97839629757504
     164.00000000000   0.97853205518825
     165.00000000000   0.97866885426173
     166.00000000000   0.97880670148295
     167.00000000000   0.97894560373034
     168.00000000000   0.97908556808085
     169.00000000000   0.97922660181789
     170.00000000000   0.97936871243976
     171.00000000000   0.97951190766846
     172.00000000000   0.97965619545901
     173.00000000000   0.97980158400928
     174.00000000000   0.97994808177040
     175.00000000000   0.98009569745767
     176.00000000000   0.98024444006219
     177.00000000000   0.98039431886310
     178.00000000000   0.98054534344059
     179.00000000000   0.98069752368963
     180.00000000000   0.98085086983456
     181.00000000000   0.98100539244456
     182.00000000000   0.98116110245011
     183.00000000000   0.98131801116044
     184.00000000000   0.98147613028211
     185.00000000000   0.98163547193882
     186.00000000000   0.98179604869252
     187.00000000000   0.98195787356584
     188.00000000000   0.98212096006621
     189.00000000000   0.98228532221149
     190.00000000000   0.98245097455745
     191.00000000000   0.98261793222725
     192.00000000000   0.98278621094298
     193.00000000000   0.98295582705956
     194.00000000000   0.98312679760118
     195.00000000000   0.98329914030054
     196.00000000000   0.98347287364103
     197.00000000000   0.98364801690239
     198.00000000000   0.98382459020996
     199.00000000000   0.98400261458796
     200.00000000000   0.98418211201726
     201.00000000000   0.98436310549810
     202.00000000000   0.98454561911819
     203.00000000000   0.98472967812696
     204.00000000000   0.98491530901644
     205.00000000000   0.98510253960976
     206.00000000000   0.98529139915795
     207.00000000000   0.98548191844614
     208.00000000000   0.98567412991038
     209.00000000000   0.98586806776621
     210.00000000000   0.98606376815074
     211.00000000000   0.98626126927987
     212.00000000000   0.98646061162272
     213.00000000000   0.98666183809576
     214.00000000000   0.98686499427943
     215.00000000000   0.98707012866050
     216.00000000000   0.98727729290426
     217.00000000000   0.98748654216109
     218.00000000000   0.98769793541316
     219.00000000000   0.98791153586785
     220.00000000000   0.98812741140623
     221.00000000000   0.98834563509651
     222.00000000000   0.98856628578475
     223.00000000000   0.98878944877810
     224.00000000000   0.98901521663958
     225.00000000000   0.98924369011878
     226.00000000000   0.98947497924922
     227.00000000000   0.98970920465307
     228.00000000000   0.98994649910663
     229.00000000000   0.99018700943901
     230.00000000000   0.99043089886420
     231.00000000000   0.99067834988736
     232.00000000000   0.99092956798774
     233.00000000000   0.99118478636871
     234.00000000000   0.99144427218825
     235.00000000000   0.99170833483493
     236.00000000000   0.99197733696399
     237.00000000000   0.99225170906935
     238.00000000000   0.99253196816096
     239.00000000000   0.99281874034571
     240.00000000000   0.99311278537177
     241.00000000000   0.99341501809088
     242.00000000000   0.99372651717696
     243.00000000000   0.99404850581156
     244.00000000000   0.99438228396135
     245.00000000000   0.99472909011712
     246.00000000000   0.99508987553274
     247.00000000000   0.99546498922992
     248.00000000000   0.99585379797223
     249.00000000000   0.99625429819213
     250.00000000000   0.99666280726856
     251.00000000000   0.99707383667991
     252.00000000000   0.99748023722070
     253.00000000000   0.99787366128564
     254.00000000000   0.99824531550970
     255.00000000000   0.99858689749966
     256.00000000000   0.99889154887055
     257.00000000000   0.99915463661032
     258.00000000000   0.99937420650219
     259.00000000000   0.99955102822670
     260.00000000000   0.99968824810405
     261.00000000000   0.99979075174879
     262.00000000000   0.99986438999750
     263.00000000000   0.99991522648971
     264.00000000000   0.99994893002946
     265.00000000000   0.99997037706842
     266.00000000000   0.99998347044222
     267.00000000000   0.99999113626511
     268.00000000000   0.99999543899861
     269.00000000000   0.99999775364516
     270.00000000000   0.99999894673402
     271.00000000000   0.99999953587126
     272.00000000000   0.99999981450615
     273.00000000000   0.99999994070628
     274.00000000000   0.99999999543661
     275.00000000000    1.0000000181607
     276.00000000000    1.0000000271927
     277.00000000000    1.0000000306290
     278.00000000000    1.0000000318802
     279.00000000000    1.0000000323163
     280.00000000000    1.0000000324617
     281.00000000000    1.0000000325081
     282.00000000000    1.0000000325223
     283.00000000000    1.0000000325264
     284.00000000000    1.0000000325276
     285.00000000000    1.0000000325279
     286.00000000000    1.0000000325280
     287.00000000000    1.0000000325280
     288.00000000000    1.0000000325280
     289.00000000000    1.0000000325280
     290.00000000000    1.0000000325280
     291.00000000000    1.0000000325280
     292.00000000000    1.0000000325280
     293.00000000000    1.0000000325280
     294.00000000000    1.0000000325280
     295.00000000000    1.0000000325280
     296.00000000000    1.0000000325280
     297.00000000000    1.0000000325280
     298.00000000000    1.0000000325280
     299.00000000000    1.0000000325280
     300.00000000000    1.0000000325280
     301.00000000000    1.0000000325280
     302.00000000000    1.0000000325280
     303.00000000000    1.0000000325280
     304.00000000000    1.0000000325280
     305.00000000000    1.0000000325280
     306.00000000000    1.0000000325280
     307.00000000000    1.0000000325280
     308.00000000000    1.0000000325280
     309.00000000000    1.0000000325280
     310.00000000000    1.0000000325280
     311.00000000000    1.0000000325280
     312.00000000000    1.0000000325280
     313.00000000000    1.0000000325280
     314.00000000000    1.0000000325280
     315.00000000000    1.0000000325280
     316.00000000000    1.0000000325280
     317.00000000000    1.0000000325280
     318.00000000000    1.0000000325280
     319.00000000000    1.0000000325280
     320.00000000000    1.0000000325280
     321.00000000000    1.0000000325280
     322.00000000000    1.0000000325280
     323.00000000000    1.0000000325280
     324.00000000000    1.0000000325280
     325.00000000000    1.0000000325280
     326.00000000000    1.0000000325280
     327.00000000000    1.0000000325280
     328.00000000000    1.0000000325280
     329.00000000000    1.0000000325280
     330.00000000000    1.0000000325280
     331.00000000000    1.0000000325280
     332.00000000000    1.0000000325280
     333.00000000000    1.0000000325280
     334.00000000000    1.0000000325280
     335.00000000000    1.0000000325280
     336.00000000000    1.0000000325280
     337.00000000000    1.0000000325280
     338.00000000000    1.0000000325280
     339.00000000000    1.0000000325280
     340.00000000000    1.0000000325280
     341.00000000000    1.0000000325280
     342.00000000000    1.0000000325280
     343.00000000000    1.0000000325280
     344.00000000000    1.0000000325280
     345.00000000000    1.0000000325280
     346.00000000000    1.0000000325280
     347.00000000000    1.0000000325280
     348.00000000000    1.0000000325280
     349.00000000000    1.0000000325280
     350.00000000000    1.0000000325280
     351.00000000000    1.0000000325280
     352.00000000000    1.0000000325280
     353.00000000000    1.0000000325280
     354.00000000000    1.0000000325280
     355.00000000000    1.0000000325280
     356.00000000000    1.0000000325280
     357.00000000000    1.0000000325280
     358.00000000000    1.0000000325280
     359.00000000000    1.0000000325280
     360.00000000000    1.0000000325280
     361.00000000000    1.0000000325280
     362.00000000000    1.0000000325280
     363.00000000000    1.0000000325280
     364.00000000000    1.0000000325280
     365.00000000000    1.0000000325280
     366.00000000000    1.0000000325280
     367.00000000000    1.0000000325280
     368.00000000000    1.0000000325280
     369.00000000000    1.0000000325280
     370.00000000000    1.0000000325280
     371.00000000000    1.0000000325280
     372.00000000000    1.0000000325280
     373.00000000000    1.0000000325280
     374.00000000000    1.0000000325280
     375.00000000000    1.0000000325280
     376.00000000000    1.0000000325280
     377.00000000000    1.0000000325280
     378.00000000000    1.0000000325280
     379.00000000000    1.0000000325280
     380.00000000000    1.0000000325280
     381.00000000000    1.0000000325280
     382.00000000000    1.0000000325280
     383.00000000000    1.0000000325280
     384.00000000000    1.0000000325280
     385.00000000000    1.0000000325280
     386.00000000000    1.0000000325280
     387.00000000000    1.0000000325280
     388.00000000000    1.0000000325280
     389.00000000000    1.0000000325280
     390.00000000000    1.0000000325280
     391.00000000000    1.0000000325280
     392.00000000000    1.0000000325280
     393.00000000000    1.0000000325280
     394.00000000000    1.0000000325280
     395.00000000000    1.0000000325280
     396.00000000000    1.0000000325280
     397.00000000000    1.0000000325280
     398.00000000000    1.0000000325280
     399.00000000000    1.0000000325280
     400.00000000000    1.0000000325280
     401.00000000000    1.0000000325280
     402.00000000000    1.0000000325280
     403.00000000000    1.0000000325280
     404.00000000000    1.0000000325280
     405.00000000000    1.0000000325280
     406.00000000000    1.0000000325280
     407.00000000000    1.0000000325280
     408.00000000000    1.0000000325280
     409.00000000000    1.0000000325280
     410.00000000000    1.0000000325280
     411.00000000000    1.0000000325280
     412.00000000000    1.0000000325280
     413.00000000000    1.0000000325280
     414.00000000000    1.0000000325280
     415.00000000000    1.0000000325280
     416.00000000000    1.0000000325280
     417.00000000000    1.0000000325280
     418.00000000000    1.0000000325280
     419.00000000000    1.0000000325280
     420.00000000000    1.0000000325280
     421.00000000000    1.0000000325280
     422.00000000000    1.0000000325280
     423.00000000000    1.0000000325280
     424.00000000000    1.0000000325280
     425.00000000000    1.0000000325280
     426.00000000000    1.0000000325280
     427.00000000000    1.0000000325280
     428.00000000000    1.0000000325280
     429.00000000000    1.0000000325280
     430.00000000000    1.0000000325280
     431.00000000000    1.0000000325280
     432.00000000000    1.0000000325280
     433.00000000000    1.0000000325280
     434.00000000000    1.0000000325280
     435.00000000000    1.0000000325280
     436.00000000000    1.0000000325280
     437.00000000000    1.0000000325280
     438.00000000000    1.0000000325280
     439.00000000000    1.0000000325280
     440.00000000000    1.0000000325280
     441.00000000000    1.0000000325280
     442.00000000000    1.0000000325280
     443.00000000000    1.0000000325280
     444.00000000000    1.0000000325280
     445.00000000000    1.0000000325280
     446.00000000000    1.0000000325280
     447.00000000000    1.0000000325280
     448.00000000000    1.0000000325280
     449.00000000000    1.0000000325280
     450.00000000000    1.0000000325280
     451.00000000000    1.0000000325280
     452.00000000000    1.0000000325280
     453.00000000000    1.0000000325280
     454.00000000000    1.0000000325280
     455.00000000000    1.0000000325280
     456.00000000000    1.0000000325280
     457.00000000000    1.0000000325280
     458.00000000000    1.0000000325280
     459.00000000000    1.0000000325280
     460.00000000000    1.0000000325280
     461.00000000000    1.0000000325280
     462.00000000000    1.0000000325280
     463.00000000000    1.0000000325280
     464.00000000000    1.0000000325280
     465.00000000000    1.0000000325280
     466.00000000000    1.0000000325280
     467.00000000000    1.0000000325280
     468.00000000000    1.0000000325280
     469.00000000000    1.0000000325280
     470.00000000000    1.0000000325280
     471.00000000000    1.0000000325280
     472.00000000000    1.0000000325280
     473.00000000000    1.0000000325280
     474.00000000000    1.0000000325280
     475.00000000000    1.0000000325280
     476.00000000000    1.0000000325280
     477.00000000000    1.0000000325280
     478.00000000000    1.0000000325280
     479.00000000000    1.0000000325280
     480.00000000000    1.0000000325280
     481.00000000000    1.0000000325280
     482.00000000000    1.0000000325280
     483.00000000000    1.0000000325280
     484.00000000000    1.0000000325280
     485.00000000000    1.0000000325280
     486.00000000000    1.0000000325280
     487.00000000000    1.0000000325280
     488.00000000000    1.0000000325280
     489.00000000000    1.0000000325280
     490.00000000000    1.0000000325280
     491.00000000000    1.0000000325280
     492.00000000000    1.0000000325280
     493.00000000000    1.0000000325280
     494.00000000000    1.0000000325280
     495.00000000000    1.0000000325280
     496.00000000000    1.0000000325280
     497.00000000000    1.0000000325280
     498.00000000000    1.0000000325280
     499.00000000000    1.0000000325280
     500.00000000000    1.0000000325280
