    -500.00000000000    1.0000000325280
    -499.00000000000    1.0000000325280
    -498.00000000000    1.0000000325280
    -497.00000000000    1.0000000325280
    -496.00000000000    1.0000000325280
    -495.00000000000    1.0000000325280
    -494.00000000000    1.0000000325280
    -493.00000000000    1.0000000325280
    -492.00000000000    1.0000000325280
    -491.00000000000    1.0000000325280
    -490.00000000000    1.0000000325280
    -489.00000000000    1.0000000325280
    -488.00000000000    1.0000000325280
    -487.00000000000    1.0000000325280
    -486.00000000000    1.0000000325280
    -485.00000000000    1.0000000325280
    -484.00000000000    1.0000000325280
    -483.00000000000    1.0000000325280
    -482.00000000000    1.0000000325280
    -481.00000000000    1.0000000325280
    -480.00000000000    1.0000000325280
    -479.00000000000    1.0000000325280
    -478.00000000000    1.0000000325280
    -477.00000000000    1.0000000325280
    -476.00000000000    1.0000000325280
    -475.00000000000    1.0000000325280
    -474.00000000000    1.0000000325280
    -473.00000000000    1.0000000325280
    -472.00000000000    1.0000000325280
    -471.00000000000    1.0000000325280
    -470.00000000000    1.0000000325280
    -469.00000000000    1.0000000325280
    -468.00000000000    1.0000000325280
    -467.00000000000    1.0000000325280
    -466.00000000000    1.0000000325280
    -465.00000000000    1.0000000325280
    -464.00000000000    1.0000000325280
    -463.00000000000    1.0000000325280
    -462.00000000000    1.0000000325280
    -461.00000000000    1.0000000325280
    -460.00000000000    1.0000000325280
    -459.00000000000    1.0000000325280
    -458.00000000000    1.0000000325280
    -457.00000000000    1.0000000325280
    -456.00000000000    1.0000000325280
    -455.00000000000    1.0000000325280
    -454.00000000000    1.0000000325280
    -453.00000000000    1.0000000325280
    -452.00000000000    1.0000000325280
    -451.00000000000    1.0000000325280
    -450.00000000000    1.0000000325280
    -449.00000000000    1.0000000325280
    -448.00000000000    1.0000000325280
    -447.00000000000    1.0000000325280
    -446.00000000000    1.0000000325280
    -445.00000000000    1.0000000325280
    -444.00000000000    1.0000000325280
    -443.00000000000    1.0000000325280
    -442.00000000000    1.0000000325280
    -441.00000000000    1.0000000325280
    -440.00000000000    1.0000000325280
    -439.00000000000    1.0000000325280
    -438.00000000000    1.0000000325280
    -437.00000000000    1.0000000325280
    -436.00000000000    1.0000000325280
    -435.00000000000    1.0000000325280
    -434.00000000000    1.0000000325280
    -433.00000000000    1.0000000325280
    -432.00000000000    1.0000000325280
    -431.00000000000    1.0000000325280
    -430.00000000000    1.0000000325280
    -429.00000000000    1.0000000325280
    -428.00000000000    1.0000000325280
    -427.00000000000    1.0000000325280
    -426.00000000000    1.0000000325280
    -425.00000000000    1.0000000325280
    -424.00000000000    1.0000000325280
    -423.00000000000    1.0000000325280
    -422.00000000000    1.0000000325280
    -421.00000000000    1.0000000325280
    -420.00000000000    1.0000000325280
    -419.00000000000    1.0000000325280
    -418.00000000000    1.0000000325280
    -417.00000000000    1.0000000325280
    -416.00000000000    1.0000000325280
    -415.00000000000    1.0000000325280
    -414.00000000000    1.0000000325280
    -413.00000000000    1.0000000325280
    -412.00000000000    1.0000000325280
    -411.00000000000    1.0000000325280
    -410.00000000000    1.0000000325280
    -409.00000000000    1.0000000325280
    -408.00000000000    1.0000000325280
    -407.00000000000    1.0000000325280
    -406.00000000000    1.0000000325280
    -405.00000000000    1.0000000325280
    -404.00000000000    1.0000000325280
    -403.00000000000    1.0000000325280
    -402.00000000000    1.0000000325280
    -401.00000000000    1.0000000325280
    -400.00000000000    1.0000000325280
    -399.00000000000    1.0000000325280
    -398.00000000000    1.0000000325280
    -397.00000000000    1.0000000325280
    -396.00000000000    1.0000000325280
    -395.00000000000    1.0000000325280
    -394.00000000000    1.0000000325280
    -393.00000000000    1.0000000325280
    -392.00000000000    1.0000000325280
    -391.00000000000    1.0000000325280
    -390.00000000000    1.0000000325280
    -389.00000000000    1.0000000325280
    -388.00000000000    1.0000000325280
    -387.00000000000    1.0000000325280
    -386.00000000000    1.0000000325280
    -385.00000000000    1.0000000325280
    -384.00000000000    1.0000000325280
    -383.00000000000    1.0000000325280
    -382.00000000000    1.0000000325280
    -381.00000000000    1.0000000325280
    -380.00000000000    1.0000000325280
    -379.00000000000    1.0000000325280
    -378.00000000000    1.0000000325280
    -377.00000000000    1.0000000325280
    -376.00000000000    1.0000000325280
    -375.00000000000    1.0000000325280
    -374.00000000000    1.0000000325280
    -373.00000000000    1.0000000325280
    -372.00000000000    1.0000000325280
    -371.00000000000    1.0000000325280
    -370.00000000000    1.0000000325280
    -369.00000000000    1.0000000325280
    -368.00000000000    1.0000000325280
    -367.00000000000    1.0000000325280
    -366.00000000000    1.0000000325280
    -365.00000000000    1.0000000325280
    -364.00000000000    1.0000000325280
    -363.00000000000    1.0000000325280
    -362.00000000000    1.0000000325280
    -361.00000000000    1.0000000325280
    -360.00000000000    1.0000000325280
    -359.00000000000    1.0000000325280
    -358.00000000000    1.0000000325280
    -357.00000000000    1.0000000325280
    -356.00000000000    1.0000000325280
    -355.00000000000    1.0000000325280
    -354.00000000000    1.0000000325280
    -353.00000000000    1.0000000325280
    -352.00000000000    1.0000000325280
    -351.00000000000    1.0000000325280
    -350.00000000000    1.0000000325280
    -349.00000000000    1.0000000325280
    -348.00000000000    1.0000000325280
    -347.00000000000    1.0000000325280
    -346.00000000000    1.0000000325280
    -345.00000000000    1.0000000325280
    -344.00000000000    1.0000000325280
    -343.00000000000    1.0000000325280
    -342.00000000000    1.0000000325280
    -341.00000000000    1.0000000325280
    -340.00000000000    1.0000000325280
    -339.00000000000    1.0000000325280
    -338.00000000000    1.0000000325280
    -337.00000000000    1.0000000325280
    -336.00000000000    1.0000000325280
    -335.00000000000    1.0000000325280
    -334.00000000000    1.0000000325280
    -333.00000000000    1.0000000325280
    -332.00000000000    1.0000000325280
    -331.00000000000    1.0000000325280
    -330.00000000000    1.0000000325280
    -329.00000000000    1.0000000325280
    -328.00000000000    1.0000000325280
    -327.00000000000    1.0000000325280
    -326.00000000000    1.0000000325280
    -325.00000000000    1.0000000325280
    -324.00000000000    1.0000000325280
    -323.00000000000    1.0000000325280
    -322.00000000000    1.0000000325280
    -321.00000000000    1.0000000325280
    -320.00000000000    1.0000000325280
    -319.00000000000    1.0000000325280
    -318.00000000000    1.0000000325280
    -317.00000000000    1.0000000325280
    -316.00000000000    1.0000000325280
    -315.00000000000    1.0000000325280
    -314.00000000000    1.0000000325280
    -313.00000000000    1.0000000325280
    -312.00000000000    1.0000000325280
    -311.00000000000    1.0000000325280
    -310.00000000000    1.0000000325280
    -309.00000000000    1.0000000325280
    -308.00000000000    1.0000000325280
    -307.00000000000    1.0000000325280
    -306.00000000000    1.0000000325280
    -305.00000000000    1.0000000325280
    -304.00000000000    1.0000000325280
    -303.00000000000    1.0000000325280
    -302.00000000000    1.0000000325280
    -301.00000000000    1.0000000325280
    -300.00000000000    1.0000000325280
    -299.00000000000    1.0000000325280
    -298.00000000000    1.0000000325280
    -297.00000000000    1.0000000325280
    -296.00000000000    1.0000000325279
    -295.00000000000    1.0000000325276
    -294.00000000000    1.0000000325265
    -293.00000000000    1.0000000325226
    -292.00000000000    1.0000000325094
    -291.00000000000    1.0000000324659
    -290.00000000000    1.0000000323297
    -289.00000000000    1.0000000319212
    -288.00000000000    1.0000000307492
    -287.00000000000    1.0000000275306
    -286.00000000000    1.0000000190712
    -285.00000000000   0.99999999778852
    -284.00000000000   0.99999994653211
    -283.00000000000   0.99999982834783
    -282.00000000000   0.99999956742391
    -281.00000000000   0.99999901576327
    -280.00000000000   0.99999789863264
    -279.00000000000   0.99999573147831
    -278.00000000000   0.99999170317862
    -277.00000000000   0.99998452678514
    -276.00000000000   0.99997227027276
    -275.00000000000   0.99995219561993
    -274.00000000000   0.99992065147455
    -273.00000000000   0.99987307653699
    -272.00000000000   0.99980416975294
    -271.00000000000   0.99970826286960
    -270.00000000000   0.99957988947090
    -269.00000000000   0.99941448917423
    -268.00000000000   0.99920913161689
    -267.00000000000   0.99896311195079
    -266.00000000000   0.99867827438693
    -265.00000000000   0.99835896827808
    -264.00000000000   0.99801162210516
    -263.00000000000   0.99764401091836
    -262.00000000000   0.99726436374610
    -261.00000000000   0.99688048701840
    -260.00000000000   0.99649906098586
    -259.00000000000   0.99612520838873
    -258.00000000000   0.99576236009318
    -257.00000000000   0.99541237529033
    -256.00000000000   0.99507583163070
    -255.00000000000   0.99475238922443
    -254.00000000000   0.99444114669954
    -253.00000000000   0.99414093605380
    -252.00000000000   0.99385053375461
    -251.00000000000   0.99356878982080
    -250.00000000000   0.99329469085118
    -249.00000000000   0.99302737777211
    -248.00000000000   0.99276613740335
    -247.00000000000   0.99251038216000
    -246.00000000000   0.99225962692763
    -245.00000000000   0.99201346782123
    -244.00000000000   0.99177156463211
    -243.00000000000   0.99153362714058
    -242.00000000000   0.99129940475394
    -241.00000000000   0.99106867873795
    -240.00000000000   0.99084125636938
    -239.00000000000   0.99061696647850
    -238.00000000000   0.99039565599331
    -237.00000000000   0.99017718721246
    -236.00000000000   0.98996143561721
    -235.00000000000   0.98974828809003
    -234.00000000000   0.98953764144578
    -233.00000000000   0.98932940120768
    -232.00000000000   0.98912348057771
    -231.00000000000   0.98891979956354
    -230.00000000000   0.98871828423288
    -229.00000000000   0.98851886607251
    -228.00000000000   0.98832148143411
    -227.00000000000   0.98812607105261
    -226.00000000000   0.98793257962551
    -225.00000000000   0.98774095544378
    -224.00000000000   0.98755115006664
    -223.00000000000   0.98736311803404
    -222.00000000000   0.98717681661128
    -221.00000000000   0.98699220556172
    -220.00000000000   0.98680924694356
    -219.00000000000   0.98662790492777
    -218.00000000000   0.98644814563449
    -217.00000000000   0.98626993698553
    -216.00000000000   0.98609324857118
    -215.00000000000   0.98591805152954
    -214.00000000000   0.98574431843701
    -213.00000000000   0.98557202320866
    -212.00000000000   0.98540114100747
    -211.00000000000   0.98523164816131
    -210.00000000000   0.98506352208707
    -209.00000000000   0.98489674122110
    -208.00000000000   0.98473128495522
    -207.00000000000   0.98456713357803
    -206.00000000000   0.98440426822068
    -205.00000000000   0.98424267080686
    -204.00000000000   0.98408232400669
    -203.00000000000   0.98392321119388
    -202.00000000000   0.98376531640615
    -201.00000000000   0.98360862430845
    -200.00000000000   0.98345312015880
    -199.00000000000   0.98329878977650
    -198.00000000000   0.98314561951252
    -197.00000000000   0.98299359622190
    -196.00000000000   0.98284270723801
    -195.00000000000   0.98269294034840
    -194.00000000000   0.98254428377233
    -193.00000000000   0.98239672613963
    -192.00000000000   0.98225025647095
    -191.00000000000   0.98210486415919
    -190.00000000000   0.98196053895208
    -189.00000000000   0.98181727093580
    -188.00000000000   0.98167505051954
    -187.00000000000   0.98153386842105
    -186.00000000000   0.98139371565290
    -185.00000000000   0.98125458350964
    -184.00000000000   0.98111646355559
    -183.00000000000   0.98097934761336
    -182.00000000000   0.98084322775298
    -181.00000000000   0.98070809628162
    -180.00000000000   0.98057394573387
    -179.00000000000   0.98044076886250
    -178.00000000000   0.98030855862974
    -177.00000000000   0.98017730819902
    -176.00000000000   0.98004701092704
    -175.00000000000   0.97991766035637
    -174.00000000000   0.97978925020831
    -173.00000000000   0.97966177437617
    -172.00000000000   0.97953522691883
    -171.00000000000   0.97940960205465
    -170.00000000000   0.97928489415564
    -169.00000000000   0.97916109774192
    -168.00000000000   0.97903820747644
    -167.00000000000   0.97891621815992
    -166.00000000000   0.97879512472606
    -165.00000000000   0.97867492223693
    -164.00000000000   0.97855560587860
    -163.00000000000   0.97843717095692
    -162.00000000000   0.97831961289353
    -161.00000000000   0.97820292722201
    -160.00000000000   0.97808710958423
    -159.00000000000   0.97797215572680
    -158.00000000000   0.97785806149775
    -157.00000000000   0.97774482284327
    -156.00000000000   0.97763243580460
    -155.00000000000   0.97752089651512
    -154.00000000000   0.97741020119748
    -153.00000000000   0.97730034616083
    -152.00000000000   0.97719132779827
    -151.00000000000   0.97708314258427
    -150.00000000000   0.97697578707228
    -149.00000000000   0.97686925789243
    -148.00000000000   0.97676355174922
    -147.00000000000   0.97665866541946
    -146.00000000000   0.97655459575013
    -145.00000000000   0.97645133965642
    -144.00000000000   0.97634889411983
    -143.00000000000   0.97624725618628
    -142.00000000000   0.97614642296437
    -141.00000000000   0.97604639162367
    -140.00000000000   0.97594715939303
    -139.00000000000   0.97584872355901
    -138.00000000000   0.97575108146436
    -137.00000000000   0.97565423050652
    -136.00000000000   0.97555816813620
    -135.00000000000   0.97546289185597
    -134.00000000000   0.97536839921899
    -133.00000000000   0.97527468782764
    -132.00000000000   0.97518175533237
    -131.00000000000   0.97508959943042
    -130.00000000000   0.97499821786470
    -129.00000000000   0.97490760842265
    -128.00000000000   0.97481776893519
    -127.00000000000   0.97472869727560
    -126.00000000000   0.97464039135860
    -125.00000000000   0.97455284913927
    -124.00000000000   0.97446606861217
    -123.00000000000   0.97438004781038
    -122.00000000000   0.97429478480465
    -121.00000000000   0.97421027770248
    -120.00000000000   0.97412652464732
    -119.00000000000   0.97404352381777
    -118.00000000000   0.97396127342676
    -117.00000000000   0.97387977172081
    -116.00000000000   0.97379901697929
    -115.00000000000   0.97371900751374
    -114.00000000000   0.97363974166707
    -113.00000000000   0.97356121781301
    -112.00000000000   0.97348343435540
    -111.00000000000   0.97340638972756
    -110.00000000000   0.97333008239165
    -109.00000000000   0.97325451083812
    -108.00000000000   0.97317967358513
    -107.00000000000   0.97310556917796
    -106.00000000000   0.97303219618843
   -105.000000000000   0.97295955321446
   -104.000000000000   0.97288763887951
   -103.000000000000   0.97281645183205
   -102.000000000000   0.97274599074510
   -101.000000000000   0.97267625431576
   -100.000000000000   0.97260724126479
    -99.000000000000   0.97253895033609
    -98.000000000000   0.97247138029624
    -97.000000000000   0.97240452993421
    -96.000000000000   0.97233839806090
    -95.000000000000   0.97227298350866
    -94.000000000000   0.97220828513091
    -93.000000000000   0.97214430180189
    -92.000000000000   0.97208103241626
    -91.000000000000   0.97201847588859
    -90.000000000000   0.97195663115308
    -89.000000000000   0.97189549716338
    -88.000000000000   0.97183507289216
    -87.000000000000   0.97177535733068
    -86.000000000000   0.97171634948847
    -85.000000000000   0.97165804839330
    -84.000000000000   0.97160045309076
    -83.000000000000   0.97154356264376
    -82.000000000000   0.97148737613231
    -81.000000000000   0.97143189265357
    -80.000000000000   0.97137711132143
    -79.000000000000   0.97132303126597
    -78.000000000000   0.97126965163331
    -77.000000000000   0.97121697158572
    -76.000000000000   0.97116499030126
    -75.000000000000   0.97111370697317
    -74.000000000000   0.97106312080972
    -73.000000000000   0.97101323103445
    -72.000000000000   0.97096403688590
    -71.000000000000   0.97091553761682
    -70.000000000000   0.97086773249407
    -69.000000000000   0.97082062079905
    -68.000000000000   0.97077420182739
    -67.000000000000   0.97072847488810
    -66.000000000000   0.97068343930348
    -65.000000000000   0.97063909440962
    -64.000000000000   0.97059543955624
    -63.000000000000   0.97055247410573
    -62.000000000000   0.97051019743291
    -61.000000000000   0.97046860892575
    -60.000000000000   0.97042770798538
    -59.000000000000   0.97038749402490
    -58.000000000000   0.97034796646911
    -57.000000000000   0.97030912475533
    -56.000000000000   0.97027096833361
    -55.000000000000   0.97023349666547
    -54.000000000000   0.97019670922334
    -53.000000000000   0.97016060549160
    -52.000000000000   0.97012518496703
    -51.000000000000   0.97009044715744
    -50.000000000000   0.97005639158089
    -49.000000000000   0.97002301776674
    -48.000000000000   0.96999032525648
    -47.000000000000   0.96995831360236
    -46.000000000000   0.96992698236623
    -45.000000000000   0.96989633112060
    -44.000000000000   0.96986635944987
    -43.000000000000   0.96983706694904
    -42.000000000000   0.96980845322217
    -41.000000000000   0.96978051788329
    -40.000000000000   0.96975326055805
    -39.000000000000   0.96972668088271
    -38.000000000000   0.96970077850212
    -37.000000000000   0.96967555307044
    -36.000000000000   0.96965100425309
    -35.000000000000   0.96962713172621
    -34.000000000000   0.96960393517426
    -33.000000000000   0.96958141429028
    -32.000000000000   0.96955956877817
    -31.000000000000   0.96953839835270
    -30.000000000000   0.96951790273690
    -29.000000000000   0.96949808166165
    -28.000000000000   0.96947893486819
    -27.000000000000   0.96946046210882
    -26.000000000000   0.96944266314418
    -25.000000000000   0.96942553774217
    -24.000000000000   0.96940908568043
    -23.000000000000   0.96939330674774
    -22.000000000000   0.96937820074155
    -21.000000000000   0.96936376746612
    -20.000000000000   0.96935000673467
    -19.000000000000   0.96933691837160
    -18.000000000000   0.96932450221043
    -17.000000000000   0.96931275809123
    -16.000000000000   0.96930168586223
    -15.000000000000   0.96929128538269
    -14.000000000000   0.96928155652154
    -13.000000000000   0.96927249915423
    -12.000000000000   0.96926411316359
    -11.000000000000   0.96925639844314
   -10.0000000000000   0.96924935489662
    -9.0000000000000   0.96924298243454
    -8.0000000000000   0.96923728097409
    -7.0000000000000   0.96923225044262
    -6.0000000000000   0.96922789077816
    -5.0000000000000   0.96922420192601
    -4.0000000000000   0.96922118383763
    -3.0000000000000   0.96921883647395
    -2.0000000000000   0.96921715980689
    -1.0000000000000   0.96921615381632
   0.   0.96921581848799
     1.0000000000000   0.96921615381632
     2.0000000000000   0.96921715980689
     3.0000000000000   0.96921883647395
     4.0000000000000   0.96922118383763
     5.0000000000000   0.96922420192601
     6.0000000000000   0.96922789077816
     7.0000000000000   0.96923225044262
     8.0000000000000   0.96923728097409
     9.0000000000000   0.96924298243454
    10.0000000000000   0.96924935489662
     11.000000000000   0.96925639844314
     12.000000000000   0.96926411316359
     13.000000000000   0.96927249915423
     14.000000000000   0.96928155652154
     15.000000000000   0.96929128538269
     16.000000000000   0.96930168586223
     17.000000000000   0.96931275809123
     18.000000000000   0.96932450221043
     19.000000000000   0.96933691837160
     20.000000000000   0.96935000673467
     21.000000000000   0.96936376746612
     22.000000000000   0.96937820074155
     23.000000000000   0.96939330674774
     24.000000000000   0.96940908568043
     25.000000000000   0.96942553774217
     26.000000000000   0.96944266314418
     27.000000000000   0.96946046210881
     28.000000000000   0.96947893486819
     29.000000000000   0.96949808166165
     30.000000000000   0.96951790273690
     31.000000000000   0.96953839835270
     32.000000000000   0.96955956877817
     33.000000000000   0.96958141429028
     34.000000000000   0.96960393517426
     35.000000000000   0.96962713172621
     36.000000000000   0.96965100425309
     37.000000000000   0.96967555307044
     38.000000000000   0.96970077850212
     39.000000000000   0.96972668088271
     40.000000000000   0.96975326055805
     41.000000000000   0.96978051788329
     42.000000000000   0.96980845322217
     43.000000000000   0.96983706694904
     44.000000000000   0.96986635944987
     45.000000000000   0.96989633112060
     46.000000000000   0.96992698236623
     47.000000000000   0.96995831360236
     48.000000000000   0.96999032525648
     49.000000000000   0.97002301776674
     50.000000000000   0.97005639158089
     51.000000000000   0.97009044715744
     52.000000000000   0.97012518496703
     53.000000000000   0.97016060549160
     54.000000000000   0.97019670922334
     55.000000000000   0.97023349666547
     56.000000000000   0.97027096833361
     57.000000000000   0.97030912475533
     58.000000000000   0.97034796646911
     59.000000000000   0.97038749402490
     60.000000000000   0.97042770798537
     61.000000000000   0.97046860892575
     62.000000000000   0.97051019743291
     63.000000000000   0.97055247410573
     64.000000000000   0.97059543955624
     65.000000000000   0.97063909440962
     66.000000000000   0.97068343930348
     67.000000000000   0.97072847488810
     68.000000000000   0.97077420182739
     69.000000000000   0.97082062079905
     70.000000000000   0.97086773249407
     71.000000000000   0.97091553761682
     72.000000000000   0.97096403688590
     73.000000000000   0.97101323103445
     74.000000000000   0.97106312080972
     75.000000000000   0.97111370697317
     76.000000000000   0.97116499030126
     77.000000000000   0.97121697158572
     78.000000000000   0.97126965163331
     79.000000000000   0.97132303126597
     80.000000000000   0.97137711132143
     81.000000000000   0.97143189265357
     82.000000000000   0.97148737613231
     83.000000000000   0.97154356264376
     84.000000000000   0.97160045309076
     85.000000000000   0.97165804839330
     86.000000000000   0.97171634948847
     87.000000000000   0.97177535733068
     88.000000000000   0.97183507289216
     89.000000000000   0.97189549716338
     90.000000000000   0.97195663115308
     91.000000000000   0.97201847588859
     92.000000000000   0.97208103241626
     93.000000000000   0.97214430180189
     94.000000000000   0.97220828513091
     95.000000000000   0.97227298350866
     96.000000000000   0.97233839806090
     97.000000000000   0.97240452993421
     98.000000000000   0.97247138029624
     99.000000000000   0.97253895033609
    100.000000000000   0.97260724126479
    101.000000000000   0.97267625431576
    102.000000000000   0.97274599074510
    103.000000000000   0.97281645183205
    104.000000000000   0.97288763887951
    105.000000000000   0.97295955321446
     106.00000000000   0.97303219618843
     107.00000000000   0.97310556917796
     108.00000000000   0.97317967358513
     109.00000000000   0.97325451083812
     110.00000000000   0.97333008239165
     111.00000000000   0.97340638972756
     112.00000000000   0.97348343435540
     113.00000000000   0.97356121781301
     114.00000000000   0.97363974166707
     115.00000000000   0.97371900751374
     116.00000000000   0.97379901697929
     117.00000000000   0.97387977172080
     118.00000000000   0.97396127342676
     119.00000000000   0.97404352381777
     120.00000000000   0.97412652464732
     121.00000000000   0.97421027770248
     122.00000000000   0.97429478480465
     123.00000000000   0.97438004781038
     124.00000000000   0.97446606861217
     125.00000000000   0.97455284913927
     126.00000000000   0.97464039135860
     127.00000000000   0.97472869727560
     128.00000000000   0.97481776893519
     129.00000000000   0.97490760842265
     130.00000000000   0.97499821786470
     131.00000000000   0.97508959943042
     132.00000000000   0.97518175533237
     133.00000000000   0.97527468782764
     134.00000000000   0.97536839921899
     135.00000000000   0.97546289185597
     136.00000000000   0.97555816813620
     137.00000000000   0.97565423050652
     138.00000000000   0.97575108146436
     139.00000000000   0.97584872355901
     140.00000000000   0.97594715939303
     141.00000000000   0.97604639162367
     142.00000000000   0.97614642296437
     143.00000000000   0.97624725618628
     144.00000000000   0.97634889411983
     145.00000000000   0.97645133965642
     146.00000000000   0.97655459575013
     147.00000000000   0.97665866541946
     148.00000000000   0.97676355174922
     149.00000000000   0.97686925789243
     150.00000000000   0.97697578707228
     151.00000000000   0.97708314258427
     152.00000000000   0.97719132779827
     153.00000000000   0.97730034616083
     154.00000000000   0.97741020119748
     155.00000000000   0.97752089651512
     156.00000000000   0.97763243580460
     157.00000000000   0.97774482284327
     158.00000000000   0.97785806149775
     159.00000000000   0.97797215572680
     160.00000000000   0.97808710958423
     161.00000000000   0.97820292722201
     162.00000000000   0.97831961289353
     163.00000000000   0.97843717095692
     164.00000000000   0.97855560587860
     165.00000000000   0.97867492223693
     166.00000000000   0.97879512472606
     167.00000000000   0.97891621815992
     168.00000000000   0.97903820747644
     169.00000000000   0.97916109774192
     170.00000000000   0.97928489415564
     171.00000000000   0.97940960205465
     172.00000000000   0.97953522691883
     173.00000000000   0.97966177437617
     174.00000000000   0.97978925020831
     175.00000000000   0.97991766035637
     176.00000000000   0.98004701092704
     177.00000000000   0.98017730819902
     178.00000000000   0.98030855862974
     179.00000000000   0.98044076886250
     180.00000000000   0.98057394573387
     181.00000000000   0.98070809628162
     182.00000000000   0.98084322775298
     183.00000000000   0.98097934761336
     184.00000000000   0.98111646355559
     185.00000000000   0.98125458350964
     186.00000000000   0.98139371565290
     187.00000000000   0.98153386842105
     188.00000000000   0.98167505051954
     189.00000000000   0.98181727093580
     190.00000000000   0.98196053895208
     191.00000000000   0.98210486415919
     192.00000000000   0.98225025647095
     193.00000000000   0.98239672613963
     194.00000000000   0.98254428377233
     195.00000000000   0.98269294034840
     196.00000000000   0.98284270723801
     197.00000000000   0.98299359622190
     198.00000000000   0.98314561951252
     199.00000000000   0.98329878977650
     200.00000000000   0.98345312015880
     201.00000000000   0.98360862430845
     202.00000000000   0.98376531640615
     203.00000000000   0.98392321119388
     204.00000000000   0.98408232400669
     205.00000000000   0.98424267080686
     206.00000000000   0.98440426822068
     207.00000000000   0.98456713357803
     208.00000000000   0.98473128495522
     209.00000000000   0.98489674122109
     210.00000000000   0.98506352208707
     211.00000000000   0.98523164816131
     212.00000000000   0.98540114100747
     213.00000000000   0.98557202320866
     214.00000000000   0.98574431843700
     215.00000000000   0.98591805152954
     216.00000000000   0.98609324857118
     217.00000000000   0.98626993698553
     218.00000000000   0.98644814563449
     219.00000000000   0.98662790492777
     220.00000000000   0.98680924694356
     221.00000000000   0.98699220556172
     222.00000000000   0.98717681661128
     223.00000000000   0.98736311803404
     224.00000000000   0.98755115006664
     225.00000000000   0.98774095544378
     226.00000000000   0.98793257962551
     227.00000000000   0.98812607105261
     228.00000000000   0.98832148143411
     229.00000000000   0.98851886607251
     230.00000000000   0.98871828423288
     231.00000000000   0.98891979956354
     232.00000000000   0.98912348057770
     233.00000000000   0.98932940120768
     234.00000000000   0.98953764144578
     235.00000000000   0.98974828809003
     236.00000000000   0.98996143561721
     237.00000000000   0.99017718721246
     238.00000000000   0.99039565599331
     239.00000000000   0.99061696647850
     240.00000000000   0.99084125636938
     241.00000000000   0.99106867873795
     242.00000000000   0.99129940475394
     243.00000000000   0.99153362714058
     244.00000000000   0.99177156463211
     245.00000000000   0.99201346782123
     246.00000000000   0.99225962692763
     247.00000000000   0.99251038216000
     248.00000000000   0.99276613740335
     249.00000000000   0.99302737777211
     250.00000000000   0.99329469085118
     251.00000000000   0.99356878982080
     252.00000000000   0.99385053375461
     253.00000000000   0.99414093605380
     254.00000000000   0.99444114669954
     255.00000000000   0.99475238922443
     256.00000000000   0.99507583163070
     257.00000000000   0.99541237529033
     258.00000000000   0.99576236009318
     259.00000000000   0.99612520838873
     260.00000000000   0.99649906098586
     261.00000000000   0.99688048701840
     262.00000000000   0.99726436374610
     263.00000000000   0.99764401091836
     264.00000000000   0.99801162210516
     265.00000000000   0.99835896827808
     266.00000000000   0.99867827438693
     267.00000000000   0.99896311195079
     268.00000000000   0.99920913161689
     269.00000000000   0.99941448917423
     270.00000000000   0.99957988947090
     271.00000000000   0.99970826286959
     272.00000000000   0.99980416975294
     273.00000000000   0.99987307653699
     274.00000000000   0.99992065147455
     275.00000000000   0.99995219561993
     276.00000000000   0.99997227027276
     277.00000000000   0.99998452678514
     278.00000000000   0.99999170317862
     279.00000000000   0.99999573147831
     280.00000000000   0.99999789863264
     281.00000000000   0.99999901576327
     282.00000000000   0.99999956742391
     283.00000000000   0.99999982834783
     284.00000000000   0.99999994653211
     285.00000000000   0.99999999778852
     286.00000000000    1.0000000190712
     287.00000000000    1.0000000275306
     288.00000000000    1.0000000307492
     289.00000000000    1.0000000319212
     290.00000000000    1.0000000323297
     291.00000000000    1.0000000324659
     292.00000000000    1.0000000325094
     293.00000000000    1.0000000325226
     294.00000000000    1.0000000325265
     295.00000000000    1.0000000325276
     296.00000000000    1.0000000325279
     297.00000000000    1.0000000325280
     298.00000000000    1.0000000325280
     299.00000000000    1.0000000325280
     300.00000000000    1.0000000325280
     301.00000000000    1.0000000325280
     302.00000000000    1.0000000325280
     303.00000000000    1.0000000325280
     304.00000000000    1.0000000325280
     305.00000000000    1.0000000325280
     306.00000000000    1.0000000325280
     307.00000000000    1.0000000325280
     308.00000000000    1.0000000325280
     309.00000000000    1.0000000325280
     310.00000000000    1.0000000325280
     311.00000000000    1.0000000325280
     312.00000000000    1.0000000325280
     313.00000000000    1.0000000325280
     314.00000000000    1.0000000325280
     315.00000000000    1.0000000325280
     316.00000000000    1.0000000325280
     317.00000000000    1.0000000325280
     318.00000000000    1.0000000325280
     319.00000000000    1.0000000325280
     320.00000000000    1.0000000325280
     321.00000000000    1.0000000325280
     322.00000000000    1.0000000325280
     323.00000000000    1.0000000325280
     324.00000000000    1.0000000325280
     325.00000000000    1.0000000325280
     326.00000000000    1.0000000325280
     327.00000000000    1.0000000325280
     328.00000000000    1.0000000325280
     329.00000000000    1.0000000325280
     330.00000000000    1.0000000325280
     331.00000000000    1.0000000325280
     332.00000000000    1.0000000325280
     333.00000000000    1.0000000325280
     334.00000000000    1.0000000325280
     335.00000000000    1.0000000325280
     336.00000000000    1.0000000325280
     337.00000000000    1.0000000325280
     338.00000000000    1.0000000325280
     339.00000000000    1.0000000325280
     340.00000000000    1.0000000325280
     341.00000000000    1.0000000325280
     342.00000000000    1.0000000325280
     343.00000000000    1.0000000325280
     344.00000000000    1.0000000325280
     345.00000000000    1.0000000325280
     346.00000000000    1.0000000325280
     347.00000000000    1.0000000325280
     348.00000000000    1.0000000325280
     349.00000000000    1.0000000325280
     350.00000000000    1.0000000325280
     351.00000000000    1.0000000325280
     352.00000000000    1.0000000325280
     353.00000000000    1.0000000325280
     354.00000000000    1.0000000325280
     355.00000000000    1.0000000325280
     356.00000000000    1.0000000325280
     357.00000000000    1.0000000325280
     358.00000000000    1.0000000325280
     359.00000000000    1.0000000325280
     360.00000000000    1.0000000325280
     361.00000000000    1.0000000325280
     362.00000000000    1.0000000325280
     363.00000000000    1.0000000325280
     364.00000000000    1.0000000325280
     365.00000000000    1.0000000325280
     366.00000000000    1.0000000325280
     367.00000000000    1.0000000325280
     368.00000000000    1.0000000325280
     369.00000000000    1.0000000325280
     370.00000000000    1.0000000325280
     371.00000000000    1.0000000325280
     372.00000000000    1.0000000325280
     373.00000000000    1.0000000325280
     374.00000000000    1.0000000325280
     375.00000000000    1.0000000325280
     376.00000000000    1.0000000325280
     377.00000000000    1.0000000325280
     378.00000000000    1.0000000325280
     379.00000000000    1.0000000325280
     380.00000000000    1.0000000325280
     381.00000000000    1.0000000325280
     382.00000000000    1.0000000325280
     383.00000000000    1.0000000325280
     384.00000000000    1.0000000325280
     385.00000000000    1.0000000325280
     386.00000000000    1.0000000325280
     387.00000000000    1.0000000325280
     388.00000000000    1.0000000325280
     389.00000000000    1.0000000325280
     390.00000000000    1.0000000325280
     391.00000000000    1.0000000325280
     392.00000000000    1.0000000325280
     393.00000000000    1.0000000325280
     394.00000000000    1.0000000325280
     395.00000000000    1.0000000325280
     396.00000000000    1.0000000325280
     397.00000000000    1.0000000325280
     398.00000000000    1.0000000325280
     399.00000000000    1.0000000325280
     400.00000000000    1.0000000325280
     401.00000000000    1.0000000325280
     402.00000000000    1.0000000325280
     403.00000000000    1.0000000325280
     404.00000000000    1.0000000325280
     405.00000000000    1.0000000325280
     406.00000000000    1.0000000325280
     407.00000000000    1.0000000325280
     408.00000000000    1.0000000325280
     409.00000000000    1.0000000325280
     410.00000000000    1.0000000325280
     411.00000000000    1.0000000325280
     412.00000000000    1.0000000325280
     413.00000000000    1.0000000325280
     414.00000000000    1.0000000325280
     415.00000000000    1.0000000325280
     416.00000000000    1.0000000325280
     417.00000000000    1.0000000325280
     418.00000000000    1.0000000325280
     419.00000000000    1.0000000325280
     420.00000000000    1.0000000325280
     421.00000000000    1.0000000325280
     422.00000000000    1.0000000325280
     423.00000000000    1.0000000325280
     424.00000000000    1.0000000325280
     425.00000000000    1.0000000325280
     426.00000000000    1.0000000325280
     427.00000000000    1.0000000325280
     428.00000000000    1.0000000325280
     429.00000000000    1.0000000325280
     430.00000000000    1.0000000325280
     431.00000000000    1.0000000325280
     432.00000000000    1.0000000325280
     433.00000000000    1.0000000325280
     434.00000000000    1.0000000325280
     435.00000000000    1.0000000325280
     436.00000000000    1.0000000325280
     437.00000000000    1.0000000325280
     438.00000000000    1.0000000325280
     439.00000000000    1.0000000325280
     440.00000000000    1.0000000325280
     441.00000000000    1.0000000325280
     442.00000000000    1.0000000325280
     443.00000000000    1.0000000325280
     444.00000000000    1.0000000325280
     445.00000000000    1.0000000325280
     446.00000000000    1.0000000325280
     447.00000000000    1.0000000325280
     448.00000000000    1.0000000325280
     449.00000000000    1.0000000325280
     450.00000000000    1.0000000325280
     451.00000000000    1.0000000325280
     452.00000000000    1.0000000325280
     453.00000000000    1.0000000325280
     454.00000000000    1.0000000325280
     455.00000000000    1.0000000325280
     456.00000000000    1.0000000325280
     457.00000000000    1.0000000325280
     458.00000000000    1.0000000325280
     459.00000000000    1.0000000325280
     460.00000000000    1.0000000325280
     461.00000000000    1.0000000325280
     462.00000000000    1.0000000325280
     463.00000000000    1.0000000325280
     464.00000000000    1.0000000325280
     465.00000000000    1.0000000325280
     466.00000000000    1.0000000325280
     467.00000000000    1.0000000325280
     468.00000000000    1.0000000325280
     469.00000000000    1.0000000325280
     470.00000000000    1.0000000325280
     471.00000000000    1.0000000325280
     472.00000000000    1.0000000325280
     473.00000000000    1.0000000325280
     474.00000000000    1.0000000325280
     475.00000000000    1.0000000325280
     476.00000000000    1.0000000325280
     477.00000000000    1.0000000325280
     478.00000000000    1.0000000325280
     479.00000000000    1.0000000325280
     480.00000000000    1.0000000325280
     481.00000000000    1.0000000325280
     482.00000000000    1.0000000325280
     483.00000000000    1.0000000325280
     484.00000000000    1.0000000325280
     485.00000000000    1.0000000325280
     486.00000000000    1.0000000325280
     487.00000000000    1.0000000325280
     488.00000000000    1.0000000325280
     489.00000000000    1.0000000325280
     490.00000000000    1.0000000325280
     491.00000000000    1.0000000325280
     492.00000000000    1.0000000325280
     493.00000000000    1.0000000325280
     494.00000000000    1.0000000325280
     495.00000000000    1.0000000325280
     496.00000000000    1.0000000325280
     497.00000000000    1.0000000325280
     498.00000000000    1.0000000325280
     499.00000000000    1.0000000325280
     500.00000000000    1.0000000325280
