    -500.00000000000    1.0000000325280
    -499.00000000000    1.0000000325280
    -498.00000000000    1.0000000325280
    -497.00000000000    1.0000000325280
    -496.00000000000    1.0000000325280
    -495.00000000000    1.0000000325280
    -494.00000000000    1.0000000325280
    -493.00000000000    1.0000000325280
    -492.00000000000    1.0000000325280
    -491.00000000000    1.0000000325280
    -490.00000000000    1.0000000325280
    -489.00000000000    1.0000000325280
    -488.00000000000    1.0000000325280
    -487.00000000000    1.0000000325280
    -486.00000000000    1.0000000325280
    -485.00000000000    1.0000000325280
    -484.00000000000    1.0000000325280
    -483.00000000000    1.0000000325280
    -482.00000000000    1.0000000325280
    -481.00000000000    1.0000000325280
    -480.00000000000    1.0000000325280
    -479.00000000000    1.0000000325280
    -478.00000000000    1.0000000325280
    -477.00000000000    1.0000000325280
    -476.00000000000    1.0000000325280
    -475.00000000000    1.0000000325280
    -474.00000000000    1.0000000325280
    -473.00000000000    1.0000000325280
    -472.00000000000    1.0000000325280
    -471.00000000000    1.0000000325280
    -470.00000000000    1.0000000325280
    -469.00000000000    1.0000000325280
    -468.00000000000    1.0000000325280
    -467.00000000000    1.0000000325280
    -466.00000000000    1.0000000325280
    -465.00000000000    1.0000000325280
    -464.00000000000    1.0000000325280
    -463.00000000000    1.0000000325280
    -462.00000000000    1.0000000325280
    -461.00000000000    1.0000000325280
    -460.00000000000    1.0000000325280
    -459.00000000000    1.0000000325280
    -458.00000000000    1.0000000325280
    -457.00000000000    1.0000000325280
    -456.00000000000    1.0000000325280
    -455.00000000000    1.0000000325280
    -454.00000000000    1.0000000325280
    -453.00000000000    1.0000000325280
    -452.00000000000    1.0000000325280
    -451.00000000000    1.0000000325280
    -450.00000000000    1.0000000325280
    -449.00000000000    1.0000000325280
    -448.00000000000    1.0000000325280
    -447.00000000000    1.0000000325280
    -446.00000000000    1.0000000325280
    -445.00000000000    1.0000000325280
    -444.00000000000    1.0000000325280
    -443.00000000000    1.0000000325280
    -442.00000000000    1.0000000325280
    -441.00000000000    1.0000000325280
    -440.00000000000    1.0000000325280
    -439.00000000000    1.0000000325280
    -438.00000000000    1.0000000325280
    -437.00000000000    1.0000000325280
    -436.00000000000    1.0000000325280
    -435.00000000000    1.0000000325280
    -434.00000000000    1.0000000325280
    -433.00000000000    1.0000000325280
    -432.00000000000    1.0000000325280
    -431.00000000000    1.0000000325280
    -430.00000000000    1.0000000325280
    -429.00000000000    1.0000000325280
    -428.00000000000    1.0000000325280
    -427.00000000000    1.0000000325280
    -426.00000000000    1.0000000325280
    -425.00000000000    1.0000000325280
    -424.00000000000    1.0000000325280
    -423.00000000000    1.0000000325280
    -422.00000000000    1.0000000325280
    -421.00000000000    1.0000000325280
    -420.00000000000    1.0000000325280
    -419.00000000000    1.0000000325280
    -418.00000000000    1.0000000325280
    -417.00000000000    1.0000000325280
    -416.00000000000    1.0000000325280
    -415.00000000000    1.0000000325280
    -414.00000000000    1.0000000325280
    -413.00000000000    1.0000000325280
    -412.00000000000    1.0000000325280
    -411.00000000000    1.0000000325280
    -410.00000000000    1.0000000325280
    -409.00000000000    1.0000000325280
    -408.00000000000    1.0000000325280
    -407.00000000000    1.0000000325280
    -406.00000000000    1.0000000325280
    -405.00000000000    1.0000000325280
    -404.00000000000    1.0000000325280
    -403.00000000000    1.0000000325280
    -402.00000000000    1.0000000325280
    -401.00000000000    1.0000000325280
    -400.00000000000    1.0000000325280
    -399.00000000000    1.0000000325280
    -398.00000000000    1.0000000325280
    -397.00000000000    1.0000000325280
    -396.00000000000    1.0000000325280
    -395.00000000000    1.0000000325280
    -394.00000000000    1.0000000325280
    -393.00000000000    1.0000000325280
    -392.00000000000    1.0000000325280
    -391.00000000000    1.0000000325280
    -390.00000000000    1.0000000325280
    -389.00000000000    1.0000000325280
    -388.00000000000    1.0000000325280
    -387.00000000000    1.0000000325280
    -386.00000000000    1.0000000325280
    -385.00000000000    1.0000000325280
    -384.00000000000    1.0000000325280
    -383.00000000000    1.0000000325280
    -382.00000000000    1.0000000325280
    -381.00000000000    1.0000000325280
    -380.00000000000    1.0000000325280
    -379.00000000000    1.0000000325280
    -378.00000000000    1.0000000325280
    -377.00000000000    1.0000000325280
    -376.00000000000    1.0000000325280
    -375.00000000000    1.0000000325280
    -374.00000000000    1.0000000325280
    -373.00000000000    1.0000000325280
    -372.00000000000    1.0000000325280
    -371.00000000000    1.0000000325280
    -370.00000000000    1.0000000325280
    -369.00000000000    1.0000000325280
    -368.00000000000    1.0000000325280
    -367.00000000000    1.0000000325280
    -366.00000000000    1.0000000325280
    -365.00000000000    1.0000000325280
    -364.00000000000    1.0000000325280
    -363.00000000000    1.0000000325280
    -362.00000000000    1.0000000325280
    -361.00000000000    1.0000000325280
    -360.00000000000    1.0000000325280
    -359.00000000000    1.0000000325280
    -358.00000000000    1.0000000325280
    -357.00000000000    1.0000000325280
    -356.00000000000    1.0000000325280
    -355.00000000000    1.0000000325280
    -354.00000000000    1.0000000325280
    -353.00000000000    1.0000000325280
    -352.00000000000    1.0000000325280
    -351.00000000000    1.0000000325280
    -350.00000000000    1.0000000325280
    -349.00000000000    1.0000000325280
    -348.00000000000    1.0000000325280
    -347.00000000000    1.0000000325280
    -346.00000000000    1.0000000325280
    -345.00000000000    1.0000000325280
    -344.00000000000    1.0000000325280
    -343.00000000000    1.0000000325280
    -342.00000000000    1.0000000325280
    -341.00000000000    1.0000000325280
    -340.00000000000    1.0000000325280
    -339.00000000000    1.0000000325280
    -338.00000000000    1.0000000325280
    -337.00000000000    1.0000000325280
    -336.00000000000    1.0000000325280
    -335.00000000000    1.0000000325280
    -334.00000000000    1.0000000325280
    -333.00000000000    1.0000000325280
    -332.00000000000    1.0000000325280
    -331.00000000000    1.0000000325280
    -330.00000000000    1.0000000325280
    -329.00000000000    1.0000000325280
    -328.00000000000    1.0000000325280
    -327.00000000000    1.0000000325280
    -326.00000000000    1.0000000325280
    -325.00000000000    1.0000000325280
    -324.00000000000    1.0000000325280
    -323.00000000000    1.0000000325280
    -322.00000000000    1.0000000325280
    -321.00000000000    1.0000000325280
    -320.00000000000    1.0000000325280
    -319.00000000000    1.0000000325280
    -318.00000000000    1.0000000325280
    -317.00000000000    1.0000000325280
    -316.00000000000    1.0000000325280
    -315.00000000000    1.0000000325280
    -314.00000000000    1.0000000325280
    -313.00000000000    1.0000000325280
    -312.00000000000    1.0000000325280
    -311.00000000000    1.0000000325280
    -310.00000000000    1.0000000325280
    -309.00000000000    1.0000000325280
    -308.00000000000    1.0000000325280
    -307.00000000000    1.0000000325280
    -306.00000000000    1.0000000325280
    -305.00000000000    1.0000000325280
    -304.00000000000    1.0000000325280
    -303.00000000000    1.0000000325280
    -302.00000000000    1.0000000325280
    -301.00000000000    1.0000000325280
    -300.00000000000    1.0000000325280
    -299.00000000000    1.0000000325280
    -298.00000000000    1.0000000325280
    -297.00000000000    1.0000000325280
    -296.00000000000    1.0000000325280
    -295.00000000000    1.0000000325280
    -294.00000000000    1.0000000325280
    -293.00000000000    1.0000000325280
    -292.00000000000    1.0000000325280
    -291.00000000000    1.0000000325280
    -290.00000000000    1.0000000325280
    -289.00000000000    1.0000000325280
    -288.00000000000    1.0000000325280
    -287.00000000000    1.0000000325280
    -286.00000000000    1.0000000325280
    -285.00000000000    1.0000000325280
    -284.00000000000    1.0000000325280
    -283.00000000000    1.0000000325280
    -282.00000000000    1.0000000325280
    -281.00000000000    1.0000000325280
    -280.00000000000    1.0000000325280
    -279.00000000000    1.0000000325280
    -278.00000000000    1.0000000325280
    -277.00000000000    1.0000000325280
    -276.00000000000    1.0000000325280
    -275.00000000000    1.0000000325280
    -274.00000000000    1.0000000325280
    -273.00000000000    1.0000000325280
    -272.00000000000    1.0000000325280
    -271.00000000000    1.0000000325280
    -270.00000000000    1.0000000325280
    -269.00000000000    1.0000000325280
    -268.00000000000    1.0000000325280
    -267.00000000000    1.0000000325280
    -266.00000000000    1.0000000325280
    -265.00000000000    1.0000000325280
    -264.00000000000    1.0000000325280
    -263.00000000000    1.0000000325280
    -262.00000000000    1.0000000325280
    -261.00000000000    1.0000000325280
    -260.00000000000    1.0000000325280
    -259.00000000000    1.0000000325280
    -258.00000000000    1.0000000325280
    -257.00000000000    1.0000000325280
    -256.00000000000    1.0000000325280
    -255.00000000000    1.0000000325280
    -254.00000000000    1.0000000325280
    -253.00000000000    1.0000000325280
    -252.00000000000    1.0000000325279
    -251.00000000000    1.0000000325275
    -250.00000000000    1.0000000325260
    -249.00000000000    1.0000000325209
    -248.00000000000    1.0000000325034
    -247.00000000000    1.0000000324458
    -246.00000000000    1.0000000322656
    -245.00000000000    1.0000000317251
    -244.00000000000    1.0000000301738
    -243.00000000000    1.0000000259131
    -242.00000000000    1.0000000147125
    -241.00000000000   0.99999998652851
    -240.00000000000   0.99999991863805
    -239.00000000000   0.99999976206795
    -238.00000000000   0.99999941632210
    -237.00000000000   0.99999868515787
    -236.00000000000   0.99999720416408
    -235.00000000000   0.99999433039009
    -234.00000000000   0.99998898713444
    -233.00000000000   0.99997946530006
    -232.00000000000   0.99996319778337
    -231.00000000000   0.99993654434417
    -230.00000000000   0.99989464695273
    -229.00000000000   0.99983143153398
    -228.00000000000   0.99973983089473
    -227.00000000000   0.99961227663860
    -226.00000000000   0.99944145309658
    -225.00000000000   0.99922123277223
    -224.00000000000   0.99894764082895
    -223.00000000000   0.99861965194601
    -222.00000000000   0.99823962855107
    -221.00000000000   0.99781327235774
    -220.00000000000   0.99734906801130
    -219.00000000000   0.99685731731936
    -218.00000000000   0.99634895719956
    -217.00000000000   0.99583439452129
    -216.00000000000   0.99532256667797
    -215.00000000000   0.99482036089837
    -214.00000000000   0.99433242677171
    -213.00000000000   0.99386132731316
    -212.00000000000   0.99340791742353
    -211.00000000000   0.99297182279618
    -210.00000000000   0.99255191066261
    -209.00000000000   0.99214668122882
    -208.00000000000   0.99175454923114
    -207.00000000000   0.99137401726979
    -206.00000000000   0.99100376160146
    -205.00000000000   0.99064265763639
    -204.00000000000   0.99028977033449
    -203.00000000000   0.98994432847366
    -202.00000000000   0.98960569482622
    -201.00000000000   0.98927333856732
    -200.00000000000   0.98894681238210
    -199.00000000000   0.98862573456975
    -198.00000000000   0.98830977547222
    -197.00000000000   0.98799864728804
    -196.00000000000   0.98769209639923
    -195.00000000000   0.98738989751902
    -194.00000000000   0.98709184915334
    -193.00000000000   0.98679777001854
    -192.00000000000   0.98650749616668
    -191.00000000000   0.98622087864474
    -190.00000000000   0.98593778156454
    -189.00000000000   0.98565808049399
    -188.00000000000   0.98538166110389
    -187.00000000000   0.98510841802024
    -186.00000000000   0.98483825384407
    -185.00000000000   0.98457107830874
    -184.00000000000   0.98430680755134
    -183.00000000000   0.98404536347937
    -182.00000000000   0.98378667321752
    -181.00000000000   0.98353066862225
    -180.00000000000   0.98327728585417
    -179.00000000000   0.98302646499967
    -178.00000000000   0.98277814973518
    -177.00000000000   0.98253228702806
    -176.00000000000   0.98228882686926
    -175.00000000000   0.98204772203381
    -174.00000000000   0.98180892786551
    -173.00000000000   0.98157240208287
    -172.00000000000   0.98133810460382
    -171.00000000000   0.98110599738687
    -170.00000000000   0.98087604428706
    -169.00000000000   0.98064821092476
    -168.00000000000   0.98042246456615
    -167.00000000000   0.98019877401407
    -166.00000000000   0.97997710950802
    -165.00000000000   0.97975744263261
    -164.00000000000   0.97953974623333
    -163.00000000000   0.97932399433924
    -162.00000000000   0.97911016209155
    -161.00000000000   0.97889822567783
    -160.00000000000   0.97868816227116
    -159.00000000000   0.97847994997384
    -158.00000000000   0.97827356776517
    -157.00000000000   0.97806899545304
    -156.00000000000   0.97786621362890
    -155.00000000000   0.97766520362591
    -154.00000000000   0.97746594747994
    -153.00000000000   0.97726842789320
    -152.00000000000   0.97707262820025
    -151.00000000000   0.97687853233632
    -150.00000000000   0.97668612480758
    -149.00000000000   0.97649539066337
    -148.00000000000   0.97630631547011
    -147.00000000000   0.97611888528686
    -146.00000000000   0.97593308664235
    -145.00000000000   0.97574890651341
    -144.00000000000   0.97556633230462
    -143.00000000000   0.97538535182921
    -142.00000000000   0.97520595329107
    -141.00000000000   0.97502812526767
    -140.00000000000   0.97485185669409
    -139.00000000000   0.97467713684786
    -138.00000000000   0.97450395533460
    -137.00000000000   0.97433230207447
    -136.00000000000   0.97416216728941
    -135.00000000000   0.97399354149091
    -134.00000000000   0.97382641546855
    -133.00000000000   0.97366078027904
    -132.00000000000   0.97349662723589
    -131.00000000000   0.97333394789955
    -130.00000000000   0.97317273406804
    -129.00000000000   0.97301297776811
    -128.00000000000   0.97285467124671
    -127.00000000000   0.97269780696301
    -126.00000000000   0.97254237758066
    -125.00000000000   0.97238837596055
    -124.00000000000   0.97223579515381
    -123.00000000000   0.97208462839517
    -122.00000000000   0.97193486909663
    -121.00000000000   0.97178651084139
    -120.00000000000   0.97163954737810
    -119.00000000000   0.97149397261529
    -118.00000000000   0.97134978061614
    -117.00000000000   0.97120696559338
    -116.00000000000   0.97106552190449
    -115.00000000000   0.97092544404704
    -114.00000000000   0.97078672665431
    -113.00000000000   0.97064936449098
    -112.00000000000   0.97051335244911
    -111.00000000000   0.97037868554421
    -110.00000000000   0.97024535891152
    -109.00000000000   0.97011336780237
    -108.00000000000   0.96998270758082
    -107.00000000000   0.96985337372025
    -106.00000000000   0.96972536180026
   -105.000000000000   0.96959866750356
   -104.000000000000   0.96947328661308
   -103.000000000000   0.96934921500910
   -102.000000000000   0.96922644866657
   -101.000000000000   0.96910498365249
   -100.000000000000   0.96898481612338
    -99.000000000000   0.96886594232288
    -98.000000000000   0.96874835857939
    -97.000000000000   0.96863206130386
    -96.000000000000   0.96851704698761
    -95.000000000000   0.96840331220024
    -94.000000000000   0.96829085358764
    -93.000000000000   0.96817966787002
    -92.000000000000   0.96806975184006
    -91.000000000000   0.96796110236113
    -90.000000000000   0.96785371636550
    -89.000000000000   0.96774759085270
    -88.000000000000   0.96764272288788
    -87.000000000000   0.96753910960027
    -86.000000000000   0.96743674818162
    -85.000000000000   0.96733563588480
    -84.000000000000   0.96723577002232
    -83.000000000000   0.96713714796504
    -82.000000000000   0.96703976714080
    -81.000000000000   0.96694362503316
    -80.000000000000   0.96684871918018
    -79.000000000000   0.96675504717320
    -78.000000000000   0.96666260665573
    -77.000000000000   0.96657139532229
    -76.000000000000   0.96648141091737
    -75.000000000000   0.96639265123436
    -74.000000000000   0.96630511411456
    -73.000000000000   0.96621879744616
    -72.000000000000   0.96613369916337
    -71.000000000000   0.96604981724542
    -70.000000000000   0.96596714971574
    -69.000000000000   0.96588569464104
    -68.000000000000   0.96580545013055
    -67.000000000000   0.96572641433514
    -66.000000000000   0.96564858544660
    -65.000000000000   0.96557196169683
    -64.000000000000   0.96549654135716
    -63.000000000000   0.96542232273761
    -62.000000000000   0.96534930418619
    -61.000000000000   0.96527748408827
    -60.000000000000   0.96520686086592
    -59.000000000000   0.96513743297726
    -58.000000000000   0.96506919891590
    -57.000000000000   0.96500215721031
    -56.000000000000   0.96493630642328
    -55.000000000000   0.96487164515135
    -54.000000000000   0.96480817202428
    -53.000000000000   0.96474588570456
    -52.000000000000   0.96468478488686
    -51.000000000000   0.96462486829757
    -50.000000000000   0.96456613469436
    -49.000000000000   0.96450858286566
    -48.000000000000   0.96445221163026
    -47.000000000000   0.96439701983690
    -46.000000000000   0.96434300636380
    -45.000000000000   0.96429017011832
    -44.000000000000   0.96423851003652
    -43.000000000000   0.96418802508283
    -42.000000000000   0.96413871424966
    -41.000000000000   0.96409057655706
    -40.000000000000   0.96404361105238
    -39.000000000000   0.96399781680992
    -38.000000000000   0.96395319293066
    -37.000000000000   0.96390973854192
    -36.000000000000   0.96386745279707
    -35.000000000000   0.96382633487526
    -34.000000000000   0.96378638398110
    -33.000000000000   0.96374759934446
    -32.000000000000   0.96370998022019
    -31.000000000000   0.96367352588782
    -30.000000000000   0.96363823565142
    -29.000000000000   0.96360410883929
    -28.000000000000   0.96357114480379
    -27.000000000000   0.96353934292110
    -26.000000000000   0.96350870259105
    -25.000000000000   0.96347922323689
    -24.000000000000   0.96345090430513
    -23.000000000000   0.96342374526536
    -22.000000000000   0.96339774561007
    -21.000000000000   0.96337290485449
    -20.000000000000   0.96334922253648
    -19.000000000000   0.96332669821629
    -18.000000000000   0.96330533147653
    -17.000000000000   0.96328512192196
    -16.000000000000   0.96326606917939
    -15.000000000000   0.96324817289758
    -14.000000000000   0.96323143274712
    -13.000000000000   0.96321584842032
    -12.000000000000   0.96320141963112
    -11.000000000000   0.96318814611500
   -10.0000000000000   0.96317602762890
    -9.0000000000000   0.96316506395115
    -8.0000000000000   0.96315525488139
    -7.0000000000000   0.96314660024053
    -6.0000000000000   0.96313909987064
    -5.0000000000000   0.96313275363500
    -4.0000000000000   0.96312756141795
    -3.0000000000000   0.96312352312492
    -2.0000000000000   0.96312063868240
    -1.0000000000000   0.96311890803788
   0.   0.96311833115988
     1.0000000000000   0.96311890803788
     2.0000000000000   0.96312063868240
     3.0000000000000   0.96312352312492
     4.0000000000000   0.96312756141795
     5.0000000000000   0.96313275363500
     6.0000000000000   0.96313909987064
     7.0000000000000   0.96314660024053
     8.0000000000000   0.96315525488139
     9.0000000000000   0.96316506395115
    10.0000000000000   0.96317602762890
     11.000000000000   0.96318814611500
     12.000000000000   0.96320141963112
     13.000000000000   0.96321584842032
     14.000000000000   0.96323143274712
     15.000000000000   0.96324817289758
     16.000000000000   0.96326606917939
     17.000000000000   0.96328512192196
     18.000000000000   0.96330533147653
     19.000000000000   0.96332669821629
     20.000000000000   0.96334922253648
     21.000000000000   0.96337290485449
     22.000000000000   0.96339774561006
     23.000000000000   0.96342374526536
     24.000000000000   0.96345090430513
     25.000000000000   0.96347922323689
     26.000000000000   0.96350870259105
     27.000000000000   0.96353934292110
     28.000000000000   0.96357114480379
     29.000000000000   0.96360410883929
     30.000000000000   0.96363823565142
     31.000000000000   0.96367352588782
     32.000000000000   0.96370998022019
     33.000000000000   0.96374759934446
     34.000000000000   0.96378638398110
     35.000000000000   0.96382633487526
     36.000000000000   0.96386745279707
     37.000000000000   0.96390973854192
     38.000000000000   0.96395319293066
     39.000000000000   0.96399781680992
     40.000000000000   0.96404361105238
     41.000000000000   0.96409057655706
     42.000000000000   0.96413871424966
     43.000000000000   0.96418802508283
     44.000000000000   0.96423851003652
     45.000000000000   0.96429017011832
     46.000000000000   0.96434300636380
     47.000000000000   0.96439701983690
     48.000000000000   0.96445221163026
     49.000000000000   0.96450858286566
     50.000000000000   0.96456613469436
     51.000000000000   0.96462486829757
     52.000000000000   0.96468478488686
     53.000000000000   0.96474588570456
     54.000000000000   0.96480817202428
     55.000000000000   0.96487164515135
     56.000000000000   0.96493630642328
     57.000000000000   0.96500215721031
     58.000000000000   0.96506919891590
     59.000000000000   0.96513743297726
     60.000000000000   0.96520686086592
     61.000000000000   0.96527748408827
     62.000000000000   0.96534930418619
     63.000000000000   0.96542232273761
     64.000000000000   0.96549654135716
     65.000000000000   0.96557196169683
     66.000000000000   0.96564858544660
     67.000000000000   0.96572641433514
     68.000000000000   0.96580545013055
     69.000000000000   0.96588569464104
     70.000000000000   0.96596714971574
     71.000000000000   0.96604981724542
     72.000000000000   0.96613369916337
     73.000000000000   0.96621879744616
     74.000000000000   0.96630511411456
     75.000000000000   0.96639265123436
     76.000000000000   0.96648141091737
     77.000000000000   0.96657139532229
     78.000000000000   0.96666260665573
     79.000000000000   0.96675504717320
     80.000000000000   0.96684871918018
     81.000000000000   0.96694362503316
     82.000000000000   0.96703976714080
     83.000000000000   0.96713714796504
     84.000000000000   0.96723577002232
     85.000000000000   0.96733563588480
     86.000000000000   0.96743674818162
     87.000000000000   0.96753910960027
     88.000000000000   0.96764272288788
     89.000000000000   0.96774759085270
     90.000000000000   0.96785371636550
     91.000000000000   0.96796110236113
     92.000000000000   0.96806975184006
     93.000000000000   0.96817966787002
     94.000000000000   0.96829085358764
     95.000000000000   0.96840331220024
     96.000000000000   0.96851704698761
     97.000000000000   0.96863206130386
     98.000000000000   0.96874835857939
     99.000000000000   0.96886594232288
    100.000000000000   0.96898481612338
    101.000000000000   0.96910498365249
    102.000000000000   0.96922644866657
    103.000000000000   0.96934921500910
    104.000000000000   0.96947328661308
    105.000000000000   0.96959866750356
     106.00000000000   0.96972536180026
     107.00000000000   0.96985337372025
     108.00000000000   0.96998270758082
     109.00000000000   0.97011336780237
     110.00000000000   0.97024535891152
     111.00000000000   0.97037868554421
     112.00000000000   0.97051335244911
     113.00000000000   0.97064936449098
     114.00000000000   0.97078672665431
     115.00000000000   0.97092544404704
     116.00000000000   0.97106552190449
     117.00000000000   0.97120696559338
     118.00000000000   0.97134978061614
     119.00000000000   0.97149397261529
     120.00000000000   0.97163954737810
     121.00000000000   0.97178651084139
     122.00000000000   0.97193486909663
     123.00000000000   0.97208462839517
     124.00000000000   0.97223579515381
     125.00000000000   0.97238837596055
     126.00000000000   0.97254237758066
     127.00000000000   0.97269780696301
     128.00000000000   0.97285467124671
     129.00000000000   0.97301297776811
     130.00000000000   0.97317273406804
     131.00000000000   0.97333394789955
     132.00000000000   0.97349662723589
     133.00000000000   0.97366078027904
     134.00000000000   0.97382641546855
     135.00000000000   0.97399354149091
     136.00000000000   0.97416216728941
     137.00000000000   0.97433230207447
     138.00000000000   0.97450395533460
     139.00000000000   0.97467713684786
     140.00000000000   0.97485185669409
     141.00000000000   0.97502812526767
     142.00000000000   0.97520595329107
     143.00000000000   0.97538535182921
     144.00000000000   0.97556633230462
     145.00000000000   0.97574890651341
     146.00000000000   0.97593308664235
     147.00000000000   0.97611888528686
     148.00000000000   0.97630631547011
     149.00000000000   0.97649539066337
     150.00000000000   0.97668612480758
     151.00000000000   0.97687853233632
     152.00000000000   0.97707262820025
     153.00000000000   0.97726842789320
     154.00000000000   0.97746594747994
     155.00000000000   0.97766520362591
     156.00000000000   0.97786621362889
     157.00000000000   0.97806899545304
     158.00000000000   0.97827356776517
     159.00000000000   0.97847994997384
     160.00000000000   0.97868816227116
     161.00000000000   0.97889822567783
     162.00000000000   0.97911016209155
     163.00000000000   0.97932399433924
     164.00000000000   0.97953974623333
     165.00000000000   0.97975744263261
     166.00000000000   0.97997710950802
     167.00000000000   0.98019877401407
     168.00000000000   0.98042246456615
     169.00000000000   0.98064821092476
     170.00000000000   0.98087604428706
     171.00000000000   0.98110599738687
     172.00000000000   0.98133810460382
     173.00000000000   0.98157240208287
     174.00000000000   0.98180892786551
     175.00000000000   0.98204772203381
     176.00000000000   0.98228882686926
     177.00000000000   0.98253228702806
     178.00000000000   0.98277814973518
     179.00000000000   0.98302646499967
     180.00000000000   0.98327728585417
     181.00000000000   0.98353066862225
     182.00000000000   0.98378667321752
     183.00000000000   0.98404536347937
     184.00000000000   0.98430680755134
     185.00000000000   0.98457107830874
     186.00000000000   0.98483825384407
     187.00000000000   0.98510841802024
     188.00000000000   0.98538166110389
     189.00000000000   0.98565808049399
     190.00000000000   0.98593778156454
     191.00000000000   0.98622087864474
     192.00000000000   0.98650749616668
     193.00000000000   0.98679777001854
     194.00000000000   0.98709184915334
     195.00000000000   0.98738989751902
     196.00000000000   0.98769209639923
     197.00000000000   0.98799864728804
     198.00000000000   0.98830977547222
     199.00000000000   0.98862573456975
     200.00000000000   0.98894681238210
     201.00000000000   0.98927333856732
     202.00000000000   0.98960569482622
     203.00000000000   0.98994432847366
     204.00000000000   0.99028977033449
     205.00000000000   0.99064265763639
     206.00000000000   0.99100376160146
     207.00000000000   0.99137401726979
     208.00000000000   0.99175454923114
     209.00000000000   0.99214668122882
     210.00000000000   0.99255191066261
     211.00000000000   0.99297182279618
     212.00000000000   0.99340791742353
     213.00000000000   0.99386132731316
     214.00000000000   0.99433242677171
     215.00000000000   0.99482036089837
     216.00000000000   0.99532256667797
     217.00000000000   0.99583439452129
     218.00000000000   0.99634895719956
     219.00000000000   0.99685731731936
     220.00000000000   0.99734906801130
     221.00000000000   0.99781327235774
     222.00000000000   0.99823962855107
     223.00000000000   0.99861965194601
     224.00000000000   0.99894764082895
     225.00000000000   0.99922123277223
     226.00000000000   0.99944145309658
     227.00000000000   0.99961227663860
     228.00000000000   0.99973983089473
     229.00000000000   0.99983143153398
     230.00000000000   0.99989464695273
     231.00000000000   0.99993654434417
     232.00000000000   0.99996319778336
     233.00000000000   0.99997946530006
     234.00000000000   0.99998898713444
     235.00000000000   0.99999433039009
     236.00000000000   0.99999720416408
     237.00000000000   0.99999868515787
     238.00000000000   0.99999941632210
     239.00000000000   0.99999976206795
     240.00000000000   0.99999991863805
     241.00000000000   0.99999998652850
     242.00000000000    1.0000000147125
     243.00000000000    1.0000000259131
     244.00000000000    1.0000000301738
     245.00000000000    1.0000000317251
     246.00000000000    1.0000000322656
     247.00000000000    1.0000000324458
     248.00000000000    1.0000000325034
     249.00000000000    1.0000000325209
     250.00000000000    1.0000000325260
     251.00000000000    1.0000000325275
     252.00000000000    1.0000000325279
     253.00000000000    1.0000000325280
     254.00000000000    1.0000000325280
     255.00000000000    1.0000000325280
     256.00000000000    1.0000000325280
     257.00000000000    1.0000000325280
     258.00000000000    1.0000000325280
     259.00000000000    1.0000000325280
     260.00000000000    1.0000000325280
     261.00000000000    1.0000000325280
     262.00000000000    1.0000000325280
     263.00000000000    1.0000000325280
     264.00000000000    1.0000000325280
     265.00000000000    1.0000000325280
     266.00000000000    1.0000000325280
     267.00000000000    1.0000000325280
     268.00000000000    1.0000000325280
     269.00000000000    1.0000000325280
     270.00000000000    1.0000000325280
     271.00000000000    1.0000000325280
     272.00000000000    1.0000000325280
     273.00000000000    1.0000000325280
     274.00000000000    1.0000000325280
     275.00000000000    1.0000000325280
     276.00000000000    1.0000000325280
     277.00000000000    1.0000000325280
     278.00000000000    1.0000000325280
     279.00000000000    1.0000000325280
     280.00000000000    1.0000000325280
     281.00000000000    1.0000000325280
     282.00000000000    1.0000000325280
     283.00000000000    1.0000000325280
     284.00000000000    1.0000000325280
     285.00000000000    1.0000000325280
     286.00000000000    1.0000000325280
     287.00000000000    1.0000000325280
     288.00000000000    1.0000000325280
     289.00000000000    1.0000000325280
     290.00000000000    1.0000000325280
     291.00000000000    1.0000000325280
     292.00000000000    1.0000000325280
     293.00000000000    1.0000000325280
     294.00000000000    1.0000000325280
     295.00000000000    1.0000000325280
     296.00000000000    1.0000000325280
     297.00000000000    1.0000000325280
     298.00000000000    1.0000000325280
     299.00000000000    1.0000000325280
     300.00000000000    1.0000000325280
     301.00000000000    1.0000000325280
     302.00000000000    1.0000000325280
     303.00000000000    1.0000000325280
     304.00000000000    1.0000000325280
     305.00000000000    1.0000000325280
     306.00000000000    1.0000000325280
     307.00000000000    1.0000000325280
     308.00000000000    1.0000000325280
     309.00000000000    1.0000000325280
     310.00000000000    1.0000000325280
     311.00000000000    1.0000000325280
     312.00000000000    1.0000000325280
     313.00000000000    1.0000000325280
     314.00000000000    1.0000000325280
     315.00000000000    1.0000000325280
     316.00000000000    1.0000000325280
     317.00000000000    1.0000000325280
     318.00000000000    1.0000000325280
     319.00000000000    1.0000000325280
     320.00000000000    1.0000000325280
     321.00000000000    1.0000000325280
     322.00000000000    1.0000000325280
     323.00000000000    1.0000000325280
     324.00000000000    1.0000000325280
     325.00000000000    1.0000000325280
     326.00000000000    1.0000000325280
     327.00000000000    1.0000000325280
     328.00000000000    1.0000000325280
     329.00000000000    1.0000000325280
     330.00000000000    1.0000000325280
     331.00000000000    1.0000000325280
     332.00000000000    1.0000000325280
     333.00000000000    1.0000000325280
     334.00000000000    1.0000000325280
     335.00000000000    1.0000000325280
     336.00000000000    1.0000000325280
     337.00000000000    1.0000000325280
     338.00000000000    1.0000000325280
     339.00000000000    1.0000000325280
     340.00000000000    1.0000000325280
     341.00000000000    1.0000000325280
     342.00000000000    1.0000000325280
     343.00000000000    1.0000000325280
     344.00000000000    1.0000000325280
     345.00000000000    1.0000000325280
     346.00000000000    1.0000000325280
     347.00000000000    1.0000000325280
     348.00000000000    1.0000000325280
     349.00000000000    1.0000000325280
     350.00000000000    1.0000000325280
     351.00000000000    1.0000000325280
     352.00000000000    1.0000000325280
     353.00000000000    1.0000000325280
     354.00000000000    1.0000000325280
     355.00000000000    1.0000000325280
     356.00000000000    1.0000000325280
     357.00000000000    1.0000000325280
     358.00000000000    1.0000000325280
     359.00000000000    1.0000000325280
     360.00000000000    1.0000000325280
     361.00000000000    1.0000000325280
     362.00000000000    1.0000000325280
     363.00000000000    1.0000000325280
     364.00000000000    1.0000000325280
     365.00000000000    1.0000000325280
     366.00000000000    1.0000000325280
     367.00000000000    1.0000000325280
     368.00000000000    1.0000000325280
     369.00000000000    1.0000000325280
     370.00000000000    1.0000000325280
     371.00000000000    1.0000000325280
     372.00000000000    1.0000000325280
     373.00000000000    1.0000000325280
     374.00000000000    1.0000000325280
     375.00000000000    1.0000000325280
     376.00000000000    1.0000000325280
     377.00000000000    1.0000000325280
     378.00000000000    1.0000000325280
     379.00000000000    1.0000000325280
     380.00000000000    1.0000000325280
     381.00000000000    1.0000000325280
     382.00000000000    1.0000000325280
     383.00000000000    1.0000000325280
     384.00000000000    1.0000000325280
     385.00000000000    1.0000000325280
     386.00000000000    1.0000000325280
     387.00000000000    1.0000000325280
     388.00000000000    1.0000000325280
     389.00000000000    1.0000000325280
     390.00000000000    1.0000000325280
     391.00000000000    1.0000000325280
     392.00000000000    1.0000000325280
     393.00000000000    1.0000000325280
     394.00000000000    1.0000000325280
     395.00000000000    1.0000000325280
     396.00000000000    1.0000000325280
     397.00000000000    1.0000000325280
     398.00000000000    1.0000000325280
     399.00000000000    1.0000000325280
     400.00000000000    1.0000000325280
     401.00000000000    1.0000000325280
     402.00000000000    1.0000000325280
     403.00000000000    1.0000000325280
     404.00000000000    1.0000000325280
     405.00000000000    1.0000000325280
     406.00000000000    1.0000000325280
     407.00000000000    1.0000000325280
     408.00000000000    1.0000000325280
     409.00000000000    1.0000000325280
     410.00000000000    1.0000000325280
     411.00000000000    1.0000000325280
     412.00000000000    1.0000000325280
     413.00000000000    1.0000000325280
     414.00000000000    1.0000000325280
     415.00000000000    1.0000000325280
     416.00000000000    1.0000000325280
     417.00000000000    1.0000000325280
     418.00000000000    1.0000000325280
     419.00000000000    1.0000000325280
     420.00000000000    1.0000000325280
     421.00000000000    1.0000000325280
     422.00000000000    1.0000000325280
     423.00000000000    1.0000000325280
     424.00000000000    1.0000000325280
     425.00000000000    1.0000000325280
     426.00000000000    1.0000000325280
     427.00000000000    1.0000000325280
     428.00000000000    1.0000000325280
     429.00000000000    1.0000000325280
     430.00000000000    1.0000000325280
     431.00000000000    1.0000000325280
     432.00000000000    1.0000000325280
     433.00000000000    1.0000000325280
     434.00000000000    1.0000000325280
     435.00000000000    1.0000000325280
     436.00000000000    1.0000000325280
     437.00000000000    1.0000000325280
     438.00000000000    1.0000000325280
     439.00000000000    1.0000000325280
     440.00000000000    1.0000000325280
     441.00000000000    1.0000000325280
     442.00000000000    1.0000000325280
     443.00000000000    1.0000000325280
     444.00000000000    1.0000000325280
     445.00000000000    1.0000000325280
     446.00000000000    1.0000000325280
     447.00000000000    1.0000000325280
     448.00000000000    1.0000000325280
     449.00000000000    1.0000000325280
     450.00000000000    1.0000000325280
     451.00000000000    1.0000000325280
     452.00000000000    1.0000000325280
     453.00000000000    1.0000000325280
     454.00000000000    1.0000000325280
     455.00000000000    1.0000000325280
     456.00000000000    1.0000000325280
     457.00000000000    1.0000000325280
     458.00000000000    1.0000000325280
     459.00000000000    1.0000000325280
     460.00000000000    1.0000000325280
     461.00000000000    1.0000000325280
     462.00000000000    1.0000000325280
     463.00000000000    1.0000000325280
     464.00000000000    1.0000000325280
     465.00000000000    1.0000000325280
     466.00000000000    1.0000000325280
     467.00000000000    1.0000000325280
     468.00000000000    1.0000000325280
     469.00000000000    1.0000000325280
     470.00000000000    1.0000000325280
     471.00000000000    1.0000000325280
     472.00000000000    1.0000000325280
     473.00000000000    1.0000000325280
     474.00000000000    1.0000000325280
     475.00000000000    1.0000000325280
     476.00000000000    1.0000000325280
     477.00000000000    1.0000000325280
     478.00000000000    1.0000000325280
     479.00000000000    1.0000000325280
     480.00000000000    1.0000000325280
     481.00000000000    1.0000000325280
     482.00000000000    1.0000000325280
     483.00000000000    1.0000000325280
     484.00000000000    1.0000000325280
     485.00000000000    1.0000000325280
     486.00000000000    1.0000000325280
     487.00000000000    1.0000000325280
     488.00000000000    1.0000000325280
     489.00000000000    1.0000000325280
     490.00000000000    1.0000000325280
     491.00000000000    1.0000000325280
     492.00000000000    1.0000000325280
     493.00000000000    1.0000000325280
     494.00000000000    1.0000000325280
     495.00000000000    1.0000000325280
     496.00000000000    1.0000000325280
     497.00000000000    1.0000000325280
     498.00000000000    1.0000000325280
     499.00000000000    1.0000000325280
     500.00000000000    1.0000000325280
