    -500.00000000000    1.0000000325280
    -499.00000000000    1.0000000325280
    -498.00000000000    1.0000000325280
    -497.00000000000    1.0000000325280
    -496.00000000000    1.0000000325280
    -495.00000000000    1.0000000325280
    -494.00000000000    1.0000000325280
    -493.00000000000    1.0000000325280
    -492.00000000000    1.0000000325280
    -491.00000000000    1.0000000325280
    -490.00000000000    1.0000000325280
    -489.00000000000    1.0000000325280
    -488.00000000000    1.0000000325280
    -487.00000000000    1.0000000325280
    -486.00000000000    1.0000000325280
    -485.00000000000    1.0000000325280
    -484.00000000000    1.0000000325280
    -483.00000000000    1.0000000325280
    -482.00000000000    1.0000000325280
    -481.00000000000    1.0000000325280
    -480.00000000000    1.0000000325280
    -479.00000000000    1.0000000325280
    -478.00000000000    1.0000000325280
    -477.00000000000    1.0000000325280
    -476.00000000000    1.0000000325280
    -475.00000000000    1.0000000325280
    -474.00000000000    1.0000000325280
    -473.00000000000    1.0000000325280
    -472.00000000000    1.0000000325280
    -471.00000000000    1.0000000325280
    -470.00000000000    1.0000000325280
    -469.00000000000    1.0000000325280
    -468.00000000000    1.0000000325280
    -467.00000000000    1.0000000325280
    -466.00000000000    1.0000000325280
    -465.00000000000    1.0000000325280
    -464.00000000000    1.0000000325280
    -463.00000000000    1.0000000325280
    -462.00000000000    1.0000000325280
    -461.00000000000    1.0000000325280
    -460.00000000000    1.0000000325280
    -459.00000000000    1.0000000325280
    -458.00000000000    1.0000000325280
    -457.00000000000    1.0000000325280
    -456.00000000000    1.0000000325280
    -455.00000000000    1.0000000325280
    -454.00000000000    1.0000000325280
    -453.00000000000    1.0000000325280
    -452.00000000000    1.0000000325280
    -451.00000000000    1.0000000325280
    -450.00000000000    1.0000000325280
    -449.00000000000    1.0000000325280
    -448.00000000000    1.0000000325280
    -447.00000000000    1.0000000325280
    -446.00000000000    1.0000000325280
    -445.00000000000    1.0000000325280
    -444.00000000000    1.0000000325280
    -443.00000000000    1.0000000325280
    -442.00000000000    1.0000000325280
    -441.00000000000    1.0000000325280
    -440.00000000000    1.0000000325280
    -439.00000000000    1.0000000325280
    -438.00000000000    1.0000000325280
    -437.00000000000    1.0000000325280
    -436.00000000000    1.0000000325280
    -435.00000000000    1.0000000325280
    -434.00000000000    1.0000000325280
    -433.00000000000    1.0000000325280
    -432.00000000000    1.0000000325280
    -431.00000000000    1.0000000325280
    -430.00000000000    1.0000000325280
    -429.00000000000    1.0000000325280
    -428.00000000000    1.0000000325280
    -427.00000000000    1.0000000325280
    -426.00000000000    1.0000000325280
    -425.00000000000    1.0000000325280
    -424.00000000000    1.0000000325280
    -423.00000000000    1.0000000325280
    -422.00000000000    1.0000000325280
    -421.00000000000    1.0000000325280
    -420.00000000000    1.0000000325280
    -419.00000000000    1.0000000325280
    -418.00000000000    1.0000000325280
    -417.00000000000    1.0000000325280
    -416.00000000000    1.0000000325280
    -415.00000000000    1.0000000325280
    -414.00000000000    1.0000000325280
    -413.00000000000    1.0000000325280
    -412.00000000000    1.0000000325280
    -411.00000000000    1.0000000325280
    -410.00000000000    1.0000000325280
    -409.00000000000    1.0000000325280
    -408.00000000000    1.0000000325280
    -407.00000000000    1.0000000325280
    -406.00000000000    1.0000000325280
    -405.00000000000    1.0000000325280
    -404.00000000000    1.0000000325280
    -403.00000000000    1.0000000325280
    -402.00000000000    1.0000000325280
    -401.00000000000    1.0000000325280
    -400.00000000000    1.0000000325280
    -399.00000000000    1.0000000325280
    -398.00000000000    1.0000000325280
    -397.00000000000    1.0000000325280
    -396.00000000000    1.0000000325280
    -395.00000000000    1.0000000325280
    -394.00000000000    1.0000000325280
    -393.00000000000    1.0000000325280
    -392.00000000000    1.0000000325280
    -391.00000000000    1.0000000325280
    -390.00000000000    1.0000000325280
    -389.00000000000    1.0000000325280
    -388.00000000000    1.0000000325280
    -387.00000000000    1.0000000325280
    -386.00000000000    1.0000000325280
    -385.00000000000    1.0000000325280
    -384.00000000000    1.0000000325280
    -383.00000000000    1.0000000325280
    -382.00000000000    1.0000000325280
    -381.00000000000    1.0000000325280
    -380.00000000000    1.0000000325280
    -379.00000000000    1.0000000325280
    -378.00000000000    1.0000000325280
    -377.00000000000    1.0000000325280
    -376.00000000000    1.0000000325280
    -375.00000000000    1.0000000325280
    -374.00000000000    1.0000000325280
    -373.00000000000    1.0000000325280
    -372.00000000000    1.0000000325280
    -371.00000000000    1.0000000325280
    -370.00000000000    1.0000000325280
    -369.00000000000    1.0000000325280
    -368.00000000000    1.0000000325280
    -367.00000000000    1.0000000325280
    -366.00000000000    1.0000000325280
    -365.00000000000    1.0000000325280
    -364.00000000000    1.0000000325280
    -363.00000000000    1.0000000325280
    -362.00000000000    1.0000000325280
    -361.00000000000    1.0000000325280
    -360.00000000000    1.0000000325280
    -359.00000000000    1.0000000325280
    -358.00000000000    1.0000000325280
    -357.00000000000    1.0000000325280
    -356.00000000000    1.0000000325280
    -355.00000000000    1.0000000325280
    -354.00000000000    1.0000000325280
    -353.00000000000    1.0000000325280
    -352.00000000000    1.0000000325280
    -351.00000000000    1.0000000325280
    -350.00000000000    1.0000000325280
    -349.00000000000    1.0000000325280
    -348.00000000000    1.0000000325280
    -347.00000000000    1.0000000325280
    -346.00000000000    1.0000000325280
    -345.00000000000    1.0000000325280
    -344.00000000000    1.0000000325280
    -343.00000000000    1.0000000325280
    -342.00000000000    1.0000000325280
    -341.00000000000    1.0000000325280
    -340.00000000000    1.0000000325280
    -339.00000000000    1.0000000325280
    -338.00000000000    1.0000000325280
    -337.00000000000    1.0000000325280
    -336.00000000000    1.0000000325280
    -335.00000000000    1.0000000325280
    -334.00000000000    1.0000000325280
    -333.00000000000    1.0000000325280
    -332.00000000000    1.0000000325280
    -331.00000000000    1.0000000325280
    -330.00000000000    1.0000000325280
    -329.00000000000    1.0000000325280
    -328.00000000000    1.0000000325280
    -327.00000000000    1.0000000325280
    -326.00000000000    1.0000000325280
    -325.00000000000    1.0000000325280
    -324.00000000000    1.0000000325280
    -323.00000000000    1.0000000325280
    -322.00000000000    1.0000000325280
    -321.00000000000    1.0000000325280
    -320.00000000000    1.0000000325280
    -319.00000000000    1.0000000325280
    -318.00000000000    1.0000000325280
    -317.00000000000    1.0000000325280
    -316.00000000000    1.0000000325280
    -315.00000000000    1.0000000325280
    -314.00000000000    1.0000000325280
    -313.00000000000    1.0000000325280
    -312.00000000000    1.0000000325280
    -311.00000000000    1.0000000325280
    -310.00000000000    1.0000000325280
    -309.00000000000    1.0000000325280
    -308.00000000000    1.0000000325280
    -307.00000000000    1.0000000325280
    -306.00000000000    1.0000000325280
    -305.00000000000    1.0000000325280
    -304.00000000000    1.0000000325280
    -303.00000000000    1.0000000325280
    -302.00000000000    1.0000000325280
    -301.00000000000    1.0000000325280
    -300.00000000000    1.0000000325280
    -299.00000000000    1.0000000325280
    -298.00000000000    1.0000000325280
    -297.00000000000    1.0000000325280
    -296.00000000000    1.0000000325280
    -295.00000000000    1.0000000325280
    -294.00000000000    1.0000000325280
    -293.00000000000    1.0000000325280
    -292.00000000000    1.0000000325280
    -291.00000000000    1.0000000325280
    -290.00000000000    1.0000000325280
    -289.00000000000    1.0000000325280
    -288.00000000000    1.0000000325280
    -287.00000000000    1.0000000325280
    -286.00000000000    1.0000000325280
    -285.00000000000    1.0000000325280
    -284.00000000000    1.0000000325280
    -283.00000000000    1.0000000325280
    -282.00000000000    1.0000000325280
    -281.00000000000    1.0000000325280
    -280.00000000000    1.0000000325280
    -279.00000000000    1.0000000325280
    -278.00000000000    1.0000000325280
    -277.00000000000    1.0000000325280
    -276.00000000000    1.0000000325280
    -275.00000000000    1.0000000325280
    -274.00000000000    1.0000000325280
    -273.00000000000    1.0000000325280
    -272.00000000000    1.0000000325280
    -271.00000000000    1.0000000325280
    -270.00000000000    1.0000000325280
    -269.00000000000    1.0000000325280
    -268.00000000000    1.0000000325280
    -267.00000000000    1.0000000325280
    -266.00000000000    1.0000000325280
    -265.00000000000    1.0000000325280
    -264.00000000000    1.0000000325280
    -263.00000000000    1.0000000325280
    -262.00000000000    1.0000000325280
    -261.00000000000    1.0000000325280
    -260.00000000000    1.0000000325280
    -259.00000000000    1.0000000325280
    -258.00000000000    1.0000000325280
    -257.00000000000    1.0000000325280
    -256.00000000000    1.0000000325280
    -255.00000000000    1.0000000325280
    -254.00000000000    1.0000000325280
    -253.00000000000    1.0000000325280
    -252.00000000000    1.0000000325280
    -251.00000000000    1.0000000325280
    -250.00000000000    1.0000000325280
    -249.00000000000    1.0000000325280
    -248.00000000000    1.0000000325280
    -247.00000000000    1.0000000325280
    -246.00000000000    1.0000000325280
    -245.00000000000    1.0000000325280
    -244.00000000000    1.0000000325280
    -243.00000000000    1.0000000325280
    -242.00000000000    1.0000000325280
    -241.00000000000    1.0000000325280
    -240.00000000000    1.0000000325280
    -239.00000000000    1.0000000325280
    -238.00000000000    1.0000000325280
    -237.00000000000    1.0000000325280
    -236.00000000000    1.0000000325280
    -235.00000000000    1.0000000325280
    -234.00000000000    1.0000000325280
    -233.00000000000    1.0000000325280
    -232.00000000000    1.0000000325280
    -231.00000000000    1.0000000325280
    -230.00000000000    1.0000000325280
    -229.00000000000    1.0000000325280
    -228.00000000000    1.0000000325280
    -227.00000000000    1.0000000325280
    -226.00000000000    1.0000000325280
    -225.00000000000    1.0000000325280
    -224.00000000000    1.0000000325280
    -223.00000000000    1.0000000325280
    -222.00000000000    1.0000000325280
    -221.00000000000    1.0000000325280
    -220.00000000000    1.0000000325280
    -219.00000000000    1.0000000325280
    -218.00000000000    1.0000000325280
    -217.00000000000    1.0000000325280
    -216.00000000000    1.0000000325280
    -215.00000000000    1.0000000325280
    -214.00000000000    1.0000000325280
    -213.00000000000    1.0000000325280
    -212.00000000000    1.0000000325280
    -211.00000000000    1.0000000325280
    -210.00000000000    1.0000000325280
    -209.00000000000    1.0000000325280
    -208.00000000000    1.0000000325280
    -207.00000000000    1.0000000325280
    -206.00000000000    1.0000000325280
    -205.00000000000    1.0000000325280
    -204.00000000000    1.0000000325280
    -203.00000000000    1.0000000325280
    -202.00000000000    1.0000000325280
    -201.00000000000    1.0000000325280
    -200.00000000000    1.0000000325280
    -199.00000000000    1.0000000325280
    -198.00000000000    1.0000000325280
    -197.00000000000    1.0000000325280
    -196.00000000000    1.0000000325280
    -195.00000000000    1.0000000325280
    -194.00000000000    1.0000000325280
    -193.00000000000    1.0000000325280
    -192.00000000000    1.0000000325280
    -191.00000000000    1.0000000325280
    -190.00000000000    1.0000000325280
    -189.00000000000    1.0000000325280
    -188.00000000000    1.0000000325280
    -187.00000000000    1.0000000325280
    -186.00000000000    1.0000000325280
    -185.00000000000    1.0000000325280
    -184.00000000000    1.0000000325280
    -183.00000000000    1.0000000325280
    -182.00000000000    1.0000000325280
    -181.00000000000    1.0000000325280
    -180.00000000000    1.0000000325280
    -179.00000000000    1.0000000325280
    -178.00000000000    1.0000000325280
    -177.00000000000    1.0000000325280
    -176.00000000000    1.0000000325279
    -175.00000000000    1.0000000325277
    -174.00000000000    1.0000000325270
    -173.00000000000    1.0000000325242
    -172.00000000000    1.0000000325143
    -171.00000000000    1.0000000324802
    -170.00000000000    1.0000000323687
    -169.00000000000    1.0000000320191
    -168.00000000000    1.0000000309702
    -167.00000000000    1.0000000279587
    -166.00000000000    1.0000000196839
    -165.00000000000   0.99999999792143
    -164.00000000000   0.99999994313501
    -163.00000000000   0.99999981109850
    -162.00000000000   0.99999950643458
    -161.00000000000   0.99999883328854
    -160.00000000000   0.99999740892118
    -159.00000000000   0.99999452202559
    -158.00000000000   0.99998891646779
    -157.00000000000   0.99997848657171
    -156.00000000000   0.99995988610312
    -155.00000000000   0.99992808241723
    -154.00000000000   0.99987592829753
    -153.00000000000   0.99979386847225
    -152.00000000000   0.99966992973218
    -151.00000000000   0.99949014256570
    -150.00000000000   0.99923949084952
    -149.00000000000   0.99890338010517
    -148.00000000000   0.99846947125243
    -147.00000000000   0.99792958489325
    -146.00000000000   0.99728129211145
    -145.00000000000   0.99652881529124
    -144.00000000000   0.99568298193887
    -143.00000000000   0.99476018118852
    -142.00000000000   0.99378050662670
    -141.00000000000   0.99276545658313
    -140.00000000000   0.99173564562080
    -139.00000000000   0.99070893819451
    -138.00000000000   0.98969927108965
    -137.00000000000   0.98871624050221
    -136.00000000000   0.98776535491147
    -135.00000000000   0.98684874223539
    -134.00000000000   0.98596606574132
    -133.00000000000   0.98511543606317
    -132.00000000000   0.98429417782243
    -131.00000000000   0.98349938773920
    -130.00000000000   0.98272828420485
    -129.00000000000   0.98197838619281
    -128.00000000000   0.98124757316150
    -127.00000000000   0.98053407445963
    -126.00000000000   0.97983642520534
    -125.00000000000   0.97915341240693
    -124.00000000000   0.97848402406557
    -123.00000000000   0.97782740646360
    -122.00000000000   0.97718283053777
    -121.00000000000   0.97654966625758
    -120.00000000000   0.97592736333305
    -119.00000000000   0.97531543665046
    -118.00000000000   0.97471345514844
    -117.00000000000   0.97412103318295
    -116.00000000000   0.97353782370720
    -115.00000000000   0.97296351279617
    -114.00000000000   0.97239781518645
    -113.00000000000   0.97184047059732
    -112.00000000000   0.97129124066368
    -111.00000000000   0.97074990635528
    -110.00000000000   0.97021626578747
    -109.00000000000   0.96969013235088
    -108.00000000000   0.96917133310315
    -107.00000000000   0.96865970737801
    -106.00000000000   0.96815510557598
   -105.000000000000   0.96765738810777
   -104.000000000000   0.96716642446704
   -103.000000000000   0.96668209241319
   -102.000000000000   0.96620427724842
   -101.000000000000   0.96573287117584
   -100.000000000000   0.96526777272755
    -99.000000000000   0.96480888625357
    -98.000000000000   0.96435612146362
    -97.000000000000   0.96390939301523
    -96.000000000000   0.96346862014250
    -95.000000000000   0.96303372632058
    -94.000000000000   0.96260463896180
    -93.000000000000   0.96218128913970
    -92.000000000000   0.96176361133807
    -91.000000000000   0.96135154322198
    -90.000000000000   0.96094502542874
    -89.000000000000   0.96054400137649
    -88.000000000000   0.96014841708871
    -87.000000000000   0.95975822103302
    -86.000000000000   0.95937336397291
    -85.000000000000   0.95899379883109
    -84.000000000000   0.95861948056332
    -83.000000000000   0.95825036604190
    -82.000000000000   0.95788641394775
    -81.000000000000   0.95752758467045
    -80.000000000000   0.95717384021541
    -79.000000000000   0.95682514411770
    -78.000000000000   0.95648146136181
    -77.000000000000   0.95614275830697
    -76.000000000000   0.95580900261747
    -75.000000000000   0.95548016319769
    -74.000000000000   0.95515621013129
    -73.000000000000   0.95483711462444
    -72.000000000000   0.95452284895261
    -71.000000000000   0.95421338641067
    -70.000000000000   0.95390870126621
    -69.000000000000   0.95360876871555
    -68.000000000000   0.95331356484258
    -67.000000000000   0.95302306657988
    -66.000000000000   0.95273725167231
    -65.000000000000   0.95245609864254
    -64.000000000000   0.95217958675871
    -63.000000000000   0.95190769600386
    -62.000000000000   0.95164040704703
    -61.000000000000   0.95137770121611
    -60.000000000000   0.95111956047199
    -59.000000000000   0.95086596738431
    -58.000000000000   0.95061690510836
    -57.000000000000   0.95037235736328
    -56.000000000000   0.95013230841145
    -55.000000000000   0.94989674303885
    -54.000000000000   0.94966564653653
    -53.000000000000   0.94943900468301
    -52.000000000000   0.94921680372753
    -51.000000000000   0.94899903037425
    -50.000000000000   0.94878567176709
    -49.000000000000   0.94857671547547
    -48.000000000000   0.94837214948070
    -47.000000000000   0.94817196216300
    -46.000000000000   0.94797614228921
    -45.000000000000   0.94778467900107
    -44.000000000000   0.94759756180408
    -43.000000000000   0.94741478055689
    -42.000000000000   0.94723632546118
    -41.000000000000   0.94706218705206
    -40.000000000000   0.94689235618891
    -39.000000000000   0.94672682404663
    -38.000000000000   0.94656558210734
    -37.000000000000   0.94640862215248
    -36.000000000000   0.94625593625525
    -35.000000000000   0.94610751677343
    -34.000000000000   0.94596335634251
    -33.000000000000   0.94582344786923
    -32.000000000000   0.94568778452531
    -31.000000000000   0.94555635974160
    -30.000000000000   0.94542916720240
    -29.000000000000   0.94530620084017
    -28.000000000000   0.94518745483037
    -27.000000000000   0.94507292358669
    -26.000000000000   0.94496260175642
    -25.000000000000   0.94485648421610
    -24.000000000000   0.94475456606736
    -23.000000000000   0.94465684263300
    -22.000000000000   0.94456330945330
    -21.000000000000   0.94447396228248
    -20.000000000000   0.94438879708535
    -19.000000000000   0.94430781003424
    -18.000000000000   0.94423099750598
    -17.000000000000   0.94415835607916
    -16.000000000000   0.94408988253150
    -15.000000000000   0.94402557383744
    -14.000000000000   0.94396542716580
    -13.000000000000   0.94390943987773
    -12.000000000000   0.94385760952468
    -11.000000000000   0.94380993384663
   -10.0000000000000   0.94376641077036
    -9.0000000000000   0.94372703840800
    -8.0000000000000   0.94369181505556
    -7.0000000000000   0.94366073919175
    -6.0000000000000   0.94363380947683
    -5.0000000000000   0.94361102475166
    -4.0000000000000   0.94359238403683
    -3.0000000000000   0.94357788653199
    -2.0000000000000   0.94356753161522
    -1.0000000000000   0.94356131884263
   0.   0.94355924794801
     1.0000000000000   0.94356131884263
     2.0000000000000   0.94356753161522
     3.0000000000000   0.94357788653199
     4.0000000000000   0.94359238403683
     5.0000000000000   0.94361102475166
     6.0000000000000   0.94363380947683
     7.0000000000000   0.94366073919175
     8.0000000000000   0.94369181505556
     9.0000000000000   0.94372703840800
    10.0000000000000   0.94376641077036
     11.000000000000   0.94380993384663
     12.000000000000   0.94385760952468
     13.000000000000   0.94390943987773
     14.000000000000   0.94396542716580
     15.000000000000   0.94402557383744
     16.000000000000   0.94408988253150
     17.000000000000   0.94415835607916
     18.000000000000   0.94423099750598
     19.000000000000   0.94430781003424
     20.000000000000   0.94438879708535
     21.000000000000   0.94447396228248
     22.000000000000   0.94456330945330
     23.000000000000   0.94465684263300
     24.000000000000   0.94475456606736
     25.000000000000   0.94485648421610
     26.000000000000   0.94496260175642
     27.000000000000   0.94507292358669
     28.000000000000   0.94518745483037
     29.000000000000   0.94530620084017
     30.000000000000   0.94542916720240
     31.000000000000   0.94555635974160
     32.000000000000   0.94568778452531
     33.000000000000   0.94582344786923
     34.000000000000   0.94596335634251
     35.000000000000   0.94610751677343
     36.000000000000   0.94625593625525
     37.000000000000   0.94640862215248
     38.000000000000   0.94656558210734
     39.000000000000   0.94672682404662
     40.000000000000   0.94689235618891
     41.000000000000   0.94706218705206
     42.000000000000   0.94723632546118
     43.000000000000   0.94741478055689
     44.000000000000   0.94759756180408
     45.000000000000   0.94778467900107
     46.000000000000   0.94797614228921
     47.000000000000   0.94817196216300
     48.000000000000   0.94837214948070
     49.000000000000   0.94857671547547
     50.000000000000   0.94878567176709
     51.000000000000   0.94899903037425
     52.000000000000   0.94921680372753
     53.000000000000   0.94943900468301
     54.000000000000   0.94966564653653
     55.000000000000   0.94989674303885
     56.000000000000   0.95013230841145
     57.000000000000   0.95037235736328
     58.000000000000   0.95061690510836
     59.000000000000   0.95086596738431
     60.000000000000   0.95111956047199
     61.000000000000   0.95137770121611
     62.000000000000   0.95164040704703
     63.000000000000   0.95190769600386
     64.000000000000   0.95217958675871
     65.000000000000   0.95245609864254
     66.000000000000   0.95273725167231
     67.000000000000   0.95302306657988
     68.000000000000   0.95331356484258
     69.000000000000   0.95360876871555
     70.000000000000   0.95390870126621
     71.000000000000   0.95421338641067
     72.000000000000   0.95452284895261
     73.000000000000   0.95483711462444
     74.000000000000   0.95515621013129
     75.000000000000   0.95548016319769
     76.000000000000   0.95580900261747
     77.000000000000   0.95614275830697
     78.000000000000   0.95648146136181
     79.000000000000   0.95682514411770
     80.000000000000   0.95717384021541
     81.000000000000   0.95752758467045
     82.000000000000   0.95788641394775
     83.000000000000   0.95825036604190
     84.000000000000   0.95861948056332
     85.000000000000   0.95899379883109
     86.000000000000   0.95937336397291
     87.000000000000   0.95975822103302
     88.000000000000   0.96014841708871
     89.000000000000   0.96054400137649
     90.000000000000   0.96094502542874
     91.000000000000   0.96135154322198
     92.000000000000   0.96176361133807
     93.000000000000   0.96218128913970
     94.000000000000   0.96260463896180
     95.000000000000   0.96303372632058
     96.000000000000   0.96346862014250
     97.000000000000   0.96390939301523
     98.000000000000   0.96435612146362
     99.000000000000   0.96480888625357
    100.000000000000   0.96526777272755
    101.000000000000   0.96573287117584
    102.000000000000   0.96620427724842
    103.000000000000   0.96668209241319
    104.000000000000   0.96716642446704
    105.000000000000   0.96765738810777
     106.00000000000   0.96815510557598
     107.00000000000   0.96865970737801
     108.00000000000   0.96917133310315
     109.00000000000   0.96969013235088
     110.00000000000   0.97021626578747
     111.00000000000   0.97074990635528
     112.00000000000   0.97129124066368
     113.00000000000   0.97184047059732
     114.00000000000   0.97239781518645
     115.00000000000   0.97296351279617
     116.00000000000   0.97353782370720
     117.00000000000   0.97412103318295
     118.00000000000   0.97471345514844
     119.00000000000   0.97531543665046
     120.00000000000   0.97592736333305
     121.00000000000   0.97654966625758
     122.00000000000   0.97718283053777
     123.00000000000   0.97782740646360
     124.00000000000   0.97848402406557
     125.00000000000   0.97915341240693
     126.00000000000   0.97983642520534
     127.00000000000   0.98053407445963
     128.00000000000   0.98124757316150
     129.00000000000   0.98197838619281
     130.00000000000   0.98272828420485
     131.00000000000   0.98349938773920
     132.00000000000   0.98429417782243
     133.00000000000   0.98511543606317
     134.00000000000   0.98596606574132
     135.00000000000   0.98684874223539
     136.00000000000   0.98776535491147
     137.00000000000   0.98871624050221
     138.00000000000   0.98969927108965
     139.00000000000   0.99070893819451
     140.00000000000   0.99173564562080
     141.00000000000   0.99276545658313
     142.00000000000   0.99378050662669
     143.00000000000   0.99476018118852
     144.00000000000   0.99568298193887
     145.00000000000   0.99652881529124
     146.00000000000   0.99728129211145
     147.00000000000   0.99792958489325
     148.00000000000   0.99846947125243
     149.00000000000   0.99890338010517
     150.00000000000   0.99923949084952
     151.00000000000   0.99949014256570
     152.00000000000   0.99966992973218
     153.00000000000   0.99979386847225
     154.00000000000   0.99987592829753
     155.00000000000   0.99992808241723
     156.00000000000   0.99995988610312
     157.00000000000   0.99997848657171
     158.00000000000   0.99998891646778
     159.00000000000   0.99999452202559
     160.00000000000   0.99999740892118
     161.00000000000   0.99999883328854
     162.00000000000   0.99999950643458
     163.00000000000   0.99999981109850
     164.00000000000   0.99999994313501
     165.00000000000   0.99999999792143
     166.00000000000    1.0000000196839
     167.00000000000    1.0000000279587
     168.00000000000    1.0000000309702
     169.00000000000    1.0000000320191
     170.00000000000    1.0000000323687
     171.00000000000    1.0000000324802
     172.00000000000    1.0000000325143
     173.00000000000    1.0000000325242
     174.00000000000    1.0000000325270
     175.00000000000    1.0000000325277
     176.00000000000    1.0000000325279
     177.00000000000    1.0000000325280
     178.00000000000    1.0000000325280
     179.00000000000    1.0000000325280
     180.00000000000    1.0000000325280
     181.00000000000    1.0000000325280
     182.00000000000    1.0000000325280
     183.00000000000    1.0000000325280
     184.00000000000    1.0000000325280
     185.00000000000    1.0000000325280
     186.00000000000    1.0000000325280
     187.00000000000    1.0000000325280
     188.00000000000    1.0000000325280
     189.00000000000    1.0000000325280
     190.00000000000    1.0000000325280
     191.00000000000    1.0000000325280
     192.00000000000    1.0000000325280
     193.00000000000    1.0000000325280
     194.00000000000    1.0000000325280
     195.00000000000    1.0000000325280
     196.00000000000    1.0000000325280
     197.00000000000    1.0000000325280
     198.00000000000    1.0000000325280
     199.00000000000    1.0000000325280
     200.00000000000    1.0000000325280
     201.00000000000    1.0000000325280
     202.00000000000    1.0000000325280
     203.00000000000    1.0000000325280
     204.00000000000    1.0000000325280
     205.00000000000    1.0000000325280
     206.00000000000    1.0000000325280
     207.00000000000    1.0000000325280
     208.00000000000    1.0000000325280
     209.00000000000    1.0000000325280
     210.00000000000    1.0000000325280
     211.00000000000    1.0000000325280
     212.00000000000    1.0000000325280
     213.00000000000    1.0000000325280
     214.00000000000    1.0000000325280
     215.00000000000    1.0000000325280
     216.00000000000    1.0000000325280
     217.00000000000    1.0000000325280
     218.00000000000    1.0000000325280
     219.00000000000    1.0000000325280
     220.00000000000    1.0000000325280
     221.00000000000    1.0000000325280
     222.00000000000    1.0000000325280
     223.00000000000    1.0000000325280
     224.00000000000    1.0000000325280
     225.00000000000    1.0000000325280
     226.00000000000    1.0000000325280
     227.00000000000    1.0000000325280
     228.00000000000    1.0000000325280
     229.00000000000    1.0000000325280
     230.00000000000    1.0000000325280
     231.00000000000    1.0000000325280
     232.00000000000    1.0000000325280
     233.00000000000    1.0000000325280
     234.00000000000    1.0000000325280
     235.00000000000    1.0000000325280
     236.00000000000    1.0000000325280
     237.00000000000    1.0000000325280
     238.00000000000    1.0000000325280
     239.00000000000    1.0000000325280
     240.00000000000    1.0000000325280
     241.00000000000    1.0000000325280
     242.00000000000    1.0000000325280
     243.00000000000    1.0000000325280
     244.00000000000    1.0000000325280
     245.00000000000    1.0000000325280
     246.00000000000    1.0000000325280
     247.00000000000    1.0000000325280
     248.00000000000    1.0000000325280
     249.00000000000    1.0000000325280
     250.00000000000    1.0000000325280
     251.00000000000    1.0000000325280
     252.00000000000    1.0000000325280
     253.00000000000    1.0000000325280
     254.00000000000    1.0000000325280
     255.00000000000    1.0000000325280
     256.00000000000    1.0000000325280
     257.00000000000    1.0000000325280
     258.00000000000    1.0000000325280
     259.00000000000    1.0000000325280
     260.00000000000    1.0000000325280
     261.00000000000    1.0000000325280
     262.00000000000    1.0000000325280
     263.00000000000    1.0000000325280
     264.00000000000    1.0000000325280
     265.00000000000    1.0000000325280
     266.00000000000    1.0000000325280
     267.00000000000    1.0000000325280
     268.00000000000    1.0000000325280
     269.00000000000    1.0000000325280
     270.00000000000    1.0000000325280
     271.00000000000    1.0000000325280
     272.00000000000    1.0000000325280
     273.00000000000    1.0000000325280
     274.00000000000    1.0000000325280
     275.00000000000    1.0000000325280
     276.00000000000    1.0000000325280
     277.00000000000    1.0000000325280
     278.00000000000    1.0000000325280
     279.00000000000    1.0000000325280
     280.00000000000    1.0000000325280
     281.00000000000    1.0000000325280
     282.00000000000    1.0000000325280
     283.00000000000    1.0000000325280
     284.00000000000    1.0000000325280
     285.00000000000    1.0000000325280
     286.00000000000    1.0000000325280
     287.00000000000    1.0000000325280
     288.00000000000    1.0000000325280
     289.00000000000    1.0000000325280
     290.00000000000    1.0000000325280
     291.00000000000    1.0000000325280
     292.00000000000    1.0000000325280
     293.00000000000    1.0000000325280
     294.00000000000    1.0000000325280
     295.00000000000    1.0000000325280
     296.00000000000    1.0000000325280
     297.00000000000    1.0000000325280
     298.00000000000    1.0000000325280
     299.00000000000    1.0000000325280
     300.00000000000    1.0000000325280
     301.00000000000    1.0000000325280
     302.00000000000    1.0000000325280
     303.00000000000    1.0000000325280
     304.00000000000    1.0000000325280
     305.00000000000    1.0000000325280
     306.00000000000    1.0000000325280
     307.00000000000    1.0000000325280
     308.00000000000    1.0000000325280
     309.00000000000    1.0000000325280
     310.00000000000    1.0000000325280
     311.00000000000    1.0000000325280
     312.00000000000    1.0000000325280
     313.00000000000    1.0000000325280
     314.00000000000    1.0000000325280
     315.00000000000    1.0000000325280
     316.00000000000    1.0000000325280
     317.00000000000    1.0000000325280
     318.00000000000    1.0000000325280
     319.00000000000    1.0000000325280
     320.00000000000    1.0000000325280
     321.00000000000    1.0000000325280
     322.00000000000    1.0000000325280
     323.00000000000    1.0000000325280
     324.00000000000    1.0000000325280
     325.00000000000    1.0000000325280
     326.00000000000    1.0000000325280
     327.00000000000    1.0000000325280
     328.00000000000    1.0000000325280
     329.00000000000    1.0000000325280
     330.00000000000    1.0000000325280
     331.00000000000    1.0000000325280
     332.00000000000    1.0000000325280
     333.00000000000    1.0000000325280
     334.00000000000    1.0000000325280
     335.00000000000    1.0000000325280
     336.00000000000    1.0000000325280
     337.00000000000    1.0000000325280
     338.00000000000    1.0000000325280
     339.00000000000    1.0000000325280
     340.00000000000    1.0000000325280
     341.00000000000    1.0000000325280
     342.00000000000    1.0000000325280
     343.00000000000    1.0000000325280
     344.00000000000    1.0000000325280
     345.00000000000    1.0000000325280
     346.00000000000    1.0000000325280
     347.00000000000    1.0000000325280
     348.00000000000    1.0000000325280
     349.00000000000    1.0000000325280
     350.00000000000    1.0000000325280
     351.00000000000    1.0000000325280
     352.00000000000    1.0000000325280
     353.00000000000    1.0000000325280
     354.00000000000    1.0000000325280
     355.00000000000    1.0000000325280
     356.00000000000    1.0000000325280
     357.00000000000    1.0000000325280
     358.00000000000    1.0000000325280
     359.00000000000    1.0000000325280
     360.00000000000    1.0000000325280
     361.00000000000    1.0000000325280
     362.00000000000    1.0000000325280
     363.00000000000    1.0000000325280
     364.00000000000    1.0000000325280
     365.00000000000    1.0000000325280
     366.00000000000    1.0000000325280
     367.00000000000    1.0000000325280
     368.00000000000    1.0000000325280
     369.00000000000    1.0000000325280
     370.00000000000    1.0000000325280
     371.00000000000    1.0000000325280
     372.00000000000    1.0000000325280
     373.00000000000    1.0000000325280
     374.00000000000    1.0000000325280
     375.00000000000    1.0000000325280
     376.00000000000    1.0000000325280
     377.00000000000    1.0000000325280
     378.00000000000    1.0000000325280
     379.00000000000    1.0000000325280
     380.00000000000    1.0000000325280
     381.00000000000    1.0000000325280
     382.00000000000    1.0000000325280
     383.00000000000    1.0000000325280
     384.00000000000    1.0000000325280
     385.00000000000    1.0000000325280
     386.00000000000    1.0000000325280
     387.00000000000    1.0000000325280
     388.00000000000    1.0000000325280
     389.00000000000    1.0000000325280
     390.00000000000    1.0000000325280
     391.00000000000    1.0000000325280
     392.00000000000    1.0000000325280
     393.00000000000    1.0000000325280
     394.00000000000    1.0000000325280
     395.00000000000    1.0000000325280
     396.00000000000    1.0000000325280
     397.00000000000    1.0000000325280
     398.00000000000    1.0000000325280
     399.00000000000    1.0000000325280
     400.00000000000    1.0000000325280
     401.00000000000    1.0000000325280
     402.00000000000    1.0000000325280
     403.00000000000    1.0000000325280
     404.00000000000    1.0000000325280
     405.00000000000    1.0000000325280
     406.00000000000    1.0000000325280
     407.00000000000    1.0000000325280
     408.00000000000    1.0000000325280
     409.00000000000    1.0000000325280
     410.00000000000    1.0000000325280
     411.00000000000    1.0000000325280
     412.00000000000    1.0000000325280
     413.00000000000    1.0000000325280
     414.00000000000    1.0000000325280
     415.00000000000    1.0000000325280
     416.00000000000    1.0000000325280
     417.00000000000    1.0000000325280
     418.00000000000    1.0000000325280
     419.00000000000    1.0000000325280
     420.00000000000    1.0000000325280
     421.00000000000    1.0000000325280
     422.00000000000    1.0000000325280
     423.00000000000    1.0000000325280
     424.00000000000    1.0000000325280
     425.00000000000    1.0000000325280
     426.00000000000    1.0000000325280
     427.00000000000    1.0000000325280
     428.00000000000    1.0000000325280
     429.00000000000    1.0000000325280
     430.00000000000    1.0000000325280
     431.00000000000    1.0000000325280
     432.00000000000    1.0000000325280
     433.00000000000    1.0000000325280
     434.00000000000    1.0000000325280
     435.00000000000    1.0000000325280
     436.00000000000    1.0000000325280
     437.00000000000    1.0000000325280
     438.00000000000    1.0000000325280
     439.00000000000    1.0000000325280
     440.00000000000    1.0000000325280
     441.00000000000    1.0000000325280
     442.00000000000    1.0000000325280
     443.00000000000    1.0000000325280
     444.00000000000    1.0000000325280
     445.00000000000    1.0000000325280
     446.00000000000    1.0000000325280
     447.00000000000    1.0000000325280
     448.00000000000    1.0000000325280
     449.00000000000    1.0000000325280
     450.00000000000    1.0000000325280
     451.00000000000    1.0000000325280
     452.00000000000    1.0000000325280
     453.00000000000    1.0000000325280
     454.00000000000    1.0000000325280
     455.00000000000    1.0000000325280
     456.00000000000    1.0000000325280
     457.00000000000    1.0000000325280
     458.00000000000    1.0000000325280
     459.00000000000    1.0000000325280
     460.00000000000    1.0000000325280
     461.00000000000    1.0000000325280
     462.00000000000    1.0000000325280
     463.00000000000    1.0000000325280
     464.00000000000    1.0000000325280
     465.00000000000    1.0000000325280
     466.00000000000    1.0000000325280
     467.00000000000    1.0000000325280
     468.00000000000    1.0000000325280
     469.00000000000    1.0000000325280
     470.00000000000    1.0000000325280
     471.00000000000    1.0000000325280
     472.00000000000    1.0000000325280
     473.00000000000    1.0000000325280
     474.00000000000    1.0000000325280
     475.00000000000    1.0000000325280
     476.00000000000    1.0000000325280
     477.00000000000    1.0000000325280
     478.00000000000    1.0000000325280
     479.00000000000    1.0000000325280
     480.00000000000    1.0000000325280
     481.00000000000    1.0000000325280
     482.00000000000    1.0000000325280
     483.00000000000    1.0000000325280
     484.00000000000    1.0000000325280
     485.00000000000    1.0000000325280
     486.00000000000    1.0000000325280
     487.00000000000    1.0000000325280
     488.00000000000    1.0000000325280
     489.00000000000    1.0000000325280
     490.00000000000    1.0000000325280
     491.00000000000    1.0000000325280
     492.00000000000    1.0000000325280
     493.00000000000    1.0000000325280
     494.00000000000    1.0000000325280
     495.00000000000    1.0000000325280
     496.00000000000    1.0000000325280
     497.00000000000    1.0000000325280
     498.00000000000    1.0000000325280
     499.00000000000    1.0000000325280
     500.00000000000    1.0000000325280
