    -500.00000000000    1.0000000325280
    -499.00000000000    1.0000000325280
    -498.00000000000    1.0000000325280
    -497.00000000000    1.0000000325280
    -496.00000000000    1.0000000325280
    -495.00000000000    1.0000000325280
    -494.00000000000    1.0000000325280
    -493.00000000000    1.0000000325280
    -492.00000000000    1.0000000325280
    -491.00000000000    1.0000000325280
    -490.00000000000    1.0000000325280
    -489.00000000000    1.0000000325280
    -488.00000000000    1.0000000325280
    -487.00000000000    1.0000000325280
    -486.00000000000    1.0000000325280
    -485.00000000000    1.0000000325280
    -484.00000000000    1.0000000325280
    -483.00000000000    1.0000000325280
    -482.00000000000    1.0000000325280
    -481.00000000000    1.0000000325280
    -480.00000000000    1.0000000325280
    -479.00000000000    1.0000000325280
    -478.00000000000    1.0000000325280
    -477.00000000000    1.0000000325280
    -476.00000000000    1.0000000325280
    -475.00000000000    1.0000000325280
    -474.00000000000    1.0000000325280
    -473.00000000000    1.0000000325280
    -472.00000000000    1.0000000325280
    -471.00000000000    1.0000000325280
    -470.00000000000    1.0000000325280
    -469.00000000000    1.0000000325280
    -468.00000000000    1.0000000325280
    -467.00000000000    1.0000000325280
    -466.00000000000    1.0000000325280
    -465.00000000000    1.0000000325280
    -464.00000000000    1.0000000325280
    -463.00000000000    1.0000000325280
    -462.00000000000    1.0000000325280
    -461.00000000000    1.0000000325280
    -460.00000000000    1.0000000325280
    -459.00000000000    1.0000000325280
    -458.00000000000    1.0000000325280
    -457.00000000000    1.0000000325280
    -456.00000000000    1.0000000325280
    -455.00000000000    1.0000000325280
    -454.00000000000    1.0000000325280
    -453.00000000000    1.0000000325280
    -452.00000000000    1.0000000325280
    -451.00000000000    1.0000000325280
    -450.00000000000    1.0000000325280
    -449.00000000000    1.0000000325280
    -448.00000000000    1.0000000325280
    -447.00000000000    1.0000000325280
    -446.00000000000    1.0000000325280
    -445.00000000000    1.0000000325280
    -444.00000000000    1.0000000325280
    -443.00000000000    1.0000000325280
    -442.00000000000    1.0000000325280
    -441.00000000000    1.0000000325280
    -440.00000000000    1.0000000325280
    -439.00000000000    1.0000000325280
    -438.00000000000    1.0000000325280
    -437.00000000000    1.0000000325280
    -436.00000000000    1.0000000325280
    -435.00000000000    1.0000000325280
    -434.00000000000    1.0000000325280
    -433.00000000000    1.0000000325280
    -432.00000000000    1.0000000325280
    -431.00000000000    1.0000000325280
    -430.00000000000    1.0000000325280
    -429.00000000000    1.0000000325280
    -428.00000000000    1.0000000325280
    -427.00000000000    1.0000000325280
    -426.00000000000    1.0000000325280
    -425.00000000000    1.0000000325280
    -424.00000000000    1.0000000325280
    -423.00000000000    1.0000000325280
    -422.00000000000    1.0000000325280
    -421.00000000000    1.0000000325280
    -420.00000000000    1.0000000325280
    -419.00000000000    1.0000000325280
    -418.00000000000    1.0000000325280
    -417.00000000000    1.0000000325280
    -416.00000000000    1.0000000325280
    -415.00000000000    1.0000000325280
    -414.00000000000    1.0000000325280
    -413.00000000000    1.0000000325280
    -412.00000000000    1.0000000325280
    -411.00000000000    1.0000000325280
    -410.00000000000    1.0000000325280
    -409.00000000000    1.0000000325280
    -408.00000000000    1.0000000325280
    -407.00000000000    1.0000000325280
    -406.00000000000    1.0000000325280
    -405.00000000000    1.0000000325280
    -404.00000000000    1.0000000325280
    -403.00000000000    1.0000000325280
    -402.00000000000    1.0000000325280
    -401.00000000000    1.0000000325280
    -400.00000000000    1.0000000325280
    -399.00000000000    1.0000000325280
    -398.00000000000    1.0000000325280
    -397.00000000000    1.0000000325280
    -396.00000000000    1.0000000325280
    -395.00000000000    1.0000000325280
    -394.00000000000    1.0000000325280
    -393.00000000000    1.0000000325280
    -392.00000000000    1.0000000325280
    -391.00000000000    1.0000000325280
    -390.00000000000    1.0000000325280
    -389.00000000000    1.0000000325280
    -388.00000000000    1.0000000325280
    -387.00000000000    1.0000000325280
    -386.00000000000    1.0000000325280
    -385.00000000000    1.0000000325280
    -384.00000000000    1.0000000325280
    -383.00000000000    1.0000000325280
    -382.00000000000    1.0000000325280
    -381.00000000000    1.0000000325280
    -380.00000000000    1.0000000325280
    -379.00000000000    1.0000000325280
    -378.00000000000    1.0000000325280
    -377.00000000000    1.0000000325280
    -376.00000000000    1.0000000325280
    -375.00000000000    1.0000000325280
    -374.00000000000    1.0000000325280
    -373.00000000000    1.0000000325280
    -372.00000000000    1.0000000325280
    -371.00000000000    1.0000000325280
    -370.00000000000    1.0000000325280
    -369.00000000000    1.0000000325280
    -368.00000000000    1.0000000325280
    -367.00000000000    1.0000000325280
    -366.00000000000    1.0000000325280
    -365.00000000000    1.0000000325280
    -364.00000000000    1.0000000325280
    -363.00000000000    1.0000000325280
    -362.00000000000    1.0000000325280
    -361.00000000000    1.0000000325280
    -360.00000000000    1.0000000325280
    -359.00000000000    1.0000000325280
    -358.00000000000    1.0000000325280
    -357.00000000000    1.0000000325280
    -356.00000000000    1.0000000325280
    -355.00000000000    1.0000000325280
    -354.00000000000    1.0000000325280
    -353.00000000000    1.0000000325280
    -352.00000000000    1.0000000325280
    -351.00000000000    1.0000000325280
    -350.00000000000    1.0000000325280
    -349.00000000000    1.0000000325280
    -348.00000000000    1.0000000325280
    -347.00000000000    1.0000000325280
    -346.00000000000    1.0000000325280
    -345.00000000000    1.0000000325280
    -344.00000000000    1.0000000325280
    -343.00000000000    1.0000000325280
    -342.00000000000    1.0000000325280
    -341.00000000000    1.0000000325280
    -340.00000000000    1.0000000325280
    -339.00000000000    1.0000000325280
    -338.00000000000    1.0000000325280
    -337.00000000000    1.0000000325280
    -336.00000000000    1.0000000325280
    -335.00000000000    1.0000000325280
    -334.00000000000    1.0000000325280
    -333.00000000000    1.0000000325280
    -332.00000000000    1.0000000325280
    -331.00000000000    1.0000000325280
    -330.00000000000    1.0000000325280
    -329.00000000000    1.0000000325280
    -328.00000000000    1.0000000325280
    -327.00000000000    1.0000000325280
    -326.00000000000    1.0000000325280
    -325.00000000000    1.0000000325280
    -324.00000000000    1.0000000325280
    -323.00000000000    1.0000000325280
    -322.00000000000    1.0000000325280
    -321.00000000000    1.0000000325280
    -320.00000000000    1.0000000325280
    -319.00000000000    1.0000000325280
    -318.00000000000    1.0000000325280
    -317.00000000000    1.0000000325280
    -316.00000000000    1.0000000325280
    -315.00000000000    1.0000000325280
    -314.00000000000    1.0000000325280
    -313.00000000000    1.0000000325280
    -312.00000000000    1.0000000325280
    -311.00000000000    1.0000000325280
    -310.00000000000    1.0000000325280
    -309.00000000000    1.0000000325280
    -308.00000000000    1.0000000325280
    -307.00000000000    1.0000000325280
    -306.00000000000    1.0000000325280
    -305.00000000000    1.0000000325280
    -304.00000000000    1.0000000325280
    -303.00000000000    1.0000000325280
    -302.00000000000    1.0000000325280
    -301.00000000000    1.0000000325280
    -300.00000000000    1.0000000325280
    -299.00000000000    1.0000000325280
    -298.00000000000    1.0000000325280
    -297.00000000000    1.0000000325280
    -296.00000000000    1.0000000325280
    -295.00000000000    1.0000000325280
    -294.00000000000    1.0000000325280
    -293.00000000000    1.0000000325280
    -292.00000000000    1.0000000325280
    -291.00000000000    1.0000000325280
    -290.00000000000    1.0000000325280
    -289.00000000000    1.0000000325280
    -288.00000000000    1.0000000325280
    -287.00000000000    1.0000000325280
    -286.00000000000    1.0000000325280
    -285.00000000000    1.0000000325280
    -284.00000000000    1.0000000325280
    -283.00000000000    1.0000000325280
    -282.00000000000    1.0000000325280
    -281.00000000000    1.0000000325280
    -280.00000000000    1.0000000325280
    -279.00000000000    1.0000000325280
    -278.00000000000    1.0000000325280
    -277.00000000000    1.0000000325280
    -276.00000000000    1.0000000325280
    -275.00000000000    1.0000000325280
    -274.00000000000    1.0000000325280
    -273.00000000000    1.0000000325280
    -272.00000000000    1.0000000325280
    -271.00000000000    1.0000000325280
    -270.00000000000    1.0000000325280
    -269.00000000000    1.0000000325280
    -268.00000000000    1.0000000325280
    -267.00000000000    1.0000000325280
    -266.00000000000    1.0000000325280
    -265.00000000000    1.0000000325280
    -264.00000000000    1.0000000325280
    -263.00000000000    1.0000000325280
    -262.00000000000    1.0000000325280
    -261.00000000000    1.0000000325280
    -260.00000000000    1.0000000325280
    -259.00000000000    1.0000000325280
    -258.00000000000    1.0000000325280
    -257.00000000000    1.0000000325280
    -256.00000000000    1.0000000325280
    -255.00000000000    1.0000000325280
    -254.00000000000    1.0000000325280
    -253.00000000000    1.0000000325280
    -252.00000000000    1.0000000325280
    -251.00000000000    1.0000000325280
    -250.00000000000    1.0000000325280
    -249.00000000000    1.0000000325280
    -248.00000000000    1.0000000325280
    -247.00000000000    1.0000000325280
    -246.00000000000    1.0000000325280
    -245.00000000000    1.0000000325280
    -244.00000000000    1.0000000325280
    -243.00000000000    1.0000000325280
    -242.00000000000    1.0000000325280
    -241.00000000000    1.0000000325280
    -240.00000000000    1.0000000325280
    -239.00000000000    1.0000000325280
    -238.00000000000    1.0000000325280
    -237.00000000000    1.0000000325280
    -236.00000000000    1.0000000325280
    -235.00000000000    1.0000000325280
    -234.00000000000    1.0000000325280
    -233.00000000000    1.0000000325280
    -232.00000000000    1.0000000325280
    -231.00000000000    1.0000000325280
    -230.00000000000    1.0000000325280
    -229.00000000000    1.0000000325280
    -228.00000000000    1.0000000325280
    -227.00000000000    1.0000000325280
    -226.00000000000    1.0000000325280
    -225.00000000000    1.0000000325280
    -224.00000000000    1.0000000325280
    -223.00000000000    1.0000000325280
    -222.00000000000    1.0000000325280
    -221.00000000000    1.0000000325280
    -220.00000000000    1.0000000325280
    -219.00000000000    1.0000000325280
    -218.00000000000    1.0000000325280
    -217.00000000000    1.0000000325280
    -216.00000000000    1.0000000325280
    -215.00000000000    1.0000000325280
    -214.00000000000    1.0000000325280
    -213.00000000000    1.0000000325280
    -212.00000000000    1.0000000325280
    -211.00000000000    1.0000000325280
    -210.00000000000    1.0000000325280
    -209.00000000000    1.0000000325280
    -208.00000000000    1.0000000325280
    -207.00000000000    1.0000000325280
    -206.00000000000    1.0000000325280
    -205.00000000000    1.0000000325280
    -204.00000000000    1.0000000325280
    -203.00000000000    1.0000000325280
    -202.00000000000    1.0000000325280
    -201.00000000000    1.0000000325280
    -200.00000000000    1.0000000325280
    -199.00000000000    1.0000000325280
    -198.00000000000    1.0000000325280
    -197.00000000000    1.0000000325280
    -196.00000000000    1.0000000325280
    -195.00000000000    1.0000000325280
    -194.00000000000    1.0000000325280
    -193.00000000000    1.0000000325279
    -192.00000000000    1.0000000325278
    -191.00000000000    1.0000000325272
    -190.00000000000    1.0000000325248
    -189.00000000000    1.0000000325165
    -188.00000000000    1.0000000324878
    -187.00000000000    1.0000000323940
    -186.00000000000    1.0000000320999
    -185.00000000000    1.0000000312175
    -184.00000000000    1.0000000286847
    -183.00000000000    1.0000000217257
    -182.00000000000    1.0000000034262
    -181.00000000000   0.99999995736343
    -180.00000000000   0.99999984636598
    -179.00000000000   0.99999959028426
    -178.00000000000   0.99999902456379
    -177.00000000000   0.99999782769709
    -176.00000000000   0.99999540230601
    -175.00000000000   0.99999069370589
    -174.00000000000   0.99998193439149
    -173.00000000000   0.99996631638681
    -172.00000000000   0.99993961803533
    -171.00000000000   0.99989584626659
    -170.00000000000   0.99982699261077
    -169.00000000000   0.99972302786122
    -168.00000000000   0.99957225916491
    -167.00000000000   0.99936212988391
    -166.00000000000   0.99908045332761
    -165.00000000000   0.99871695089287
    -164.00000000000   0.99826484630751
    -163.00000000000   0.99772219352084
    -162.00000000000   0.99709262290940
    -161.00000000000   0.99638529156139
    -160.00000000000   0.99561399741635
    -159.00000000000   0.99479561342100
    -158.00000000000   0.99394815470181
    -157.00000000000   0.99308886009881
    -156.00000000000   0.99223263241080
    -155.00000000000   0.99139105964281
    -154.00000000000   0.99057207900235
    -153.00000000000   0.98978019883779
    -152.00000000000   0.98901709966162
    -151.00000000000   0.98828240756215
    -150.00000000000   0.98757446158535
    -149.00000000000   0.98689095686552
    -148.00000000000   0.98622941129653
    -147.00000000000   0.98558745647000
    -146.00000000000   0.98496298525930
    -145.00000000000   0.98435419977580
    -144.00000000000   0.98375960058593
    -143.00000000000   0.98317794824905
    -142.00000000000   0.98260821707104
    -141.00000000000   0.98204955167983
    -140.00000000000   0.98150123070302
    -139.00000000000   0.98096263822892
    -138.00000000000   0.98043324209076
    -137.00000000000   0.97991257753026
    -136.00000000000   0.97940023487229
    -135.00000000000   0.97889585011496
    -134.00000000000   0.97839909762701
    -133.00000000000   0.97790968438117
    -132.00000000000   0.97742734532516
    -131.00000000000   0.97695183961129
    -130.00000000000   0.97648294748690
    -129.00000000000   0.97602046770217
    -128.00000000000   0.97556421532899
    -127.00000000000   0.97511401991102
    -126.00000000000   0.97466972388327
    -125.00000000000   0.97423118121320
    -124.00000000000   0.97379825622561
    -123.00000000000   0.97337082258100
    -122.00000000000   0.97294876238299
    -121.00000000000   0.97253196539505
    -120.00000000000   0.97212032835030
    -119.00000000000   0.97171375434087
    -118.00000000000   0.97131215227575
    -117.00000000000   0.97091543639789
    -116.00000000000   0.97052352585248
    -115.00000000000   0.97013634430012
    -114.00000000000   0.96975381956901
    -113.00000000000   0.96937588334140
    -112.00000000000   0.96900247087040
    -111.00000000000   0.96863352072334
    -110.00000000000   0.96826897454884
    -109.00000000000   0.96790877686488
    -108.00000000000   0.96755287486551
    -107.00000000000   0.96720121824437
    -106.00000000000   0.96685375903309
   -105.000000000000   0.96651045145314
   -104.000000000000   0.96617125177973
   -103.000000000000   0.96583611821667
   -102.000000000000   0.96550501078090
   -101.000000000000   0.96517789119612
   -100.000000000000   0.96485472279427
    -99.000000000000   0.96453547042450
    -98.000000000000   0.96422010036871
    -97.000000000000   0.96390858026320
    -96.000000000000   0.96360087902587
    -95.000000000000   0.96329696678845
    -94.000000000000   0.96299681483341
    -93.000000000000   0.96270039553514
    -92.000000000000   0.96240768230498
    -91.000000000000   0.96211864953990
    -90.000000000000   0.96183327257448
    -89.000000000000   0.96155152763594
    -88.000000000000   0.96127339180197
    -87.000000000000   0.96099884296120
    -86.000000000000   0.96072785977602
    -85.000000000000   0.96046042164776
    -84.000000000000   0.96019650868377
    -83.000000000000   0.95993610166656
    -82.000000000000   0.95967918202465
    -81.000000000000   0.95942573180516
    -80.000000000000   0.95917573364782
    -79.000000000000   0.95892917076060
    -78.000000000000   0.95868602689649
    -77.000000000000   0.95844628633172
    -76.000000000000   0.95820993384503
    -75.000000000000   0.95797695469812
    -74.000000000000   0.95774733461705
    -73.000000000000   0.95752105977468
    -72.000000000000   0.95729811677399
    -71.000000000000   0.95707849263223
    -70.000000000000   0.95686217476589
    -69.000000000000   0.95664915097643
    -68.000000000000   0.95643940943667
    -67.000000000000   0.95623293867792
    -66.000000000000   0.95602972757764
    -65.000000000000   0.95582976534780
    -64.000000000000   0.95563304152369
    -63.000000000000   0.95543954595336
    -62.000000000000   0.95524926878746
    -61.000000000000   0.95506220046961
    -60.000000000000   0.95487833172721
    -59.000000000000   0.95469765356266
    -58.000000000000   0.95452015724497
    -57.000000000000   0.95434583430174
    -56.000000000000   0.95417467651158
    -55.000000000000   0.95400667589673
    -54.000000000000   0.95384182471615
    -53.000000000000   0.95368011545878
    -52.000000000000   0.95352154083722
    -51.000000000000   0.95336609378161
    -50.000000000000   0.95321376743376
    -49.000000000000   0.95306455514162
    -48.000000000000   0.95291845045388
    -47.000000000000   0.95277544711491
    -46.000000000000   0.95263553905980
    -45.000000000000   0.95249872040975
    -44.000000000000   0.95236498546749
    -43.000000000000   0.95223432871306
    -42.000000000000   0.95210674479966
    -41.000000000000   0.95198222854971
    -40.000000000000   0.95186077495109
    -39.000000000000   0.95174237915351
    -38.000000000000   0.95162703646507
    -37.000000000000   0.95151474234892
    -36.000000000000   0.95140549242013
    -35.000000000000   0.95129928244263
    -34.000000000000   0.95119610832632
    -33.000000000000   0.95109596612427
    -32.000000000000   0.95099885203011
    -31.000000000000   0.95090476237546
    -30.000000000000   0.95081369362749
    -29.000000000000   0.95072564238667
    -28.000000000000   0.95064060538448
    -27.000000000000   0.95055857948134
    -26.000000000000   0.95047956166463
    -25.000000000000   0.95040354904671
    -24.000000000000   0.95033053886314
    -23.000000000000   0.95026052847093
    -22.000000000000   0.95019351534691
    -21.000000000000   0.95012949708615
    -20.000000000000   0.95006847140049
    -19.000000000000   0.95001043611713
    -18.000000000000   0.94995538917732
    -17.000000000000   0.94990332863509
    -16.000000000000   0.94985425265613
    -15.000000000000   0.94980815951662
    -14.000000000000   0.94976504760225
    -13.000000000000   0.94972491540725
    -12.000000000000   0.94968776153346
    -11.000000000000   0.94965358468958
   -10.0000000000000   0.94962238369034
    -9.0000000000000   0.94959415745584
    -8.0000000000000   0.94956890501092
    -7.0000000000000   0.94954662548457
    -6.0000000000000   0.94952731810943
    -5.0000000000000   0.94951098222136
    -4.0000000000000   0.94949761725905
    -3.0000000000000   0.94948722276367
    -2.0000000000000   0.94947979837864
    -1.0000000000000   0.94947534384940
   0.   0.94947385902328
     1.0000000000000   0.94947534384940
     2.0000000000000   0.94947979837864
     3.0000000000000   0.94948722276367
     4.0000000000000   0.94949761725905
     5.0000000000000   0.94951098222136
     6.0000000000000   0.94952731810943
     7.0000000000000   0.94954662548457
     8.0000000000000   0.94956890501092
     9.0000000000000   0.94959415745584
    10.0000000000000   0.94962238369034
     11.000000000000   0.94965358468958
     12.000000000000   0.94968776153346
     13.000000000000   0.94972491540725
     14.000000000000   0.94976504760225
     15.000000000000   0.94980815951662
     16.000000000000   0.94985425265613
     17.000000000000   0.94990332863509
     18.000000000000   0.94995538917732
     19.000000000000   0.95001043611713
     20.000000000000   0.95006847140049
     21.000000000000   0.95012949708615
     22.000000000000   0.95019351534691
     23.000000000000   0.95026052847093
     24.000000000000   0.95033053886314
     25.000000000000   0.95040354904671
     26.000000000000   0.95047956166463
     27.000000000000   0.95055857948134
     28.000000000000   0.95064060538448
     29.000000000000   0.95072564238667
     30.000000000000   0.95081369362749
     31.000000000000   0.95090476237546
     32.000000000000   0.95099885203011
     33.000000000000   0.95109596612427
     34.000000000000   0.95119610832632
     35.000000000000   0.95129928244263
     36.000000000000   0.95140549242013
     37.000000000000   0.95151474234892
     38.000000000000   0.95162703646507
     39.000000000000   0.95174237915351
     40.000000000000   0.95186077495109
     41.000000000000   0.95198222854971
     42.000000000000   0.95210674479966
     43.000000000000   0.95223432871306
     44.000000000000   0.95236498546749
     45.000000000000   0.95249872040975
     46.000000000000   0.95263553905980
     47.000000000000   0.95277544711491
     48.000000000000   0.95291845045388
     49.000000000000   0.95306455514162
     50.000000000000   0.95321376743376
     51.000000000000   0.95336609378161
     52.000000000000   0.95352154083722
     53.000000000000   0.95368011545878
     54.000000000000   0.95384182471615
     55.000000000000   0.95400667589673
     56.000000000000   0.95417467651158
     57.000000000000   0.95434583430174
     58.000000000000   0.95452015724497
     59.000000000000   0.95469765356266
     60.000000000000   0.95487833172721
     61.000000000000   0.95506220046961
     62.000000000000   0.95524926878746
     63.000000000000   0.95543954595336
     64.000000000000   0.95563304152369
     65.000000000000   0.95582976534780
     66.000000000000   0.95602972757764
     67.000000000000   0.95623293867792
     68.000000000000   0.95643940943667
     69.000000000000   0.95664915097643
     70.000000000000   0.95686217476589
     71.000000000000   0.95707849263223
     72.000000000000   0.95729811677399
     73.000000000000   0.95752105977468
     74.000000000000   0.95774733461705
     75.000000000000   0.95797695469812
     76.000000000000   0.95820993384503
     77.000000000000   0.95844628633172
     78.000000000000   0.95868602689649
     79.000000000000   0.95892917076060
     80.000000000000   0.95917573364782
     81.000000000000   0.95942573180516
     82.000000000000   0.95967918202465
     83.000000000000   0.95993610166656
     84.000000000000   0.96019650868377
     85.000000000000   0.96046042164776
     86.000000000000   0.96072785977602
     87.000000000000   0.96099884296120
     88.000000000000   0.96127339180197
     89.000000000000   0.96155152763594
     90.000000000000   0.96183327257448
     91.000000000000   0.96211864953990
     92.000000000000   0.96240768230498
     93.000000000000   0.96270039553514
     94.000000000000   0.96299681483341
     95.000000000000   0.96329696678845
     96.000000000000   0.96360087902587
     97.000000000000   0.96390858026320
     98.000000000000   0.96422010036871
     99.000000000000   0.96453547042450
    100.000000000000   0.96485472279427
    101.000000000000   0.96517789119612
    102.000000000000   0.96550501078090
    103.000000000000   0.96583611821667
    104.000000000000   0.96617125177973
    105.000000000000   0.96651045145314
     106.00000000000   0.96685375903309
     107.00000000000   0.96720121824437
     108.00000000000   0.96755287486551
     109.00000000000   0.96790877686488
     110.00000000000   0.96826897454884
     111.00000000000   0.96863352072334
     112.00000000000   0.96900247087040
     113.00000000000   0.96937588334140
     114.00000000000   0.96975381956900
     115.00000000000   0.97013634430012
     116.00000000000   0.97052352585248
     117.00000000000   0.97091543639789
     118.00000000000   0.97131215227576
     119.00000000000   0.97171375434087
     120.00000000000   0.97212032835030
     121.00000000000   0.97253196539505
     122.00000000000   0.97294876238299
     123.00000000000   0.97337082258100
     124.00000000000   0.97379825622561
     125.00000000000   0.97423118121320
     126.00000000000   0.97466972388327
     127.00000000000   0.97511401991102
     128.00000000000   0.97556421532899
     129.00000000000   0.97602046770217
     130.00000000000   0.97648294748690
     131.00000000000   0.97695183961129
     132.00000000000   0.97742734532516
     133.00000000000   0.97790968438117
     134.00000000000   0.97839909762701
     135.00000000000   0.97889585011496
     136.00000000000   0.97940023487229
     137.00000000000   0.97991257753026
     138.00000000000   0.98043324209076
     139.00000000000   0.98096263822892
     140.00000000000   0.98150123070302
     141.00000000000   0.98204955167983
     142.00000000000   0.98260821707104
     143.00000000000   0.98317794824905
     144.00000000000   0.98375960058593
     145.00000000000   0.98435419977580
     146.00000000000   0.98496298525930
     147.00000000000   0.98558745647000
     148.00000000000   0.98622941129653
     149.00000000000   0.98689095686552
     150.00000000000   0.98757446158535
     151.00000000000   0.98828240756215
     152.00000000000   0.98901709966162
     153.00000000000   0.98978019883779
     154.00000000000   0.99057207900234
     155.00000000000   0.99139105964281
     156.00000000000   0.99223263241080
     157.00000000000   0.99308886009881
     158.00000000000   0.99394815470181
     159.00000000000   0.99479561342100
     160.00000000000   0.99561399741635
     161.00000000000   0.99638529156139
     162.00000000000   0.99709262290940
     163.00000000000   0.99772219352084
     164.00000000000   0.99826484630751
     165.00000000000   0.99871695089287
     166.00000000000   0.99908045332761
     167.00000000000   0.99936212988390
     168.00000000000   0.99957225916491
     169.00000000000   0.99972302786122
     170.00000000000   0.99982699261077
     171.00000000000   0.99989584626659
     172.00000000000   0.99993961803533
     173.00000000000   0.99996631638681
     174.00000000000   0.99998193439149
     175.00000000000   0.99999069370589
     176.00000000000   0.99999540230601
     177.00000000000   0.99999782769709
     178.00000000000   0.99999902456379
     179.00000000000   0.99999959028426
     180.00000000000   0.99999984636597
     181.00000000000   0.99999995736343
     182.00000000000    1.0000000034262
     183.00000000000    1.0000000217257
     184.00000000000    1.0000000286847
     185.00000000000    1.0000000312175
     186.00000000000    1.0000000320999
     187.00000000000    1.0000000323940
     188.00000000000    1.0000000324878
     189.00000000000    1.0000000325165
     190.00000000000    1.0000000325248
     191.00000000000    1.0000000325272
     192.00000000000    1.0000000325278
     193.00000000000    1.0000000325279
     194.00000000000    1.0000000325280
     195.00000000000    1.0000000325280
     196.00000000000    1.0000000325280
     197.00000000000    1.0000000325280
     198.00000000000    1.0000000325280
     199.00000000000    1.0000000325280
     200.00000000000    1.0000000325280
     201.00000000000    1.0000000325280
     202.00000000000    1.0000000325280
     203.00000000000    1.0000000325280
     204.00000000000    1.0000000325280
     205.00000000000    1.0000000325280
     206.00000000000    1.0000000325280
     207.00000000000    1.0000000325280
     208.00000000000    1.0000000325280
     209.00000000000    1.0000000325280
     210.00000000000    1.0000000325280
     211.00000000000    1.0000000325280
     212.00000000000    1.0000000325280
     213.00000000000    1.0000000325280
     214.00000000000    1.0000000325280
     215.00000000000    1.0000000325280
     216.00000000000    1.0000000325280
     217.00000000000    1.0000000325280
     218.00000000000    1.0000000325280
     219.00000000000    1.0000000325280
     220.00000000000    1.0000000325280
     221.00000000000    1.0000000325280
     222.00000000000    1.0000000325280
     223.00000000000    1.0000000325280
     224.00000000000    1.0000000325280
     225.00000000000    1.0000000325280
     226.00000000000    1.0000000325280
     227.00000000000    1.0000000325280
     228.00000000000    1.0000000325280
     229.00000000000    1.0000000325280
     230.00000000000    1.0000000325280
     231.00000000000    1.0000000325280
     232.00000000000    1.0000000325280
     233.00000000000    1.0000000325280
     234.00000000000    1.0000000325280
     235.00000000000    1.0000000325280
     236.00000000000    1.0000000325280
     237.00000000000    1.0000000325280
     238.00000000000    1.0000000325280
     239.00000000000    1.0000000325280
     240.00000000000    1.0000000325280
     241.00000000000    1.0000000325280
     242.00000000000    1.0000000325280
     243.00000000000    1.0000000325280
     244.00000000000    1.0000000325280
     245.00000000000    1.0000000325280
     246.00000000000    1.0000000325280
     247.00000000000    1.0000000325280
     248.00000000000    1.0000000325280
     249.00000000000    1.0000000325280
     250.00000000000    1.0000000325280
     251.00000000000    1.0000000325280
     252.00000000000    1.0000000325280
     253.00000000000    1.0000000325280
     254.00000000000    1.0000000325280
     255.00000000000    1.0000000325280
     256.00000000000    1.0000000325280
     257.00000000000    1.0000000325280
     258.00000000000    1.0000000325280
     259.00000000000    1.0000000325280
     260.00000000000    1.0000000325280
     261.00000000000    1.0000000325280
     262.00000000000    1.0000000325280
     263.00000000000    1.0000000325280
     264.00000000000    1.0000000325280
     265.00000000000    1.0000000325280
     266.00000000000    1.0000000325280
     267.00000000000    1.0000000325280
     268.00000000000    1.0000000325280
     269.00000000000    1.0000000325280
     270.00000000000    1.0000000325280
     271.00000000000    1.0000000325280
     272.00000000000    1.0000000325280
     273.00000000000    1.0000000325280
     274.00000000000    1.0000000325280
     275.00000000000    1.0000000325280
     276.00000000000    1.0000000325280
     277.00000000000    1.0000000325280
     278.00000000000    1.0000000325280
     279.00000000000    1.0000000325280
     280.00000000000    1.0000000325280
     281.00000000000    1.0000000325280
     282.00000000000    1.0000000325280
     283.00000000000    1.0000000325280
     284.00000000000    1.0000000325280
     285.00000000000    1.0000000325280
     286.00000000000    1.0000000325280
     287.00000000000    1.0000000325280
     288.00000000000    1.0000000325280
     289.00000000000    1.0000000325280
     290.00000000000    1.0000000325280
     291.00000000000    1.0000000325280
     292.00000000000    1.0000000325280
     293.00000000000    1.0000000325280
     294.00000000000    1.0000000325280
     295.00000000000    1.0000000325280
     296.00000000000    1.0000000325280
     297.00000000000    1.0000000325280
     298.00000000000    1.0000000325280
     299.00000000000    1.0000000325280
     300.00000000000    1.0000000325280
     301.00000000000    1.0000000325280
     302.00000000000    1.0000000325280
     303.00000000000    1.0000000325280
     304.00000000000    1.0000000325280
     305.00000000000    1.0000000325280
     306.00000000000    1.0000000325280
     307.00000000000    1.0000000325280
     308.00000000000    1.0000000325280
     309.00000000000    1.0000000325280
     310.00000000000    1.0000000325280
     311.00000000000    1.0000000325280
     312.00000000000    1.0000000325280
     313.00000000000    1.0000000325280
     314.00000000000    1.0000000325280
     315.00000000000    1.0000000325280
     316.00000000000    1.0000000325280
     317.00000000000    1.0000000325280
     318.00000000000    1.0000000325280
     319.00000000000    1.0000000325280
     320.00000000000    1.0000000325280
     321.00000000000    1.0000000325280
     322.00000000000    1.0000000325280
     323.00000000000    1.0000000325280
     324.00000000000    1.0000000325280
     325.00000000000    1.0000000325280
     326.00000000000    1.0000000325280
     327.00000000000    1.0000000325280
     328.00000000000    1.0000000325280
     329.00000000000    1.0000000325280
     330.00000000000    1.0000000325280
     331.00000000000    1.0000000325280
     332.00000000000    1.0000000325280
     333.00000000000    1.0000000325280
     334.00000000000    1.0000000325280
     335.00000000000    1.0000000325280
     336.00000000000    1.0000000325280
     337.00000000000    1.0000000325280
     338.00000000000    1.0000000325280
     339.00000000000    1.0000000325280
     340.00000000000    1.0000000325280
     341.00000000000    1.0000000325280
     342.00000000000    1.0000000325280
     343.00000000000    1.0000000325280
     344.00000000000    1.0000000325280
     345.00000000000    1.0000000325280
     346.00000000000    1.0000000325280
     347.00000000000    1.0000000325280
     348.00000000000    1.0000000325280
     349.00000000000    1.0000000325280
     350.00000000000    1.0000000325280
     351.00000000000    1.0000000325280
     352.00000000000    1.0000000325280
     353.00000000000    1.0000000325280
     354.00000000000    1.0000000325280
     355.00000000000    1.0000000325280
     356.00000000000    1.0000000325280
     357.00000000000    1.0000000325280
     358.00000000000    1.0000000325280
     359.00000000000    1.0000000325280
     360.00000000000    1.0000000325280
     361.00000000000    1.0000000325280
     362.00000000000    1.0000000325280
     363.00000000000    1.0000000325280
     364.00000000000    1.0000000325280
     365.00000000000    1.0000000325280
     366.00000000000    1.0000000325280
     367.00000000000    1.0000000325280
     368.00000000000    1.0000000325280
     369.00000000000    1.0000000325280
     370.00000000000    1.0000000325280
     371.00000000000    1.0000000325280
     372.00000000000    1.0000000325280
     373.00000000000    1.0000000325280
     374.00000000000    1.0000000325280
     375.00000000000    1.0000000325280
     376.00000000000    1.0000000325280
     377.00000000000    1.0000000325280
     378.00000000000    1.0000000325280
     379.00000000000    1.0000000325280
     380.00000000000    1.0000000325280
     381.00000000000    1.0000000325280
     382.00000000000    1.0000000325280
     383.00000000000    1.0000000325280
     384.00000000000    1.0000000325280
     385.00000000000    1.0000000325280
     386.00000000000    1.0000000325280
     387.00000000000    1.0000000325280
     388.00000000000    1.0000000325280
     389.00000000000    1.0000000325280
     390.00000000000    1.0000000325280
     391.00000000000    1.0000000325280
     392.00000000000    1.0000000325280
     393.00000000000    1.0000000325280
     394.00000000000    1.0000000325280
     395.00000000000    1.0000000325280
     396.00000000000    1.0000000325280
     397.00000000000    1.0000000325280
     398.00000000000    1.0000000325280
     399.00000000000    1.0000000325280
     400.00000000000    1.0000000325280
     401.00000000000    1.0000000325280
     402.00000000000    1.0000000325280
     403.00000000000    1.0000000325280
     404.00000000000    1.0000000325280
     405.00000000000    1.0000000325280
     406.00000000000    1.0000000325280
     407.00000000000    1.0000000325280
     408.00000000000    1.0000000325280
     409.00000000000    1.0000000325280
     410.00000000000    1.0000000325280
     411.00000000000    1.0000000325280
     412.00000000000    1.0000000325280
     413.00000000000    1.0000000325280
     414.00000000000    1.0000000325280
     415.00000000000    1.0000000325280
     416.00000000000    1.0000000325280
     417.00000000000    1.0000000325280
     418.00000000000    1.0000000325280
     419.00000000000    1.0000000325280
     420.00000000000    1.0000000325280
     421.00000000000    1.0000000325280
     422.00000000000    1.0000000325280
     423.00000000000    1.0000000325280
     424.00000000000    1.0000000325280
     425.00000000000    1.0000000325280
     426.00000000000    1.0000000325280
     427.00000000000    1.0000000325280
     428.00000000000    1.0000000325280
     429.00000000000    1.0000000325280
     430.00000000000    1.0000000325280
     431.00000000000    1.0000000325280
     432.00000000000    1.0000000325280
     433.00000000000    1.0000000325280
     434.00000000000    1.0000000325280
     435.00000000000    1.0000000325280
     436.00000000000    1.0000000325280
     437.00000000000    1.0000000325280
     438.00000000000    1.0000000325280
     439.00000000000    1.0000000325280
     440.00000000000    1.0000000325280
     441.00000000000    1.0000000325280
     442.00000000000    1.0000000325280
     443.00000000000    1.0000000325280
     444.00000000000    1.0000000325280
     445.00000000000    1.0000000325280
     446.00000000000    1.0000000325280
     447.00000000000    1.0000000325280
     448.00000000000    1.0000000325280
     449.00000000000    1.0000000325280
     450.00000000000    1.0000000325280
     451.00000000000    1.0000000325280
     452.00000000000    1.0000000325280
     453.00000000000    1.0000000325280
     454.00000000000    1.0000000325280
     455.00000000000    1.0000000325280
     456.00000000000    1.0000000325280
     457.00000000000    1.0000000325280
     458.00000000000    1.0000000325280
     459.00000000000    1.0000000325280
     460.00000000000    1.0000000325280
     461.00000000000    1.0000000325280
     462.00000000000    1.0000000325280
     463.00000000000    1.0000000325280
     464.00000000000    1.0000000325280
     465.00000000000    1.0000000325280
     466.00000000000    1.0000000325280
     467.00000000000    1.0000000325280
     468.00000000000    1.0000000325280
     469.00000000000    1.0000000325280
     470.00000000000    1.0000000325280
     471.00000000000    1.0000000325280
     472.00000000000    1.0000000325280
     473.00000000000    1.0000000325280
     474.00000000000    1.0000000325280
     475.00000000000    1.0000000325280
     476.00000000000    1.0000000325280
     477.00000000000    1.0000000325280
     478.00000000000    1.0000000325280
     479.00000000000    1.0000000325280
     480.00000000000    1.0000000325280
     481.00000000000    1.0000000325280
     482.00000000000    1.0000000325280
     483.00000000000    1.0000000325280
     484.00000000000    1.0000000325280
     485.00000000000    1.0000000325280
     486.00000000000    1.0000000325280
     487.00000000000    1.0000000325280
     488.00000000000    1.0000000325280
     489.00000000000    1.0000000325280
     490.00000000000    1.0000000325280
     491.00000000000    1.0000000325280
     492.00000000000    1.0000000325280
     493.00000000000    1.0000000325280
     494.00000000000    1.0000000325280
     495.00000000000    1.0000000325280
     496.00000000000    1.0000000325280
     497.00000000000    1.0000000325280
     498.00000000000    1.0000000325280
     499.00000000000    1.0000000325280
     500.00000000000    1.0000000325280
