    -500.00000000000    1.0000000325280
    -499.00000000000    1.0000000325280
    -498.00000000000    1.0000000325280
    -497.00000000000    1.0000000325280
    -496.00000000000    1.0000000325280
    -495.00000000000    1.0000000325280
    -494.00000000000    1.0000000325280
    -493.00000000000    1.0000000325280
    -492.00000000000    1.0000000325280
    -491.00000000000    1.0000000325280
    -490.00000000000    1.0000000325280
    -489.00000000000    1.0000000325280
    -488.00000000000    1.0000000325280
    -487.00000000000    1.0000000325280
    -486.00000000000    1.0000000325280
    -485.00000000000    1.0000000325280
    -484.00000000000    1.0000000325280
    -483.00000000000    1.0000000325280
    -482.00000000000    1.0000000325280
    -481.00000000000    1.0000000325280
    -480.00000000000    1.0000000325280
    -479.00000000000    1.0000000325280
    -478.00000000000    1.0000000325280
    -477.00000000000    1.0000000325280
    -476.00000000000    1.0000000325280
    -475.00000000000    1.0000000325280
    -474.00000000000    1.0000000325280
    -473.00000000000    1.0000000325280
    -472.00000000000    1.0000000325280
    -471.00000000000    1.0000000325280
    -470.00000000000    1.0000000325280
    -469.00000000000    1.0000000325280
    -468.00000000000    1.0000000325280
    -467.00000000000    1.0000000325280
    -466.00000000000    1.0000000325280
    -465.00000000000    1.0000000325280
    -464.00000000000    1.0000000325280
    -463.00000000000    1.0000000325280
    -462.00000000000    1.0000000325280
    -461.00000000000    1.0000000325280
    -460.00000000000    1.0000000325280
    -459.00000000000    1.0000000325280
    -458.00000000000    1.0000000325280
    -457.00000000000    1.0000000325280
    -456.00000000000    1.0000000325280
    -455.00000000000    1.0000000325280
    -454.00000000000    1.0000000325280
    -453.00000000000    1.0000000325280
    -452.00000000000    1.0000000325280
    -451.00000000000    1.0000000325280
    -450.00000000000    1.0000000325280
    -449.00000000000    1.0000000325280
    -448.00000000000    1.0000000325280
    -447.00000000000    1.0000000325280
    -446.00000000000    1.0000000325280
    -445.00000000000    1.0000000325280
    -444.00000000000    1.0000000325280
    -443.00000000000    1.0000000325280
    -442.00000000000    1.0000000325280
    -441.00000000000    1.0000000325280
    -440.00000000000    1.0000000325280
    -439.00000000000    1.0000000325280
    -438.00000000000    1.0000000325280
    -437.00000000000    1.0000000325280
    -436.00000000000    1.0000000325280
    -435.00000000000    1.0000000325280
    -434.00000000000    1.0000000325280
    -433.00000000000    1.0000000325280
    -432.00000000000    1.0000000325280
    -431.00000000000    1.0000000325280
    -430.00000000000    1.0000000325280
    -429.00000000000    1.0000000325280
    -428.00000000000    1.0000000325280
    -427.00000000000    1.0000000325280
    -426.00000000000    1.0000000325280
    -425.00000000000    1.0000000325280
    -424.00000000000    1.0000000325280
    -423.00000000000    1.0000000325280
    -422.00000000000    1.0000000325280
    -421.00000000000    1.0000000325280
    -420.00000000000    1.0000000325280
    -419.00000000000    1.0000000325280
    -418.00000000000    1.0000000325280
    -417.00000000000    1.0000000325280
    -416.00000000000    1.0000000325280
    -415.00000000000    1.0000000325280
    -414.00000000000    1.0000000325280
    -413.00000000000    1.0000000325280
    -412.00000000000    1.0000000325280
    -411.00000000000    1.0000000325280
    -410.00000000000    1.0000000325280
    -409.00000000000    1.0000000325280
    -408.00000000000    1.0000000325280
    -407.00000000000    1.0000000325280
    -406.00000000000    1.0000000325280
    -405.00000000000    1.0000000325280
    -404.00000000000    1.0000000325280
    -403.00000000000    1.0000000325280
    -402.00000000000    1.0000000325280
    -401.00000000000    1.0000000325280
    -400.00000000000    1.0000000325280
    -399.00000000000    1.0000000325280
    -398.00000000000    1.0000000325280
    -397.00000000000    1.0000000325280
    -396.00000000000    1.0000000325280
    -395.00000000000    1.0000000325280
    -394.00000000000    1.0000000325280
    -393.00000000000    1.0000000325280
    -392.00000000000    1.0000000325280
    -391.00000000000    1.0000000325280
    -390.00000000000    1.0000000325280
    -389.00000000000    1.0000000325280
    -388.00000000000    1.0000000325280
    -387.00000000000    1.0000000325280
    -386.00000000000    1.0000000325280
    -385.00000000000    1.0000000325280
    -384.00000000000    1.0000000325280
    -383.00000000000    1.0000000325280
    -382.00000000000    1.0000000325280
    -381.00000000000    1.0000000325280
    -380.00000000000    1.0000000325280
    -379.00000000000    1.0000000325280
    -378.00000000000    1.0000000325280
    -377.00000000000    1.0000000325280
    -376.00000000000    1.0000000325280
    -375.00000000000    1.0000000325280
    -374.00000000000    1.0000000325280
    -373.00000000000    1.0000000325280
    -372.00000000000    1.0000000325280
    -371.00000000000    1.0000000325280
    -370.00000000000    1.0000000325280
    -369.00000000000    1.0000000325280
    -368.00000000000    1.0000000325280
    -367.00000000000    1.0000000325280
    -366.00000000000    1.0000000325280
    -365.00000000000    1.0000000325280
    -364.00000000000    1.0000000325280
    -363.00000000000    1.0000000325280
    -362.00000000000    1.0000000325280
    -361.00000000000    1.0000000325280
    -360.00000000000    1.0000000325280
    -359.00000000000    1.0000000325280
    -358.00000000000    1.0000000325280
    -357.00000000000    1.0000000325280
    -356.00000000000    1.0000000325280
    -355.00000000000    1.0000000325280
    -354.00000000000    1.0000000325280
    -353.00000000000    1.0000000325280
    -352.00000000000    1.0000000325280
    -351.00000000000    1.0000000325280
    -350.00000000000    1.0000000325280
    -349.00000000000    1.0000000325280
    -348.00000000000    1.0000000325280
    -347.00000000000    1.0000000325280
    -346.00000000000    1.0000000325280
    -345.00000000000    1.0000000325280
    -344.00000000000    1.0000000325280
    -343.00000000000    1.0000000325280
    -342.00000000000    1.0000000325280
    -341.00000000000    1.0000000325280
    -340.00000000000    1.0000000325280
    -339.00000000000    1.0000000325280
    -338.00000000000    1.0000000325280
    -337.00000000000    1.0000000325280
    -336.00000000000    1.0000000325280
    -335.00000000000    1.0000000325280
    -334.00000000000    1.0000000325280
    -333.00000000000    1.0000000325280
    -332.00000000000    1.0000000325280
    -331.00000000000    1.0000000325280
    -330.00000000000    1.0000000325280
    -329.00000000000    1.0000000325280
    -328.00000000000    1.0000000325280
    -327.00000000000    1.0000000325280
    -326.00000000000    1.0000000325280
    -325.00000000000    1.0000000325280
    -324.00000000000    1.0000000325280
    -323.00000000000    1.0000000325280
    -322.00000000000    1.0000000325280
    -321.00000000000    1.0000000325280
    -320.00000000000    1.0000000325280
    -319.00000000000    1.0000000325280
    -318.00000000000    1.0000000325280
    -317.00000000000    1.0000000325280
    -316.00000000000    1.0000000325280
    -315.00000000000    1.0000000325280
    -314.00000000000    1.0000000325280
    -313.00000000000    1.0000000325280
    -312.00000000000    1.0000000325280
    -311.00000000000    1.0000000325280
    -310.00000000000    1.0000000325280
    -309.00000000000    1.0000000325280
    -308.00000000000    1.0000000325280
    -307.00000000000    1.0000000325280
    -306.00000000000    1.0000000325280
    -305.00000000000    1.0000000325280
    -304.00000000000    1.0000000325280
    -303.00000000000    1.0000000325280
    -302.00000000000    1.0000000325280
    -301.00000000000    1.0000000325280
    -300.00000000000    1.0000000325280
    -299.00000000000    1.0000000325280
    -298.00000000000    1.0000000325280
    -297.00000000000    1.0000000325280
    -296.00000000000    1.0000000325280
    -295.00000000000    1.0000000325280
    -294.00000000000    1.0000000325280
    -293.00000000000    1.0000000325280
    -292.00000000000    1.0000000325280
    -291.00000000000    1.0000000325280
    -290.00000000000    1.0000000325280
    -289.00000000000    1.0000000325280
    -288.00000000000    1.0000000325280
    -287.00000000000    1.0000000325280
    -286.00000000000    1.0000000325280
    -285.00000000000    1.0000000325280
    -284.00000000000    1.0000000325280
    -283.00000000000    1.0000000325280
    -282.00000000000    1.0000000325280
    -281.00000000000    1.0000000325280
    -280.00000000000    1.0000000325280
    -279.00000000000    1.0000000325280
    -278.00000000000    1.0000000325280
    -277.00000000000    1.0000000325280
    -276.00000000000    1.0000000325280
    -275.00000000000    1.0000000325280
    -274.00000000000    1.0000000325280
    -273.00000000000    1.0000000325280
    -272.00000000000    1.0000000325280
    -271.00000000000    1.0000000325280
    -270.00000000000    1.0000000325280
    -269.00000000000    1.0000000325280
    -268.00000000000    1.0000000325280
    -267.00000000000    1.0000000325280
    -266.00000000000    1.0000000325280
    -265.00000000000    1.0000000325280
    -264.00000000000    1.0000000325280
    -263.00000000000    1.0000000325280
    -262.00000000000    1.0000000325280
    -261.00000000000    1.0000000325280
    -260.00000000000    1.0000000325280
    -259.00000000000    1.0000000325280
    -258.00000000000    1.0000000325280
    -257.00000000000    1.0000000325280
    -256.00000000000    1.0000000325280
    -255.00000000000    1.0000000325280
    -254.00000000000    1.0000000325280
    -253.00000000000    1.0000000325280
    -252.00000000000    1.0000000325280
    -251.00000000000    1.0000000325280
    -250.00000000000    1.0000000325280
    -249.00000000000    1.0000000325280
    -248.00000000000    1.0000000325280
    -247.00000000000    1.0000000325280
    -246.00000000000    1.0000000325280
    -245.00000000000    1.0000000325280
    -244.00000000000    1.0000000325280
    -243.00000000000    1.0000000325280
    -242.00000000000    1.0000000325280
    -241.00000000000    1.0000000325280
    -240.00000000000    1.0000000325280
    -239.00000000000    1.0000000325280
    -238.00000000000    1.0000000325280
    -237.00000000000    1.0000000325280
    -236.00000000000    1.0000000325278
    -235.00000000000    1.0000000325274
    -234.00000000000    1.0000000325258
    -233.00000000000    1.0000000325200
    -232.00000000000    1.0000000325003
    -231.00000000000    1.0000000324357
    -230.00000000000    1.0000000322333
    -229.00000000000    1.0000000316262
    -228.00000000000    1.0000000298838
    -227.00000000000    1.0000000250978
    -226.00000000000    1.0000000125155
    -225.00000000000   0.99999998085210
    -224.00000000000   0.99999990457402
    -223.00000000000   0.99999972864482
    -222.00000000000   0.99999934011321
    -221.00000000000   0.99999851838705
    -220.00000000000   0.99999685378302
    -219.00000000000   0.99999362336387
    -218.00000000000   0.99998761627399
    -217.00000000000   0.99997691009707
    -216.00000000000   0.99995861668224
    -215.00000000000   0.99992863948138
    -214.00000000000   0.99988150983350
    -213.00000000000   0.99981038761675
    -212.00000000000   0.99970731053026
    -211.00000000000   0.99956374606152
    -210.00000000000   0.99937143870102
    -209.00000000000   0.99912346230055
    -208.00000000000   0.99881530642525
    -207.00000000000   0.99844577559121
    -206.00000000000   0.99801748632298
    -205.00000000000   0.99753681737677
    -204.00000000000   0.99701328843738
    -203.00000000000   0.99645847716505
    -202.00000000000   0.99588469114263
    -201.00000000000   0.99530365671600
    -200.00000000000   0.99472545981404
    -199.00000000000   0.99415788894199
    -198.00000000000   0.99360621992565
    -197.00000000000   0.99307338170001
    -196.00000000000   0.99256037871825
    -195.00000000000   0.99206682749093
    -194.00000000000   0.99159148510105
    -193.00000000000   0.99113268946372
    -192.00000000000   0.99068867663545
    -191.00000000000   0.99025777672581
    -190.00000000000   0.98983851142285
    -189.00000000000   0.98942962361404
    -188.00000000000   0.98903006736172
    -187.00000000000   0.98863897955489
    -186.00000000000   0.98825564679381
    -185.00000000000   0.98787947465328
    -184.00000000000   0.98750996213494
    -183.00000000000   0.98714668167332
    -182.00000000000   0.98678926396218
    -181.00000000000   0.98643738655996
    -180.00000000000   0.98609076530327
    -179.00000000000   0.98574914775673
    -178.00000000000   0.98541230813227
    -177.00000000000   0.98508004327861
    -176.00000000000   0.98475216946267
    -175.00000000000   0.98442851974858
    -174.00000000000   0.98410894183640
    -173.00000000000   0.98379329626079
    -172.00000000000   0.98348145487548
    -171.00000000000   0.98317329956811
    -170.00000000000   0.98286872116242
    -169.00000000000   0.98256761847449
    -168.00000000000   0.98226989749669
    -167.00000000000   0.98197547068830
    -166.00000000000   0.98168425635589
    -165.00000000000   0.98139617810955
    -164.00000000000   0.98111116438386
    -163.00000000000   0.98082914801411
    -162.00000000000   0.98055006586011
    -161.00000000000   0.98027385847112
    -160.00000000000   0.98000046978637
    -159.00000000000   0.97972984686668
    -158.00000000000   0.97946193965326
    -157.00000000000   0.97919670075025
    -156.00000000000   0.97893408522831
    -155.00000000000   0.97867405044669
    -154.00000000000   0.97841655589176
    -153.00000000000   0.97816156302999
    -152.00000000000   0.97790903517409
    -151.00000000000   0.97765893736058
    -150.00000000000   0.97741123623781
    -149.00000000000   0.97716589996331
    -148.00000000000   0.97692289810945
    -147.00000000000   0.97668220157673
    -146.00000000000   0.97644378251375
    -145.00000000000   0.97620761424350
    -144.00000000000   0.97597367119514
    -143.00000000000   0.97574192884089
    -142.00000000000   0.97551236363753
    -141.00000000000   0.97528495297211
    -140.00000000000   0.97505967511148
    -139.00000000000   0.97483650915540
    -138.00000000000   0.97461543499281
    -137.00000000000   0.97439643326100
    -136.00000000000   0.97417948530764
    -135.00000000000   0.97396457315513
    -134.00000000000   0.97375167946737
    -133.00000000000   0.97354078751855
    -132.00000000000   0.97333188116399
    -131.00000000000   0.97312494481265
    -130.00000000000   0.97291996340144
    -129.00000000000   0.97271692237103
    -128.00000000000   0.97251580764300
    -127.00000000000   0.97231660559851
    -126.00000000000   0.97211930305799
    -125.00000000000   0.97192388726218
    -124.00000000000   0.97173034585407
    -123.00000000000   0.97153866686195
    -122.00000000000   0.97134883868336
    -121.00000000000   0.97116085006988
    -120.00000000000   0.97097469011275
    -119.00000000000   0.97079034822929
    -118.00000000000   0.97060781414995
    -117.00000000000   0.97042707790608
    -116.00000000000   0.97024812981832
    -115.00000000000   0.97007096048559
    -114.00000000000   0.96989556077455
    -113.00000000000   0.96972192180968
    -112.00000000000   0.96955003496381
    -111.00000000000   0.96937989184905
    -110.00000000000   0.96921148430824
    -109.00000000000   0.96904480440675
    -108.00000000000   0.96887984442467
    -107.00000000000   0.96871659684938
    -106.00000000000   0.96855505436845
   -105.000000000000   0.96839520986285
   -104.000000000000   0.96823705640049
   -103.000000000000   0.96808058723001
   -102.000000000000   0.96792579577489
   -101.000000000000   0.96777267562778
   -100.000000000000   0.96762122054511
    -99.000000000000   0.96747142444187
    -98.000000000000   0.96732328138669
    -97.000000000000   0.96717678559707
    -96.000000000000   0.96703193143484
    -95.000000000000   0.96688871340177
    -94.000000000000   0.96674712613542
    -93.000000000000   0.96660716440509
    -92.000000000000   0.96646882310800
    -91.000000000000   0.96633209726557
    -90.000000000000   0.96619698201986
    -89.000000000000   0.96606347263020
    -88.000000000000   0.96593156446985
    -87.000000000000   0.96580125302290
    -86.000000000000   0.96567253388122
    -85.000000000000   0.96554540274154
    -84.000000000000   0.96541985540265
    -83.000000000000   0.96529588776271
    -82.000000000000   0.96517349581665
    -81.000000000000   0.96505267565365
    -80.000000000000   0.96493342345476
    -79.000000000000   0.96481573549058
    -78.000000000000   0.96469960811899
    -77.000000000000   0.96458503778303
    -76.000000000000   0.96447202100882
    -75.000000000000   0.96436055440354
    -74.000000000000   0.96425063465350
    -73.000000000000   0.96414225852233
    -72.000000000000   0.96403542284909
    -71.000000000000   0.96393012454662
    -70.000000000000   0.96382636059982
    -69.000000000000   0.96372412806406
    -68.000000000000   0.96362342406360
    -67.000000000000   0.96352424579012
    -66.000000000000   0.96342659050122
    -65.000000000000   0.96333045551905
    -64.000000000000   0.96323583822893
    -63.000000000000   0.96314273607807
    -62.000000000000   0.96305114657429
    -61.000000000000   0.96296106728478
    -60.000000000000   0.96287249583496
    -59.000000000000   0.96278542990728
    -58.000000000000   0.96269986724018
    -57.000000000000   0.96261580562699
    -56.000000000000   0.96253324291489
    -55.000000000000   0.96245217700393
    -54.000000000000   0.96237260584607
    -53.000000000000   0.96229452744426
    -52.000000000000   0.96221793985150
    -51.000000000000   0.96214284117000
    -50.000000000000   0.96206922955036
    -49.000000000000   0.96199710319071
    -48.000000000000   0.96192646033597
    -47.000000000000   0.96185729927704
    -46.000000000000   0.96178961835013
    -45.000000000000   0.96172341593601
    -44.000000000000   0.96165869045935
    -43.000000000000   0.96159544038803
    -42.000000000000   0.96153366423253
    -41.000000000000   0.96147336054532
    -40.000000000000   0.96141452792022
    -39.000000000000   0.96135716499190
    -38.000000000000   0.96130127043524
    -37.000000000000   0.96124684296489
    -36.000000000000   0.96119388133467
    -35.000000000000   0.96114238433714
    -34.000000000000   0.96109235080309
    -33.000000000000   0.96104377960109
    -32.000000000000   0.96099666963703
    -31.000000000000   0.96095101985373
    -30.000000000000   0.96090682923050
    -29.000000000000   0.96086409678278
    -28.000000000000   0.96082282156172
    -27.000000000000   0.96078300265385
    -26.000000000000   0.96074463918072
    -25.000000000000   0.96070773029860
    -24.000000000000   0.96067227519811
    -23.000000000000   0.96063827310394
    -22.000000000000   0.96060572327459
    -21.000000000000   0.96057462500205
    -20.000000000000   0.96054497761158
    -19.000000000000   0.96051678046141
    -18.000000000000   0.96049003294255
    -17.000000000000   0.96046473447855
    -16.000000000000   0.96044088452530
    -15.000000000000   0.96041848257079
    -14.000000000000   0.96039752813500
    -13.000000000000   0.96037802076964
    -12.000000000000   0.96035996005806
    -11.000000000000   0.96034334561505
   -10.0000000000000   0.96032817708673
    -9.0000000000000   0.96031445415043
    -8.0000000000000   0.96030217651452
    -7.0000000000000   0.96029134391838
    -6.0000000000000   0.96028195613226
    -5.0000000000000   0.96027401295719
    -4.0000000000000   0.96026751422496
    -3.0000000000000   0.96026245979801
    -2.0000000000000   0.96025884956940
    -1.0000000000000   0.96025668346276
   0.   0.96025596143231
     1.0000000000000   0.96025668346276
     2.0000000000000   0.96025884956940
     3.0000000000000   0.96026245979801
     4.0000000000000   0.96026751422496
     5.0000000000000   0.96027401295719
     6.0000000000000   0.96028195613226
     7.0000000000000   0.96029134391838
     8.0000000000000   0.96030217651452
     9.0000000000000   0.96031445415043
    10.0000000000000   0.96032817708673
     11.000000000000   0.96034334561505
     12.000000000000   0.96035996005806
     13.000000000000   0.96037802076964
     14.000000000000   0.96039752813500
     15.000000000000   0.96041848257079
     16.000000000000   0.96044088452530
     17.000000000000   0.96046473447855
     18.000000000000   0.96049003294255
     19.000000000000   0.96051678046141
     20.000000000000   0.96054497761158
     21.000000000000   0.96057462500205
     22.000000000000   0.96060572327459
     23.000000000000   0.96063827310394
     24.000000000000   0.96067227519811
     25.000000000000   0.96070773029860
     26.000000000000   0.96074463918072
     27.000000000000   0.96078300265385
     28.000000000000   0.96082282156172
     29.000000000000   0.96086409678278
     30.000000000000   0.96090682923050
     31.000000000000   0.96095101985373
     32.000000000000   0.96099666963703
     33.000000000000   0.96104377960109
     34.000000000000   0.96109235080309
     35.000000000000   0.96114238433714
     36.000000000000   0.96119388133467
     37.000000000000   0.96124684296489
     38.000000000000   0.96130127043524
     39.000000000000   0.96135716499190
     40.000000000000   0.96141452792022
     41.000000000000   0.96147336054532
     42.000000000000   0.96153366423253
     43.000000000000   0.96159544038803
     44.000000000000   0.96165869045935
     45.000000000000   0.96172341593601
     46.000000000000   0.96178961835013
     47.000000000000   0.96185729927704
     48.000000000000   0.96192646033597
     49.000000000000   0.96199710319071
     50.000000000000   0.96206922955036
     51.000000000000   0.96214284117000
     52.000000000000   0.96221793985150
     53.000000000000   0.96229452744426
     54.000000000000   0.96237260584607
     55.000000000000   0.96245217700393
     56.000000000000   0.96253324291488
     57.000000000000   0.96261580562699
     58.000000000000   0.96269986724018
     59.000000000000   0.96278542990728
     60.000000000000   0.96287249583496
     61.000000000000   0.96296106728478
     62.000000000000   0.96305114657429
     63.000000000000   0.96314273607807
     64.000000000000   0.96323583822893
     65.000000000000   0.96333045551904
     66.000000000000   0.96342659050122
     67.000000000000   0.96352424579012
     68.000000000000   0.96362342406360
     69.000000000000   0.96372412806406
     70.000000000000   0.96382636059982
     71.000000000000   0.96393012454661
     72.000000000000   0.96403542284909
     73.000000000000   0.96414225852233
     74.000000000000   0.96425063465350
     75.000000000000   0.96436055440353
     76.000000000000   0.96447202100882
     77.000000000000   0.96458503778303
     78.000000000000   0.96469960811899
     79.000000000000   0.96481573549058
     80.000000000000   0.96493342345476
     81.000000000000   0.96505267565365
     82.000000000000   0.96517349581665
     83.000000000000   0.96529588776271
     84.000000000000   0.96541985540265
     85.000000000000   0.96554540274154
     86.000000000000   0.96567253388122
     87.000000000000   0.96580125302290
     88.000000000000   0.96593156446985
     89.000000000000   0.96606347263020
     90.000000000000   0.96619698201986
     91.000000000000   0.96633209726557
     92.000000000000   0.96646882310800
     93.000000000000   0.96660716440509
     94.000000000000   0.96674712613541
     95.000000000000   0.96688871340177
     96.000000000000   0.96703193143484
     97.000000000000   0.96717678559707
     98.000000000000   0.96732328138669
     99.000000000000   0.96747142444187
    100.000000000000   0.96762122054511
    101.000000000000   0.96777267562778
    102.000000000000   0.96792579577489
    103.000000000000   0.96808058723001
    104.000000000000   0.96823705640049
    105.000000000000   0.96839520986285
     106.00000000000   0.96855505436845
     107.00000000000   0.96871659684938
     108.00000000000   0.96887984442467
     109.00000000000   0.96904480440675
     110.00000000000   0.96921148430824
     111.00000000000   0.96937989184905
     112.00000000000   0.96955003496381
     113.00000000000   0.96972192180968
     114.00000000000   0.96989556077455
     115.00000000000   0.97007096048559
     116.00000000000   0.97024812981832
     117.00000000000   0.97042707790608
     118.00000000000   0.97060781414995
     119.00000000000   0.97079034822929
     120.00000000000   0.97097469011275
     121.00000000000   0.97116085006988
     122.00000000000   0.97134883868336
     123.00000000000   0.97153866686195
     124.00000000000   0.97173034585407
     125.00000000000   0.97192388726218
     126.00000000000   0.97211930305799
     127.00000000000   0.97231660559851
     128.00000000000   0.97251580764300
     129.00000000000   0.97271692237103
     130.00000000000   0.97291996340144
     131.00000000000   0.97312494481265
     132.00000000000   0.97333188116399
     133.00000000000   0.97354078751855
     134.00000000000   0.97375167946737
     135.00000000000   0.97396457315513
     136.00000000000   0.97417948530764
     137.00000000000   0.97439643326100
     138.00000000000   0.97461543499281
     139.00000000000   0.97483650915540
     140.00000000000   0.97505967511148
     141.00000000000   0.97528495297211
     142.00000000000   0.97551236363753
     143.00000000000   0.97574192884089
     144.00000000000   0.97597367119514
     145.00000000000   0.97620761424350
     146.00000000000   0.97644378251375
     147.00000000000   0.97668220157673
     148.00000000000   0.97692289810946
     149.00000000000   0.97716589996331
     150.00000000000   0.97741123623781
     151.00000000000   0.97765893736058
     152.00000000000   0.97790903517409
     153.00000000000   0.97816156302999
     154.00000000000   0.97841655589176
     155.00000000000   0.97867405044669
     156.00000000000   0.97893408522831
     157.00000000000   0.97919670075025
     158.00000000000   0.97946193965326
     159.00000000000   0.97972984686668
     160.00000000000   0.98000046978637
     161.00000000000   0.98027385847112
     162.00000000000   0.98055006586011
     163.00000000000   0.98082914801411
     164.00000000000   0.98111116438386
     165.00000000000   0.98139617810955
     166.00000000000   0.98168425635589
     167.00000000000   0.98197547068830
     168.00000000000   0.98226989749669
     169.00000000000   0.98256761847449
     170.00000000000   0.98286872116242
     171.00000000000   0.98317329956811
     172.00000000000   0.98348145487548
     173.00000000000   0.98379329626079
     174.00000000000   0.98410894183640
     175.00000000000   0.98442851974858
     176.00000000000   0.98475216946267
     177.00000000000   0.98508004327861
     178.00000000000   0.98541230813227
     179.00000000000   0.98574914775673
     180.00000000000   0.98609076530327
     181.00000000000   0.98643738655995
     182.00000000000   0.98678926396218
     183.00000000000   0.98714668167332
     184.00000000000   0.98750996213494
     185.00000000000   0.98787947465328
     186.00000000000   0.98825564679381
     187.00000000000   0.98863897955489
     188.00000000000   0.98903006736172
     189.00000000000   0.98942962361404
     190.00000000000   0.98983851142285
     191.00000000000   0.99025777672581
     192.00000000000   0.99068867663545
     193.00000000000   0.99113268946372
     194.00000000000   0.99159148510105
     195.00000000000   0.99206682749093
     196.00000000000   0.99256037871825
     197.00000000000   0.99307338170001
     198.00000000000   0.99360621992565
     199.00000000000   0.99415788894199
     200.00000000000   0.99472545981404
     201.00000000000   0.99530365671600
     202.00000000000   0.99588469114263
     203.00000000000   0.99645847716505
     204.00000000000   0.99701328843738
     205.00000000000   0.99753681737677
     206.00000000000   0.99801748632298
     207.00000000000   0.99844577559121
     208.00000000000   0.99881530642525
     209.00000000000   0.99912346230055
     210.00000000000   0.99937143870101
     211.00000000000   0.99956374606152
     212.00000000000   0.99970731053026
     213.00000000000   0.99981038761675
     214.00000000000   0.99988150983350
     215.00000000000   0.99992863948138
     216.00000000000   0.99995861668224
     217.00000000000   0.99997691009707
     218.00000000000   0.99998761627399
     219.00000000000   0.99999362336387
     220.00000000000   0.99999685378302
     221.00000000000   0.99999851838705
     222.00000000000   0.99999934011321
     223.00000000000   0.99999972864482
     224.00000000000   0.99999990457402
     225.00000000000   0.99999998085210
     226.00000000000    1.0000000125155
     227.00000000000    1.0000000250978
     228.00000000000    1.0000000298838
     229.00000000000    1.0000000316262
     230.00000000000    1.0000000322333
     231.00000000000    1.0000000324357
     232.00000000000    1.0000000325003
     233.00000000000    1.0000000325200
     234.00000000000    1.0000000325258
     235.00000000000    1.0000000325274
     236.00000000000    1.0000000325278
     237.00000000000    1.0000000325280
     238.00000000000    1.0000000325280
     239.00000000000    1.0000000325280
     240.00000000000    1.0000000325280
     241.00000000000    1.0000000325280
     242.00000000000    1.0000000325280
     243.00000000000    1.0000000325280
     244.00000000000    1.0000000325280
     245.00000000000    1.0000000325280
     246.00000000000    1.0000000325280
     247.00000000000    1.0000000325280
     248.00000000000    1.0000000325280
     249.00000000000    1.0000000325280
     250.00000000000    1.0000000325280
     251.00000000000    1.0000000325280
     252.00000000000    1.0000000325280
     253.00000000000    1.0000000325280
     254.00000000000    1.0000000325280
     255.00000000000    1.0000000325280
     256.00000000000    1.0000000325280
     257.00000000000    1.0000000325280
     258.00000000000    1.0000000325280
     259.00000000000    1.0000000325280
     260.00000000000    1.0000000325280
     261.00000000000    1.0000000325280
     262.00000000000    1.0000000325280
     263.00000000000    1.0000000325280
     264.00000000000    1.0000000325280
     265.00000000000    1.0000000325280
     266.00000000000    1.0000000325280
     267.00000000000    1.0000000325280
     268.00000000000    1.0000000325280
     269.00000000000    1.0000000325280
     270.00000000000    1.0000000325280
     271.00000000000    1.0000000325280
     272.00000000000    1.0000000325280
     273.00000000000    1.0000000325280
     274.00000000000    1.0000000325280
     275.00000000000    1.0000000325280
     276.00000000000    1.0000000325280
     277.00000000000    1.0000000325280
     278.00000000000    1.0000000325280
     279.00000000000    1.0000000325280
     280.00000000000    1.0000000325280
     281.00000000000    1.0000000325280
     282.00000000000    1.0000000325280
     283.00000000000    1.0000000325280
     284.00000000000    1.0000000325280
     285.00000000000    1.0000000325280
     286.00000000000    1.0000000325280
     287.00000000000    1.0000000325280
     288.00000000000    1.0000000325280
     289.00000000000    1.0000000325280
     290.00000000000    1.0000000325280
     291.00000000000    1.0000000325280
     292.00000000000    1.0000000325280
     293.00000000000    1.0000000325280
     294.00000000000    1.0000000325280
     295.00000000000    1.0000000325280
     296.00000000000    1.0000000325280
     297.00000000000    1.0000000325280
     298.00000000000    1.0000000325280
     299.00000000000    1.0000000325280
     300.00000000000    1.0000000325280
     301.00000000000    1.0000000325280
     302.00000000000    1.0000000325280
     303.00000000000    1.0000000325280
     304.00000000000    1.0000000325280
     305.00000000000    1.0000000325280
     306.00000000000    1.0000000325280
     307.00000000000    1.0000000325280
     308.00000000000    1.0000000325280
     309.00000000000    1.0000000325280
     310.00000000000    1.0000000325280
     311.00000000000    1.0000000325280
     312.00000000000    1.0000000325280
     313.00000000000    1.0000000325280
     314.00000000000    1.0000000325280
     315.00000000000    1.0000000325280
     316.00000000000    1.0000000325280
     317.00000000000    1.0000000325280
     318.00000000000    1.0000000325280
     319.00000000000    1.0000000325280
     320.00000000000    1.0000000325280
     321.00000000000    1.0000000325280
     322.00000000000    1.0000000325280
     323.00000000000    1.0000000325280
     324.00000000000    1.0000000325280
     325.00000000000    1.0000000325280
     326.00000000000    1.0000000325280
     327.00000000000    1.0000000325280
     328.00000000000    1.0000000325280
     329.00000000000    1.0000000325280
     330.00000000000    1.0000000325280
     331.00000000000    1.0000000325280
     332.00000000000    1.0000000325280
     333.00000000000    1.0000000325280
     334.00000000000    1.0000000325280
     335.00000000000    1.0000000325280
     336.00000000000    1.0000000325280
     337.00000000000    1.0000000325280
     338.00000000000    1.0000000325280
     339.00000000000    1.0000000325280
     340.00000000000    1.0000000325280
     341.00000000000    1.0000000325280
     342.00000000000    1.0000000325280
     343.00000000000    1.0000000325280
     344.00000000000    1.0000000325280
     345.00000000000    1.0000000325280
     346.00000000000    1.0000000325280
     347.00000000000    1.0000000325280
     348.00000000000    1.0000000325280
     349.00000000000    1.0000000325280
     350.00000000000    1.0000000325280
     351.00000000000    1.0000000325280
     352.00000000000    1.0000000325280
     353.00000000000    1.0000000325280
     354.00000000000    1.0000000325280
     355.00000000000    1.0000000325280
     356.00000000000    1.0000000325280
     357.00000000000    1.0000000325280
     358.00000000000    1.0000000325280
     359.00000000000    1.0000000325280
     360.00000000000    1.0000000325280
     361.00000000000    1.0000000325280
     362.00000000000    1.0000000325280
     363.00000000000    1.0000000325280
     364.00000000000    1.0000000325280
     365.00000000000    1.0000000325280
     366.00000000000    1.0000000325280
     367.00000000000    1.0000000325280
     368.00000000000    1.0000000325280
     369.00000000000    1.0000000325280
     370.00000000000    1.0000000325280
     371.00000000000    1.0000000325280
     372.00000000000    1.0000000325280
     373.00000000000    1.0000000325280
     374.00000000000    1.0000000325280
     375.00000000000    1.0000000325280
     376.00000000000    1.0000000325280
     377.00000000000    1.0000000325280
     378.00000000000    1.0000000325280
     379.00000000000    1.0000000325280
     380.00000000000    1.0000000325280
     381.00000000000    1.0000000325280
     382.00000000000    1.0000000325280
     383.00000000000    1.0000000325280
     384.00000000000    1.0000000325280
     385.00000000000    1.0000000325280
     386.00000000000    1.0000000325280
     387.00000000000    1.0000000325280
     388.00000000000    1.0000000325280
     389.00000000000    1.0000000325280
     390.00000000000    1.0000000325280
     391.00000000000    1.0000000325280
     392.00000000000    1.0000000325280
     393.00000000000    1.0000000325280
     394.00000000000    1.0000000325280
     395.00000000000    1.0000000325280
     396.00000000000    1.0000000325280
     397.00000000000    1.0000000325280
     398.00000000000    1.0000000325280
     399.00000000000    1.0000000325280
     400.00000000000    1.0000000325280
     401.00000000000    1.0000000325280
     402.00000000000    1.0000000325280
     403.00000000000    1.0000000325280
     404.00000000000    1.0000000325280
     405.00000000000    1.0000000325280
     406.00000000000    1.0000000325280
     407.00000000000    1.0000000325280
     408.00000000000    1.0000000325280
     409.00000000000    1.0000000325280
     410.00000000000    1.0000000325280
     411.00000000000    1.0000000325280
     412.00000000000    1.0000000325280
     413.00000000000    1.0000000325280
     414.00000000000    1.0000000325280
     415.00000000000    1.0000000325280
     416.00000000000    1.0000000325280
     417.00000000000    1.0000000325280
     418.00000000000    1.0000000325280
     419.00000000000    1.0000000325280
     420.00000000000    1.0000000325280
     421.00000000000    1.0000000325280
     422.00000000000    1.0000000325280
     423.00000000000    1.0000000325280
     424.00000000000    1.0000000325280
     425.00000000000    1.0000000325280
     426.00000000000    1.0000000325280
     427.00000000000    1.0000000325280
     428.00000000000    1.0000000325280
     429.00000000000    1.0000000325280
     430.00000000000    1.0000000325280
     431.00000000000    1.0000000325280
     432.00000000000    1.0000000325280
     433.00000000000    1.0000000325280
     434.00000000000    1.0000000325280
     435.00000000000    1.0000000325280
     436.00000000000    1.0000000325280
     437.00000000000    1.0000000325280
     438.00000000000    1.0000000325280
     439.00000000000    1.0000000325280
     440.00000000000    1.0000000325280
     441.00000000000    1.0000000325280
     442.00000000000    1.0000000325280
     443.00000000000    1.0000000325280
     444.00000000000    1.0000000325280
     445.00000000000    1.0000000325280
     446.00000000000    1.0000000325280
     447.00000000000    1.0000000325280
     448.00000000000    1.0000000325280
     449.00000000000    1.0000000325280
     450.00000000000    1.0000000325280
     451.00000000000    1.0000000325280
     452.00000000000    1.0000000325280
     453.00000000000    1.0000000325280
     454.00000000000    1.0000000325280
     455.00000000000    1.0000000325280
     456.00000000000    1.0000000325280
     457.00000000000    1.0000000325280
     458.00000000000    1.0000000325280
     459.00000000000    1.0000000325280
     460.00000000000    1.0000000325280
     461.00000000000    1.0000000325280
     462.00000000000    1.0000000325280
     463.00000000000    1.0000000325280
     464.00000000000    1.0000000325280
     465.00000000000    1.0000000325280
     466.00000000000    1.0000000325280
     467.00000000000    1.0000000325280
     468.00000000000    1.0000000325280
     469.00000000000    1.0000000325280
     470.00000000000    1.0000000325280
     471.00000000000    1.0000000325280
     472.00000000000    1.0000000325280
     473.00000000000    1.0000000325280
     474.00000000000    1.0000000325280
     475.00000000000    1.0000000325280
     476.00000000000    1.0000000325280
     477.00000000000    1.0000000325280
     478.00000000000    1.0000000325280
     479.00000000000    1.0000000325280
     480.00000000000    1.0000000325280
     481.00000000000    1.0000000325280
     482.00000000000    1.0000000325280
     483.00000000000    1.0000000325280
     484.00000000000    1.0000000325280
     485.00000000000    1.0000000325280
     486.00000000000    1.0000000325280
     487.00000000000    1.0000000325280
     488.00000000000    1.0000000325280
     489.00000000000    1.0000000325280
     490.00000000000    1.0000000325280
     491.00000000000    1.0000000325280
     492.00000000000    1.0000000325280
     493.00000000000    1.0000000325280
     494.00000000000    1.0000000325280
     495.00000000000    1.0000000325280
     496.00000000000    1.0000000325280
     497.00000000000    1.0000000325280
     498.00000000000    1.0000000325280
     499.00000000000    1.0000000325280
     500.00000000000    1.0000000325280
