    -500.00000000000    1.0000000325280
    -499.00000000000    1.0000000325280
    -498.00000000000    1.0000000325280
    -497.00000000000    1.0000000325280
    -496.00000000000    1.0000000325280
    -495.00000000000    1.0000000325280
    -494.00000000000    1.0000000325280
    -493.00000000000    1.0000000325280
    -492.00000000000    1.0000000325280
    -491.00000000000    1.0000000325280
    -490.00000000000    1.0000000325280
    -489.00000000000    1.0000000325280
    -488.00000000000    1.0000000325280
    -487.00000000000    1.0000000325280
    -486.00000000000    1.0000000325280
    -485.00000000000    1.0000000325280
    -484.00000000000    1.0000000325280
    -483.00000000000    1.0000000325280
    -482.00000000000    1.0000000325280
    -481.00000000000    1.0000000325280
    -480.00000000000    1.0000000325280
    -479.00000000000    1.0000000325280
    -478.00000000000    1.0000000325280
    -477.00000000000    1.0000000325280
    -476.00000000000    1.0000000325280
    -475.00000000000    1.0000000325280
    -474.00000000000    1.0000000325280
    -473.00000000000    1.0000000325280
    -472.00000000000    1.0000000325280
    -471.00000000000    1.0000000325280
    -470.00000000000    1.0000000325280
    -469.00000000000    1.0000000325280
    -468.00000000000    1.0000000325280
    -467.00000000000    1.0000000325280
    -466.00000000000    1.0000000325280
    -465.00000000000    1.0000000325280
    -464.00000000000    1.0000000325280
    -463.00000000000    1.0000000325280
    -462.00000000000    1.0000000325280
    -461.00000000000    1.0000000325280
    -460.00000000000    1.0000000325280
    -459.00000000000    1.0000000325280
    -458.00000000000    1.0000000325280
    -457.00000000000    1.0000000325280
    -456.00000000000    1.0000000325280
    -455.00000000000    1.0000000325280
    -454.00000000000    1.0000000325280
    -453.00000000000    1.0000000325280
    -452.00000000000    1.0000000325280
    -451.00000000000    1.0000000325280
    -450.00000000000    1.0000000325280
    -449.00000000000    1.0000000325280
    -448.00000000000    1.0000000325280
    -447.00000000000    1.0000000325280
    -446.00000000000    1.0000000325280
    -445.00000000000    1.0000000325280
    -444.00000000000    1.0000000325280
    -443.00000000000    1.0000000325280
    -442.00000000000    1.0000000325280
    -441.00000000000    1.0000000325280
    -440.00000000000    1.0000000325280
    -439.00000000000    1.0000000325280
    -438.00000000000    1.0000000325280
    -437.00000000000    1.0000000325280
    -436.00000000000    1.0000000325280
    -435.00000000000    1.0000000325280
    -434.00000000000    1.0000000325280
    -433.00000000000    1.0000000325280
    -432.00000000000    1.0000000325280
    -431.00000000000    1.0000000325280
    -430.00000000000    1.0000000325280
    -429.00000000000    1.0000000325280
    -428.00000000000    1.0000000325280
    -427.00000000000    1.0000000325280
    -426.00000000000    1.0000000325280
    -425.00000000000    1.0000000325280
    -424.00000000000    1.0000000325280
    -423.00000000000    1.0000000325280
    -422.00000000000    1.0000000325280
    -421.00000000000    1.0000000325280
    -420.00000000000    1.0000000325280
    -419.00000000000    1.0000000325280
    -418.00000000000    1.0000000325280
    -417.00000000000    1.0000000325280
    -416.00000000000    1.0000000325280
    -415.00000000000    1.0000000325280
    -414.00000000000    1.0000000325280
    -413.00000000000    1.0000000325280
    -412.00000000000    1.0000000325280
    -411.00000000000    1.0000000325280
    -410.00000000000    1.0000000325280
    -409.00000000000    1.0000000325280
    -408.00000000000    1.0000000325280
    -407.00000000000    1.0000000325280
    -406.00000000000    1.0000000325280
    -405.00000000000    1.0000000325280
    -404.00000000000    1.0000000325280
    -403.00000000000    1.0000000325280
    -402.00000000000    1.0000000325280
    -401.00000000000    1.0000000325280
    -400.00000000000    1.0000000325280
    -399.00000000000    1.0000000325280
    -398.00000000000    1.0000000325280
    -397.00000000000    1.0000000325280
    -396.00000000000    1.0000000325280
    -395.00000000000    1.0000000325280
    -394.00000000000    1.0000000325280
    -393.00000000000    1.0000000325280
    -392.00000000000    1.0000000325280
    -391.00000000000    1.0000000325280
    -390.00000000000    1.0000000325280
    -389.00000000000    1.0000000325280
    -388.00000000000    1.0000000325280
    -387.00000000000    1.0000000325280
    -386.00000000000    1.0000000325280
    -385.00000000000    1.0000000325280
    -384.00000000000    1.0000000325280
    -383.00000000000    1.0000000325280
    -382.00000000000    1.0000000325280
    -381.00000000000    1.0000000325280
    -380.00000000000    1.0000000325280
    -379.00000000000    1.0000000325280
    -378.00000000000    1.0000000325280
    -377.00000000000    1.0000000325280
    -376.00000000000    1.0000000325280
    -375.00000000000    1.0000000325280
    -374.00000000000    1.0000000325280
    -373.00000000000    1.0000000325280
    -372.00000000000    1.0000000325280
    -371.00000000000    1.0000000325280
    -370.00000000000    1.0000000325280
    -369.00000000000    1.0000000325280
    -368.00000000000    1.0000000325280
    -367.00000000000    1.0000000325280
    -366.00000000000    1.0000000325280
    -365.00000000000    1.0000000325280
    -364.00000000000    1.0000000325280
    -363.00000000000    1.0000000325280
    -362.00000000000    1.0000000325280
    -361.00000000000    1.0000000325280
    -360.00000000000    1.0000000325280
    -359.00000000000    1.0000000325280
    -358.00000000000    1.0000000325280
    -357.00000000000    1.0000000325280
    -356.00000000000    1.0000000325280
    -355.00000000000    1.0000000325280
    -354.00000000000    1.0000000325280
    -353.00000000000    1.0000000325280
    -352.00000000000    1.0000000325280
    -351.00000000000    1.0000000325280
    -350.00000000000    1.0000000325280
    -349.00000000000    1.0000000325280
    -348.00000000000    1.0000000325280
    -347.00000000000    1.0000000325280
    -346.00000000000    1.0000000325280
    -345.00000000000    1.0000000325280
    -344.00000000000    1.0000000325280
    -343.00000000000    1.0000000325280
    -342.00000000000    1.0000000325280
    -341.00000000000    1.0000000325280
    -340.00000000000    1.0000000325280
    -339.00000000000    1.0000000325280
    -338.00000000000    1.0000000325280
    -337.00000000000    1.0000000325280
    -336.00000000000    1.0000000325280
    -335.00000000000    1.0000000325280
    -334.00000000000    1.0000000325280
    -333.00000000000    1.0000000325280
    -332.00000000000    1.0000000325280
    -331.00000000000    1.0000000325280
    -330.00000000000    1.0000000325280
    -329.00000000000    1.0000000325280
    -328.00000000000    1.0000000325280
    -327.00000000000    1.0000000325280
    -326.00000000000    1.0000000325280
    -325.00000000000    1.0000000325280
    -324.00000000000    1.0000000325280
    -323.00000000000    1.0000000325280
    -322.00000000000    1.0000000325280
    -321.00000000000    1.0000000325280
    -320.00000000000    1.0000000325280
    -319.00000000000    1.0000000325280
    -318.00000000000    1.0000000325280
    -317.00000000000    1.0000000325280
    -316.00000000000    1.0000000325280
    -315.00000000000    1.0000000325280
    -314.00000000000    1.0000000325280
    -313.00000000000    1.0000000325280
    -312.00000000000    1.0000000325280
    -311.00000000000    1.0000000325280
    -310.00000000000    1.0000000325280
    -309.00000000000    1.0000000325280
    -308.00000000000    1.0000000325280
    -307.00000000000    1.0000000325280
    -306.00000000000    1.0000000325280
    -305.00000000000    1.0000000325280
    -304.00000000000    1.0000000325280
    -303.00000000000    1.0000000325280
    -302.00000000000    1.0000000325280
    -301.00000000000    1.0000000325280
    -300.00000000000    1.0000000325280
    -299.00000000000    1.0000000325280
    -298.00000000000    1.0000000325280
    -297.00000000000    1.0000000325280
    -296.00000000000    1.0000000325280
    -295.00000000000    1.0000000325280
    -294.00000000000    1.0000000325280
    -293.00000000000    1.0000000325280
    -292.00000000000    1.0000000325280
    -291.00000000000    1.0000000325280
    -290.00000000000    1.0000000325280
    -289.00000000000    1.0000000325280
    -288.00000000000    1.0000000325280
    -287.00000000000    1.0000000325280
    -286.00000000000    1.0000000325280
    -285.00000000000    1.0000000325280
    -284.00000000000    1.0000000325280
    -283.00000000000    1.0000000325280
    -282.00000000000    1.0000000325280
    -281.00000000000    1.0000000325280
    -280.00000000000    1.0000000325280
    -279.00000000000    1.0000000325280
    -278.00000000000    1.0000000325280
    -277.00000000000    1.0000000325280
    -276.00000000000    1.0000000325280
    -275.00000000000    1.0000000325280
    -274.00000000000    1.0000000325280
    -273.00000000000    1.0000000325280
    -272.00000000000    1.0000000325280
    -271.00000000000    1.0000000325280
    -270.00000000000    1.0000000325280
    -269.00000000000    1.0000000325280
    -268.00000000000    1.0000000325280
    -267.00000000000    1.0000000325280
    -266.00000000000    1.0000000325280
    -265.00000000000    1.0000000325280
    -264.00000000000    1.0000000325280
    -263.00000000000    1.0000000325280
    -262.00000000000    1.0000000325280
    -261.00000000000    1.0000000325280
    -260.00000000000    1.0000000325280
    -259.00000000000    1.0000000325280
    -258.00000000000    1.0000000325280
    -257.00000000000    1.0000000325280
    -256.00000000000    1.0000000325280
    -255.00000000000    1.0000000325280
    -254.00000000000    1.0000000325280
    -253.00000000000    1.0000000325280
    -252.00000000000    1.0000000325280
    -251.00000000000    1.0000000325280
    -250.00000000000    1.0000000325280
    -249.00000000000    1.0000000325280
    -248.00000000000    1.0000000325280
    -247.00000000000    1.0000000325280
    -246.00000000000    1.0000000325280
    -245.00000000000    1.0000000325280
    -244.00000000000    1.0000000325280
    -243.00000000000    1.0000000325280
    -242.00000000000    1.0000000325280
    -241.00000000000    1.0000000325280
    -240.00000000000    1.0000000325278
    -239.00000000000    1.0000000325274
    -238.00000000000    1.0000000325259
    -237.00000000000    1.0000000325203
    -236.00000000000    1.0000000325011
    -235.00000000000    1.0000000324384
    -234.00000000000    1.0000000322420
    -233.00000000000    1.0000000316527
    -232.00000000000    1.0000000299616
    -231.00000000000    1.0000000253167
    -230.00000000000    1.0000000131052
    -229.00000000000   0.99999998237579
    -228.00000000000   0.99999990834928
    -227.00000000000   0.99999973761702
    -226.00000000000   0.99999936057168
    -225.00000000000   0.99999856315879
    -224.00000000000   0.99999694785100
    -223.00000000000   0.99999381318951
    -222.00000000000   0.99998798434509
    -221.00000000000   0.99997759619165
    -220.00000000000   0.99995984680840
    -219.00000000000   0.99993076221956
    -218.00000000000   0.99988503781047
    -217.00000000000   0.99981603928843
    -216.00000000000   0.99971604490373
    -215.00000000000   0.99957678130421
    -214.00000000000   0.99939024570529
    -213.00000000000   0.99914972684550
    -212.00000000000   0.99885085858941
    -211.00000000000   0.99849249163138
    -210.00000000000   0.99807717470281
    -209.00000000000   0.99761110509016
    -208.00000000000   0.99710352472101
    -207.00000000000   0.99656566864392
    -206.00000000000   0.99600947617116
    -205.00000000000   0.99544631894150
    -204.00000000000   0.99488597393656
    -203.00000000000   0.99433598702131
    -202.00000000000   0.99380146520579
    -201.00000000000   0.99328523853154
    -200.00000000000   0.99278827071786
    -199.00000000000   0.99231018024831
    -198.00000000000   0.99184975338136
    -197.00000000000   0.99140537129646
    -196.00000000000   0.99097531779173
    -195.00000000000   0.99055796911883
    -194.00000000000   0.99015188834335
    -193.00000000000   0.98975585384580
    -192.00000000000   0.98936884939974
    -191.00000000000   0.98899003651857
    -190.00000000000   0.98861872221859
    -189.00000000000   0.98825432912317
    -188.00000000000   0.98789637062545
    -187.00000000000   0.98754443145612
    -186.00000000000   0.98719815293900
    -185.00000000000   0.98685722192013
    -184.00000000000   0.98652136242617
    -183.00000000000   0.98619032930112
    -182.00000000000   0.98586390327102
    -181.00000000000   0.98554188704819
    -180.00000000000   0.98522410220482
    -179.00000000000   0.98491038662704
    -178.00000000000   0.98460059241572
    -177.00000000000   0.98429458413662
    -176.00000000000   0.98399223734850
    -175.00000000000   0.98369343735475
    -174.00000000000   0.98339807813712
    -173.00000000000   0.98310606143908
    -172.00000000000   0.98281729597318
    -171.00000000000   0.98253169673208
    -170.00000000000   0.98224918438674
    -169.00000000000   0.98196968475827
    -168.00000000000   0.98169312835271
    -167.00000000000   0.98141944994941
    -166.00000000000   0.98114858823568
    -165.00000000000   0.98088048548137
    -164.00000000000   0.98061508724801
    -163.00000000000   0.98035234212818
    -162.00000000000   0.98009220151122
    -161.00000000000   0.97983461937208
    -160.00000000000   0.97957955208056
    -159.00000000000   0.97932695822848
    -158.00000000000   0.97907679847290
    -157.00000000000   0.97882903539337
    -156.00000000000   0.97858363336185
    -155.00000000000   0.97834055842389
    -154.00000000000   0.97809977818987
    -153.00000000000   0.97786126173526
    -152.00000000000   0.97762497950910
    -151.00000000000   0.97739090324969
    -150.00000000000   0.97715900590695
    -149.00000000000   0.97692926157082
    -148.00000000000   0.97670164540500
    -147.00000000000   0.97647613358568
    -146.00000000000   0.97625270324471
    -145.00000000000   0.97603133241689
    -144.00000000000   0.97581199999101
    -143.00000000000   0.97559468566422
    -142.00000000000   0.97537936989963
    -141.00000000000   0.97516603388669
    -140.00000000000   0.97495465950421
    -139.00000000000   0.97474522928587
    -138.00000000000   0.97453772638784
    -137.00000000000   0.97433213455859
    -136.00000000000   0.97412843811043
    -135.00000000000   0.97392662189297
    -134.00000000000   0.97372667126806
    -133.00000000000   0.97352857208633
    -132.00000000000   0.97333231066505
    -131.00000000000   0.97313787376734
    -130.00000000000   0.97294524858252
    -129.00000000000   0.97275442270763
    -128.00000000000   0.97256538412995
    -127.00000000000   0.97237812121054
    -126.00000000000   0.97219262266858
    -125.00000000000   0.97200887756669
    -124.00000000000   0.97182687529693
    -123.00000000000   0.97164660556758
    -122.00000000000   0.97146805839062
    -121.00000000000   0.97129122406984
    -120.00000000000   0.97111609318953
    -119.00000000000   0.97094265660381
    -118.00000000000   0.97077090542641
    -117.00000000000   0.97060083102103
    -116.00000000000   0.97043242499209
    -115.00000000000   0.97026567917603
    -114.00000000000   0.97010058563289
    -113.00000000000   0.96993713663841
    -112.00000000000   0.96977532467646
    -111.00000000000   0.96961514243175
    -110.00000000000   0.96945658278302
    -109.00000000000   0.96929963879638
    -108.00000000000   0.96914430371905
    -107.00000000000   0.96899057097336
    -106.00000000000   0.96883843415099
   -105.000000000000   0.96868788700749
   -104.000000000000   0.96853892345699
   -103.000000000000   0.96839153756722
   -102.000000000000   0.96824572355464
   -101.000000000000   0.96810147577985
   -100.000000000000   0.96795878874318
    -99.000000000000   0.96781765708041
    -98.000000000000   0.96767807555872
    -97.000000000000   0.96754003907282
    -96.000000000000   0.96740354264115
    -95.000000000000   0.96726858140233
    -94.000000000000   0.96713515061166
    -93.000000000000   0.96700324563786
    -92.000000000000   0.96687286195983
    -91.000000000000   0.96674399516363
    -90.000000000000   0.96661664093950
    -89.000000000000   0.96649079507903
    -88.000000000000   0.96636645347244
    -87.000000000000   0.96624361210598
    -86.000000000000   0.96612226705934
    -85.000000000000   0.96600241450328
    -84.000000000000   0.96588405069726
    -83.000000000000   0.96576717198716
    -82.000000000000   0.96565177480316
    -81.000000000000   0.96553785565758
    -80.000000000000   0.96542541114291
    -79.000000000000   0.96531443792983
    -78.000000000000   0.96520493276534
    -77.000000000000   0.96509689247092
    -76.000000000000   0.96499031394084
    -75.000000000000   0.96488519414040
    -74.000000000000   0.96478153010435
    -73.000000000000   0.96467931893529
    -72.000000000000   0.96457855780214
    -71.000000000000   0.96447924393871
    -70.000000000000   0.96438137464225
    -69.000000000000   0.96428494727207
    -68.000000000000   0.96418995924827
    -67.000000000000   0.96409640805038
    -66.000000000000   0.96400429121620
    -65.000000000000   0.96391360634055
    -64.000000000000   0.96382435107415
    -63.000000000000   0.96373652312247
    -62.000000000000   0.96365012024469
    -61.000000000000   0.96356514025262
    -60.000000000000   0.96348158100970
    -59.000000000000   0.96339944043005
    -58.000000000000   0.96331871647746
    -57.000000000000   0.96323940716456
    -56.000000000000   0.96316151055188
    -55.000000000000   0.96308502474701
    -54.000000000000   0.96300994790376
    -53.000000000000   0.96293627822140
    -52.000000000000   0.96286401394386
    -51.000000000000   0.96279315335895
    -50.000000000000   0.96272369479772
    -49.000000000000   0.96265563663368
    -48.000000000000   0.96258897728216
    -47.000000000000   0.96252371519966
    -46.000000000000   0.96245984888321
    -45.000000000000   0.96239737686976
    -44.000000000000   0.96233629773558
    -43.000000000000   0.96227661009572
    -42.000000000000   0.96221831260340
    -41.000000000000   0.96216140394957
    -40.000000000000   0.96210588286230
    -39.000000000000   0.96205174810634
    -38.000000000000   0.96199899848263
    -37.000000000000   0.96194763282784
    -36.000000000000   0.96189765001391
    -35.000000000000   0.96184904894764
    -34.000000000000   0.96180182857026
    -33.000000000000   0.96175598785704
    -32.000000000000   0.96171152581691
    -31.000000000000   0.96166844149208
    -30.000000000000   0.96162673395769
    -29.000000000000   0.96158640232148
    -28.000000000000   0.96154744572345
    -27.000000000000   0.96150986333553
    -26.000000000000   0.96147365436131
    -25.000000000000   0.96143881803575
    -24.000000000000   0.96140535362486
    -23.000000000000   0.96137326042551
    -22.000000000000   0.96134253776511
    -21.000000000000   0.96131318500140
    -20.000000000000   0.96128520152221
    -19.000000000000   0.96125858674528
    -18.000000000000   0.96123334011800
    -17.000000000000   0.96120946111726
    -16.000000000000   0.96118694924923
    -15.000000000000   0.96116580404922
    -14.000000000000   0.96114602508150
    -13.000000000000   0.96112761193915
    -12.000000000000   0.96111056424391
    -11.000000000000   0.96109488164609
   -10.0000000000000   0.96108056382437
    -9.0000000000000   0.96106761048579
    -8.0000000000000   0.96105602136555
    -7.0000000000000   0.96104579622700
    -6.0000000000000   0.96103693486150
    -5.0000000000000   0.96102943708838
    -4.0000000000000   0.96102330275487
    -3.0000000000000   0.96101853173606
    -2.0000000000000   0.96101512393482
    -1.0000000000000   0.96101307928181
   0.   0.96101239773543
     1.0000000000000   0.96101307928181
     2.0000000000000   0.96101512393482
     3.0000000000000   0.96101853173606
     4.0000000000000   0.96102330275487
     5.0000000000000   0.96102943708838
     6.0000000000000   0.96103693486150
     7.0000000000000   0.96104579622700
     8.0000000000000   0.96105602136555
     9.0000000000000   0.96106761048579
    10.0000000000000   0.96108056382437
     11.000000000000   0.96109488164609
     12.000000000000   0.96111056424391
     13.000000000000   0.96112761193915
     14.000000000000   0.96114602508150
     15.000000000000   0.96116580404922
     16.000000000000   0.96118694924923
     17.000000000000   0.96120946111726
     18.000000000000   0.96123334011800
     19.000000000000   0.96125858674528
     20.000000000000   0.96128520152221
     21.000000000000   0.96131318500140
     22.000000000000   0.96134253776511
     23.000000000000   0.96137326042551
     24.000000000000   0.96140535362486
     25.000000000000   0.96143881803574
     26.000000000000   0.96147365436131
     27.000000000000   0.96150986333553
     28.000000000000   0.96154744572345
     29.000000000000   0.96158640232148
     30.000000000000   0.96162673395769
     31.000000000000   0.96166844149208
     32.000000000000   0.96171152581691
     33.000000000000   0.96175598785704
     34.000000000000   0.96180182857026
     35.000000000000   0.96184904894764
     36.000000000000   0.96189765001391
     37.000000000000   0.96194763282784
     38.000000000000   0.96199899848263
     39.000000000000   0.96205174810634
     40.000000000000   0.96210588286230
     41.000000000000   0.96216140394957
     42.000000000000   0.96221831260340
     43.000000000000   0.96227661009572
     44.000000000000   0.96233629773558
     45.000000000000   0.96239737686976
     46.000000000000   0.96245984888321
     47.000000000000   0.96252371519966
     48.000000000000   0.96258897728216
     49.000000000000   0.96265563663368
     50.000000000000   0.96272369479772
     51.000000000000   0.96279315335895
     52.000000000000   0.96286401394386
     53.000000000000   0.96293627822140
     54.000000000000   0.96300994790376
     55.000000000000   0.96308502474701
     56.000000000000   0.96316151055188
     57.000000000000   0.96323940716456
     58.000000000000   0.96331871647746
     59.000000000000   0.96339944043005
     60.000000000000   0.96348158100970
     61.000000000000   0.96356514025262
     62.000000000000   0.96365012024469
     63.000000000000   0.96373652312247
     64.000000000000   0.96382435107415
     65.000000000000   0.96391360634055
     66.000000000000   0.96400429121620
     67.000000000000   0.96409640805038
     68.000000000000   0.96418995924827
     69.000000000000   0.96428494727207
     70.000000000000   0.96438137464225
     71.000000000000   0.96447924393871
     72.000000000000   0.96457855780214
     73.000000000000   0.96467931893528
     74.000000000000   0.96478153010435
     75.000000000000   0.96488519414040
     76.000000000000   0.96499031394084
     77.000000000000   0.96509689247092
     78.000000000000   0.96520493276534
     79.000000000000   0.96531443792983
     80.000000000000   0.96542541114291
     81.000000000000   0.96553785565758
     82.000000000000   0.96565177480316
     83.000000000000   0.96576717198716
     84.000000000000   0.96588405069726
     85.000000000000   0.96600241450328
     86.000000000000   0.96612226705934
     87.000000000000   0.96624361210598
     88.000000000000   0.96636645347244
     89.000000000000   0.96649079507903
     90.000000000000   0.96661664093950
     91.000000000000   0.96674399516363
     92.000000000000   0.96687286195983
     93.000000000000   0.96700324563786
     94.000000000000   0.96713515061166
     95.000000000000   0.96726858140233
     96.000000000000   0.96740354264115
     97.000000000000   0.96754003907282
     98.000000000000   0.96767807555872
     99.000000000000   0.96781765708041
    100.000000000000   0.96795878874318
    101.000000000000   0.96810147577985
    102.000000000000   0.96824572355464
    103.000000000000   0.96839153756722
    104.000000000000   0.96853892345699
    105.000000000000   0.96868788700749
     106.00000000000   0.96883843415099
     107.00000000000   0.96899057097336
     108.00000000000   0.96914430371905
     109.00000000000   0.96929963879638
     110.00000000000   0.96945658278302
     111.00000000000   0.96961514243175
     112.00000000000   0.96977532467646
     113.00000000000   0.96993713663841
     114.00000000000   0.97010058563289
     115.00000000000   0.97026567917603
     116.00000000000   0.97043242499209
     117.00000000000   0.97060083102103
     118.00000000000   0.97077090542641
     119.00000000000   0.97094265660381
     120.00000000000   0.97111609318953
     121.00000000000   0.97129122406984
     122.00000000000   0.97146805839062
     123.00000000000   0.97164660556758
     124.00000000000   0.97182687529693
     125.00000000000   0.97200887756669
     126.00000000000   0.97219262266858
     127.00000000000   0.97237812121054
     128.00000000000   0.97256538412995
     129.00000000000   0.97275442270763
     130.00000000000   0.97294524858252
     131.00000000000   0.97313787376734
     132.00000000000   0.97333231066505
     133.00000000000   0.97352857208633
     134.00000000000   0.97372667126806
     135.00000000000   0.97392662189297
     136.00000000000   0.97412843811043
     137.00000000000   0.97433213455859
     138.00000000000   0.97453772638784
     139.00000000000   0.97474522928587
     140.00000000000   0.97495465950421
     141.00000000000   0.97516603388669
     142.00000000000   0.97537936989963
     143.00000000000   0.97559468566422
     144.00000000000   0.97581199999101
     145.00000000000   0.97603133241689
     146.00000000000   0.97625270324471
     147.00000000000   0.97647613358568
     148.00000000000   0.97670164540500
     149.00000000000   0.97692926157082
     150.00000000000   0.97715900590695
     151.00000000000   0.97739090324969
     152.00000000000   0.97762497950910
     153.00000000000   0.97786126173526
     154.00000000000   0.97809977818987
     155.00000000000   0.97834055842389
     156.00000000000   0.97858363336185
     157.00000000000   0.97882903539337
     158.00000000000   0.97907679847290
     159.00000000000   0.97932695822848
     160.00000000000   0.97957955208056
     161.00000000000   0.97983461937208
     162.00000000000   0.98009220151122
     163.00000000000   0.98035234212818
     164.00000000000   0.98061508724801
     165.00000000000   0.98088048548137
     166.00000000000   0.98114858823568
     167.00000000000   0.98141944994941
     168.00000000000   0.98169312835271
     169.00000000000   0.98196968475827
     170.00000000000   0.98224918438674
     171.00000000000   0.98253169673208
     172.00000000000   0.98281729597318
     173.00000000000   0.98310606143908
     174.00000000000   0.98339807813712
     175.00000000000   0.98369343735475
     176.00000000000   0.98399223734850
     177.00000000000   0.98429458413662
     178.00000000000   0.98460059241572
     179.00000000000   0.98491038662704
     180.00000000000   0.98522410220482
     181.00000000000   0.98554188704819
     182.00000000000   0.98586390327102
     183.00000000000   0.98619032930111
     184.00000000000   0.98652136242617
     185.00000000000   0.98685722192013
     186.00000000000   0.98719815293900
     187.00000000000   0.98754443145612
     188.00000000000   0.98789637062545
     189.00000000000   0.98825432912317
     190.00000000000   0.98861872221859
     191.00000000000   0.98899003651857
     192.00000000000   0.98936884939974
     193.00000000000   0.98975585384580
     194.00000000000   0.99015188834335
     195.00000000000   0.99055796911883
     196.00000000000   0.99097531779173
     197.00000000000   0.99140537129646
     198.00000000000   0.99184975338136
     199.00000000000   0.99231018024831
     200.00000000000   0.99278827071786
     201.00000000000   0.99328523853154
     202.00000000000   0.99380146520579
     203.00000000000   0.99433598702131
     204.00000000000   0.99488597393656
     205.00000000000   0.99544631894150
     206.00000000000   0.99600947617116
     207.00000000000   0.99656566864392
     208.00000000000   0.99710352472101
     209.00000000000   0.99761110509016
     210.00000000000   0.99807717470281
     211.00000000000   0.99849249163138
     212.00000000000   0.99885085858941
     213.00000000000   0.99914972684550
     214.00000000000   0.99939024570529
     215.00000000000   0.99957678130421
     216.00000000000   0.99971604490373
     217.00000000000   0.99981603928843
     218.00000000000   0.99988503781047
     219.00000000000   0.99993076221956
     220.00000000000   0.99995984680840
     221.00000000000   0.99997759619165
     222.00000000000   0.99998798434509
     223.00000000000   0.99999381318951
     224.00000000000   0.99999694785100
     225.00000000000   0.99999856315879
     226.00000000000   0.99999936057168
     227.00000000000   0.99999973761702
     228.00000000000   0.99999990834928
     229.00000000000   0.99999998237579
     230.00000000000    1.0000000131052
     231.00000000000    1.0000000253167
     232.00000000000    1.0000000299616
     233.00000000000    1.0000000316527
     234.00000000000    1.0000000322420
     235.00000000000    1.0000000324384
     236.00000000000    1.0000000325011
     237.00000000000    1.0000000325203
     238.00000000000    1.0000000325259
     239.00000000000    1.0000000325274
     240.00000000000    1.0000000325278
     241.00000000000    1.0000000325280
     242.00000000000    1.0000000325280
     243.00000000000    1.0000000325280
     244.00000000000    1.0000000325280
     245.00000000000    1.0000000325280
     246.00000000000    1.0000000325280
     247.00000000000    1.0000000325280
     248.00000000000    1.0000000325280
     249.00000000000    1.0000000325280
     250.00000000000    1.0000000325280
     251.00000000000    1.0000000325280
     252.00000000000    1.0000000325280
     253.00000000000    1.0000000325280
     254.00000000000    1.0000000325280
     255.00000000000    1.0000000325280
     256.00000000000    1.0000000325280
     257.00000000000    1.0000000325280
     258.00000000000    1.0000000325280
     259.00000000000    1.0000000325280
     260.00000000000    1.0000000325280
     261.00000000000    1.0000000325280
     262.00000000000    1.0000000325280
     263.00000000000    1.0000000325280
     264.00000000000    1.0000000325280
     265.00000000000    1.0000000325280
     266.00000000000    1.0000000325280
     267.00000000000    1.0000000325280
     268.00000000000    1.0000000325280
     269.00000000000    1.0000000325280
     270.00000000000    1.0000000325280
     271.00000000000    1.0000000325280
     272.00000000000    1.0000000325280
     273.00000000000    1.0000000325280
     274.00000000000    1.0000000325280
     275.00000000000    1.0000000325280
     276.00000000000    1.0000000325280
     277.00000000000    1.0000000325280
     278.00000000000    1.0000000325280
     279.00000000000    1.0000000325280
     280.00000000000    1.0000000325280
     281.00000000000    1.0000000325280
     282.00000000000    1.0000000325280
     283.00000000000    1.0000000325280
     284.00000000000    1.0000000325280
     285.00000000000    1.0000000325280
     286.00000000000    1.0000000325280
     287.00000000000    1.0000000325280
     288.00000000000    1.0000000325280
     289.00000000000    1.0000000325280
     290.00000000000    1.0000000325280
     291.00000000000    1.0000000325280
     292.00000000000    1.0000000325280
     293.00000000000    1.0000000325280
     294.00000000000    1.0000000325280
     295.00000000000    1.0000000325280
     296.00000000000    1.0000000325280
     297.00000000000    1.0000000325280
     298.00000000000    1.0000000325280
     299.00000000000    1.0000000325280
     300.00000000000    1.0000000325280
     301.00000000000    1.0000000325280
     302.00000000000    1.0000000325280
     303.00000000000    1.0000000325280
     304.00000000000    1.0000000325280
     305.00000000000    1.0000000325280
     306.00000000000    1.0000000325280
     307.00000000000    1.0000000325280
     308.00000000000    1.0000000325280
     309.00000000000    1.0000000325280
     310.00000000000    1.0000000325280
     311.00000000000    1.0000000325280
     312.00000000000    1.0000000325280
     313.00000000000    1.0000000325280
     314.00000000000    1.0000000325280
     315.00000000000    1.0000000325280
     316.00000000000    1.0000000325280
     317.00000000000    1.0000000325280
     318.00000000000    1.0000000325280
     319.00000000000    1.0000000325280
     320.00000000000    1.0000000325280
     321.00000000000    1.0000000325280
     322.00000000000    1.0000000325280
     323.00000000000    1.0000000325280
     324.00000000000    1.0000000325280
     325.00000000000    1.0000000325280
     326.00000000000    1.0000000325280
     327.00000000000    1.0000000325280
     328.00000000000    1.0000000325280
     329.00000000000    1.0000000325280
     330.00000000000    1.0000000325280
     331.00000000000    1.0000000325280
     332.00000000000    1.0000000325280
     333.00000000000    1.0000000325280
     334.00000000000    1.0000000325280
     335.00000000000    1.0000000325280
     336.00000000000    1.0000000325280
     337.00000000000    1.0000000325280
     338.00000000000    1.0000000325280
     339.00000000000    1.0000000325280
     340.00000000000    1.0000000325280
     341.00000000000    1.0000000325280
     342.00000000000    1.0000000325280
     343.00000000000    1.0000000325280
     344.00000000000    1.0000000325280
     345.00000000000    1.0000000325280
     346.00000000000    1.0000000325280
     347.00000000000    1.0000000325280
     348.00000000000    1.0000000325280
     349.00000000000    1.0000000325280
     350.00000000000    1.0000000325280
     351.00000000000    1.0000000325280
     352.00000000000    1.0000000325280
     353.00000000000    1.0000000325280
     354.00000000000    1.0000000325280
     355.00000000000    1.0000000325280
     356.00000000000    1.0000000325280
     357.00000000000    1.0000000325280
     358.00000000000    1.0000000325280
     359.00000000000    1.0000000325280
     360.00000000000    1.0000000325280
     361.00000000000    1.0000000325280
     362.00000000000    1.0000000325280
     363.00000000000    1.0000000325280
     364.00000000000    1.0000000325280
     365.00000000000    1.0000000325280
     366.00000000000    1.0000000325280
     367.00000000000    1.0000000325280
     368.00000000000    1.0000000325280
     369.00000000000    1.0000000325280
     370.00000000000    1.0000000325280
     371.00000000000    1.0000000325280
     372.00000000000    1.0000000325280
     373.00000000000    1.0000000325280
     374.00000000000    1.0000000325280
     375.00000000000    1.0000000325280
     376.00000000000    1.0000000325280
     377.00000000000    1.0000000325280
     378.00000000000    1.0000000325280
     379.00000000000    1.0000000325280
     380.00000000000    1.0000000325280
     381.00000000000    1.0000000325280
     382.00000000000    1.0000000325280
     383.00000000000    1.0000000325280
     384.00000000000    1.0000000325280
     385.00000000000    1.0000000325280
     386.00000000000    1.0000000325280
     387.00000000000    1.0000000325280
     388.00000000000    1.0000000325280
     389.00000000000    1.0000000325280
     390.00000000000    1.0000000325280
     391.00000000000    1.0000000325280
     392.00000000000    1.0000000325280
     393.00000000000    1.0000000325280
     394.00000000000    1.0000000325280
     395.00000000000    1.0000000325280
     396.00000000000    1.0000000325280
     397.00000000000    1.0000000325280
     398.00000000000    1.0000000325280
     399.00000000000    1.0000000325280
     400.00000000000    1.0000000325280
     401.00000000000    1.0000000325280
     402.00000000000    1.0000000325280
     403.00000000000    1.0000000325280
     404.00000000000    1.0000000325280
     405.00000000000    1.0000000325280
     406.00000000000    1.0000000325280
     407.00000000000    1.0000000325280
     408.00000000000    1.0000000325280
     409.00000000000    1.0000000325280
     410.00000000000    1.0000000325280
     411.00000000000    1.0000000325280
     412.00000000000    1.0000000325280
     413.00000000000    1.0000000325280
     414.00000000000    1.0000000325280
     415.00000000000    1.0000000325280
     416.00000000000    1.0000000325280
     417.00000000000    1.0000000325280
     418.00000000000    1.0000000325280
     419.00000000000    1.0000000325280
     420.00000000000    1.0000000325280
     421.00000000000    1.0000000325280
     422.00000000000    1.0000000325280
     423.00000000000    1.0000000325280
     424.00000000000    1.0000000325280
     425.00000000000    1.0000000325280
     426.00000000000    1.0000000325280
     427.00000000000    1.0000000325280
     428.00000000000    1.0000000325280
     429.00000000000    1.0000000325280
     430.00000000000    1.0000000325280
     431.00000000000    1.0000000325280
     432.00000000000    1.0000000325280
     433.00000000000    1.0000000325280
     434.00000000000    1.0000000325280
     435.00000000000    1.0000000325280
     436.00000000000    1.0000000325280
     437.00000000000    1.0000000325280
     438.00000000000    1.0000000325280
     439.00000000000    1.0000000325280
     440.00000000000    1.0000000325280
     441.00000000000    1.0000000325280
     442.00000000000    1.0000000325280
     443.00000000000    1.0000000325280
     444.00000000000    1.0000000325280
     445.00000000000    1.0000000325280
     446.00000000000    1.0000000325280
     447.00000000000    1.0000000325280
     448.00000000000    1.0000000325280
     449.00000000000    1.0000000325280
     450.00000000000    1.0000000325280
     451.00000000000    1.0000000325280
     452.00000000000    1.0000000325280
     453.00000000000    1.0000000325280
     454.00000000000    1.0000000325280
     455.00000000000    1.0000000325280
     456.00000000000    1.0000000325280
     457.00000000000    1.0000000325280
     458.00000000000    1.0000000325280
     459.00000000000    1.0000000325280
     460.00000000000    1.0000000325280
     461.00000000000    1.0000000325280
     462.00000000000    1.0000000325280
     463.00000000000    1.0000000325280
     464.00000000000    1.0000000325280
     465.00000000000    1.0000000325280
     466.00000000000    1.0000000325280
     467.00000000000    1.0000000325280
     468.00000000000    1.0000000325280
     469.00000000000    1.0000000325280
     470.00000000000    1.0000000325280
     471.00000000000    1.0000000325280
     472.00000000000    1.0000000325280
     473.00000000000    1.0000000325280
     474.00000000000    1.0000000325280
     475.00000000000    1.0000000325280
     476.00000000000    1.0000000325280
     477.00000000000    1.0000000325280
     478.00000000000    1.0000000325280
     479.00000000000    1.0000000325280
     480.00000000000    1.0000000325280
     481.00000000000    1.0000000325280
     482.00000000000    1.0000000325280
     483.00000000000    1.0000000325280
     484.00000000000    1.0000000325280
     485.00000000000    1.0000000325280
     486.00000000000    1.0000000325280
     487.00000000000    1.0000000325280
     488.00000000000    1.0000000325280
     489.00000000000    1.0000000325280
     490.00000000000    1.0000000325280
     491.00000000000    1.0000000325280
     492.00000000000    1.0000000325280
     493.00000000000    1.0000000325280
     494.00000000000    1.0000000325280
     495.00000000000    1.0000000325280
     496.00000000000    1.0000000325280
     497.00000000000    1.0000000325280
     498.00000000000    1.0000000325280
     499.00000000000    1.0000000325280
     500.00000000000    1.0000000325280
