    -500.00000000000    1.0000000325280
    -499.00000000000    1.0000000325280
    -498.00000000000    1.0000000325280
    -497.00000000000    1.0000000325280
    -496.00000000000    1.0000000325280
    -495.00000000000    1.0000000325280
    -494.00000000000    1.0000000325280
    -493.00000000000    1.0000000325280
    -492.00000000000    1.0000000325280
    -491.00000000000    1.0000000325280
    -490.00000000000    1.0000000325280
    -489.00000000000    1.0000000325280
    -488.00000000000    1.0000000325280
    -487.00000000000    1.0000000325280
    -486.00000000000    1.0000000325280
    -485.00000000000    1.0000000325280
    -484.00000000000    1.0000000325280
    -483.00000000000    1.0000000325280
    -482.00000000000    1.0000000325280
    -481.00000000000    1.0000000325280
    -480.00000000000    1.0000000325280
    -479.00000000000    1.0000000325280
    -478.00000000000    1.0000000325280
    -477.00000000000    1.0000000325280
    -476.00000000000    1.0000000325280
    -475.00000000000    1.0000000325280
    -474.00000000000    1.0000000325280
    -473.00000000000    1.0000000325280
    -472.00000000000    1.0000000325280
    -471.00000000000    1.0000000325280
    -470.00000000000    1.0000000325280
    -469.00000000000    1.0000000325280
    -468.00000000000    1.0000000325280
    -467.00000000000    1.0000000325280
    -466.00000000000    1.0000000325280
    -465.00000000000    1.0000000325280
    -464.00000000000    1.0000000325280
    -463.00000000000    1.0000000325280
    -462.00000000000    1.0000000325280
    -461.00000000000    1.0000000325280
    -460.00000000000    1.0000000325280
    -459.00000000000    1.0000000325280
    -458.00000000000    1.0000000325280
    -457.00000000000    1.0000000325280
    -456.00000000000    1.0000000325280
    -455.00000000000    1.0000000325280
    -454.00000000000    1.0000000325280
    -453.00000000000    1.0000000325280
    -452.00000000000    1.0000000325280
    -451.00000000000    1.0000000325280
    -450.00000000000    1.0000000325280
    -449.00000000000    1.0000000325280
    -448.00000000000    1.0000000325280
    -447.00000000000    1.0000000325280
    -446.00000000000    1.0000000325280
    -445.00000000000    1.0000000325280
    -444.00000000000    1.0000000325280
    -443.00000000000    1.0000000325280
    -442.00000000000    1.0000000325280
    -441.00000000000    1.0000000325280
    -440.00000000000    1.0000000325280
    -439.00000000000    1.0000000325280
    -438.00000000000    1.0000000325280
    -437.00000000000    1.0000000325280
    -436.00000000000    1.0000000325280
    -435.00000000000    1.0000000325280
    -434.00000000000    1.0000000325280
    -433.00000000000    1.0000000325280
    -432.00000000000    1.0000000325280
    -431.00000000000    1.0000000325280
    -430.00000000000    1.0000000325280
    -429.00000000000    1.0000000325280
    -428.00000000000    1.0000000325280
    -427.00000000000    1.0000000325280
    -426.00000000000    1.0000000325280
    -425.00000000000    1.0000000325280
    -424.00000000000    1.0000000325280
    -423.00000000000    1.0000000325280
    -422.00000000000    1.0000000325280
    -421.00000000000    1.0000000325280
    -420.00000000000    1.0000000325280
    -419.00000000000    1.0000000325280
    -418.00000000000    1.0000000325280
    -417.00000000000    1.0000000325280
    -416.00000000000    1.0000000325280
    -415.00000000000    1.0000000325280
    -414.00000000000    1.0000000325280
    -413.00000000000    1.0000000325280
    -412.00000000000    1.0000000325280
    -411.00000000000    1.0000000325280
    -410.00000000000    1.0000000325280
    -409.00000000000    1.0000000325280
    -408.00000000000    1.0000000325280
    -407.00000000000    1.0000000325280
    -406.00000000000    1.0000000325280
    -405.00000000000    1.0000000325280
    -404.00000000000    1.0000000325280
    -403.00000000000    1.0000000325280
    -402.00000000000    1.0000000325280
    -401.00000000000    1.0000000325280
    -400.00000000000    1.0000000325280
    -399.00000000000    1.0000000325280
    -398.00000000000    1.0000000325280
    -397.00000000000    1.0000000325280
    -396.00000000000    1.0000000325280
    -395.00000000000    1.0000000325280
    -394.00000000000    1.0000000325280
    -393.00000000000    1.0000000325280
    -392.00000000000    1.0000000325280
    -391.00000000000    1.0000000325280
    -390.00000000000    1.0000000325280
    -389.00000000000    1.0000000325280
    -388.00000000000    1.0000000325280
    -387.00000000000    1.0000000325280
    -386.00000000000    1.0000000325280
    -385.00000000000    1.0000000325280
    -384.00000000000    1.0000000325280
    -383.00000000000    1.0000000325280
    -382.00000000000    1.0000000325280
    -381.00000000000    1.0000000325280
    -380.00000000000    1.0000000325280
    -379.00000000000    1.0000000325280
    -378.00000000000    1.0000000325280
    -377.00000000000    1.0000000325280
    -376.00000000000    1.0000000325280
    -375.00000000000    1.0000000325280
    -374.00000000000    1.0000000325280
    -373.00000000000    1.0000000325280
    -372.00000000000    1.0000000325280
    -371.00000000000    1.0000000325280
    -370.00000000000    1.0000000325280
    -369.00000000000    1.0000000325280
    -368.00000000000    1.0000000325280
    -367.00000000000    1.0000000325280
    -366.00000000000    1.0000000325280
    -365.00000000000    1.0000000325280
    -364.00000000000    1.0000000325280
    -363.00000000000    1.0000000325280
    -362.00000000000    1.0000000325280
    -361.00000000000    1.0000000325280
    -360.00000000000    1.0000000325280
    -359.00000000000    1.0000000325280
    -358.00000000000    1.0000000325280
    -357.00000000000    1.0000000325280
    -356.00000000000    1.0000000325280
    -355.00000000000    1.0000000325280
    -354.00000000000    1.0000000325280
    -353.00000000000    1.0000000325280
    -352.00000000000    1.0000000325280
    -351.00000000000    1.0000000325280
    -350.00000000000    1.0000000325280
    -349.00000000000    1.0000000325280
    -348.00000000000    1.0000000325280
    -347.00000000000    1.0000000325280
    -346.00000000000    1.0000000325280
    -345.00000000000    1.0000000325280
    -344.00000000000    1.0000000325280
    -343.00000000000    1.0000000325280
    -342.00000000000    1.0000000325280
    -341.00000000000    1.0000000325280
    -340.00000000000    1.0000000325280
    -339.00000000000    1.0000000325280
    -338.00000000000    1.0000000325280
    -337.00000000000    1.0000000325280
    -336.00000000000    1.0000000325280
    -335.00000000000    1.0000000325280
    -334.00000000000    1.0000000325280
    -333.00000000000    1.0000000325280
    -332.00000000000    1.0000000325280
    -331.00000000000    1.0000000325280
    -330.00000000000    1.0000000325280
    -329.00000000000    1.0000000325280
    -328.00000000000    1.0000000325280
    -327.00000000000    1.0000000325280
    -326.00000000000    1.0000000325280
    -325.00000000000    1.0000000325280
    -324.00000000000    1.0000000325280
    -323.00000000000    1.0000000325280
    -322.00000000000    1.0000000325280
    -321.00000000000    1.0000000325280
    -320.00000000000    1.0000000325280
    -319.00000000000    1.0000000325280
    -318.00000000000    1.0000000325280
    -317.00000000000    1.0000000325280
    -316.00000000000    1.0000000325280
    -315.00000000000    1.0000000325280
    -314.00000000000    1.0000000325280
    -313.00000000000    1.0000000325280
    -312.00000000000    1.0000000325280
    -311.00000000000    1.0000000325280
    -310.00000000000    1.0000000325280
    -309.00000000000    1.0000000325280
    -308.00000000000    1.0000000325280
    -307.00000000000    1.0000000325280
    -306.00000000000    1.0000000325280
    -305.00000000000    1.0000000325280
    -304.00000000000    1.0000000325280
    -303.00000000000    1.0000000325280
    -302.00000000000    1.0000000325280
    -301.00000000000    1.0000000325280
    -300.00000000000    1.0000000325280
    -299.00000000000    1.0000000325280
    -298.00000000000    1.0000000325280
    -297.00000000000    1.0000000325280
    -296.00000000000    1.0000000325280
    -295.00000000000    1.0000000325280
    -294.00000000000    1.0000000325280
    -293.00000000000    1.0000000325280
    -292.00000000000    1.0000000325280
    -291.00000000000    1.0000000325280
    -290.00000000000    1.0000000325280
    -289.00000000000    1.0000000325280
    -288.00000000000    1.0000000325280
    -287.00000000000    1.0000000325280
    -286.00000000000    1.0000000325280
    -285.00000000000    1.0000000325280
    -284.00000000000    1.0000000325280
    -283.00000000000    1.0000000325280
    -282.00000000000    1.0000000325280
    -281.00000000000    1.0000000325280
    -280.00000000000    1.0000000325280
    -279.00000000000    1.0000000325280
    -278.00000000000    1.0000000325280
    -277.00000000000    1.0000000325280
    -276.00000000000    1.0000000325280
    -275.00000000000    1.0000000325280
    -274.00000000000    1.0000000325280
    -273.00000000000    1.0000000325280
    -272.00000000000    1.0000000325280
    -271.00000000000    1.0000000325280
    -270.00000000000    1.0000000325280
    -269.00000000000    1.0000000325280
    -268.00000000000    1.0000000325280
    -267.00000000000    1.0000000325280
    -266.00000000000    1.0000000325280
    -265.00000000000    1.0000000325280
    -264.00000000000    1.0000000325280
    -263.00000000000    1.0000000325280
    -262.00000000000    1.0000000325280
    -261.00000000000    1.0000000325280
    -260.00000000000    1.0000000325280
    -259.00000000000    1.0000000325280
    -258.00000000000    1.0000000325280
    -257.00000000000    1.0000000325280
    -256.00000000000    1.0000000325280
    -255.00000000000    1.0000000325280
    -254.00000000000    1.0000000325280
    -253.00000000000    1.0000000325280
    -252.00000000000    1.0000000325280
    -251.00000000000    1.0000000325280
    -250.00000000000    1.0000000325280
    -249.00000000000    1.0000000325280
    -248.00000000000    1.0000000325280
    -247.00000000000    1.0000000325280
    -246.00000000000    1.0000000325280
    -245.00000000000    1.0000000325280
    -244.00000000000    1.0000000325280
    -243.00000000000    1.0000000325280
    -242.00000000000    1.0000000325280
    -241.00000000000    1.0000000325280
    -240.00000000000    1.0000000325280
    -239.00000000000    1.0000000325280
    -238.00000000000    1.0000000325280
    -237.00000000000    1.0000000325280
    -236.00000000000    1.0000000325280
    -235.00000000000    1.0000000325280
    -234.00000000000    1.0000000325280
    -233.00000000000    1.0000000325280
    -232.00000000000    1.0000000325280
    -231.00000000000    1.0000000325280
    -230.00000000000    1.0000000325280
    -229.00000000000    1.0000000325280
    -228.00000000000    1.0000000325280
    -227.00000000000    1.0000000325280
    -226.00000000000    1.0000000325280
    -225.00000000000    1.0000000325280
    -224.00000000000    1.0000000325280
    -223.00000000000    1.0000000325280
    -222.00000000000    1.0000000325280
    -221.00000000000    1.0000000325280
    -220.00000000000    1.0000000325280
    -219.00000000000    1.0000000325280
    -218.00000000000    1.0000000325280
    -217.00000000000    1.0000000325280
    -216.00000000000    1.0000000325280
    -215.00000000000    1.0000000325280
    -214.00000000000    1.0000000325280
    -213.00000000000    1.0000000325280
    -212.00000000000    1.0000000325280
    -211.00000000000    1.0000000325280
    -210.00000000000    1.0000000325280
    -209.00000000000    1.0000000325280
    -208.00000000000    1.0000000325280
    -207.00000000000    1.0000000325280
    -206.00000000000    1.0000000325280
    -205.00000000000    1.0000000325280
    -204.00000000000    1.0000000325280
    -203.00000000000    1.0000000325280
    -202.00000000000    1.0000000325280
    -201.00000000000    1.0000000325280
    -200.00000000000    1.0000000325280
    -199.00000000000    1.0000000325280
    -198.00000000000    1.0000000325280
    -197.00000000000    1.0000000325280
    -196.00000000000    1.0000000325280
    -195.00000000000    1.0000000325280
    -194.00000000000    1.0000000325280
    -193.00000000000    1.0000000325280
    -192.00000000000    1.0000000325280
    -191.00000000000    1.0000000325280
    -190.00000000000    1.0000000325280
    -189.00000000000    1.0000000325280
    -188.00000000000    1.0000000325280
    -187.00000000000    1.0000000325280
    -186.00000000000    1.0000000325280
    -185.00000000000    1.0000000325280
    -184.00000000000    1.0000000325279
    -183.00000000000    1.0000000325278
    -182.00000000000    1.0000000325271
    -181.00000000000    1.0000000325245
    -180.00000000000    1.0000000325154
    -179.00000000000    1.0000000324841
    -178.00000000000    1.0000000323815
    -177.00000000000    1.0000000320600
    -176.00000000000    1.0000000310954
    -175.00000000000    1.0000000283262
    -174.00000000000    1.0000000207176
    -173.00000000000    1.0000000007084
    -172.00000000000   0.99999995033890
    -171.00000000000   0.99999982895515
    -170.00000000000   0.99999954889097
    -169.00000000000   0.99999893014244
    -168.00000000000   0.99999762098059
    -167.00000000000   0.99999496780010
    -166.00000000000   0.99998981650197
    -165.00000000000   0.99998023270773
    -164.00000000000   0.99996314285548
    -163.00000000000   0.99993392517076
    -162.00000000000   0.99988601722245
    -161.00000000000   0.99981064757159
    -160.00000000000   0.99969682826449
    -159.00000000000   0.99953174384940
    -158.00000000000   0.99930162523283
    -157.00000000000   0.99899309915988
    -156.00000000000   0.99859487218220
    -155.00000000000   0.99809947776665
    -154.00000000000   0.99750473371163
    -153.00000000000   0.99681456437830
    -152.00000000000   0.99603895243312
    -151.00000000000   0.99519297495109
    -150.00000000000   0.99429509365058
    -149.00000000000   0.99336504098988
    -148.00000000000   0.99242171919907
    -147.00000000000   0.99148148945026
    -146.00000000000   0.99055709528349
    -145.00000000000   0.98965728894558
    -144.00000000000   0.98878706885692
    -143.00000000000   0.98794833320172
    -142.00000000000   0.98714072377039
    -141.00000000000   0.98636246474889
    -140.00000000000   0.98561106676294
    -139.00000000000   0.98488383860965
    -138.00000000000   0.98417820705183
    -137.00000000000   0.98349187978260
    -136.00000000000   0.98282289920856
    -135.00000000000   0.98216963170506
    -134.00000000000   0.98153072632097
    -133.00000000000   0.98090506473692
    -132.00000000000   0.98029171413362
    -131.00000000000   0.97968988770362
    -130.00000000000   0.97909891359313
    -129.00000000000   0.97851821125316
    -128.00000000000   0.97794727364061
    -127.00000000000   0.97738565378554
    -126.00000000000   0.97683295453348
    -125.00000000000   0.97628882058390
    -124.00000000000   0.97575293220265
    -123.00000000000   0.97522500017440
    -122.00000000000   0.97470476169116
    -121.00000000000   0.97419197696126
    -120.00000000000   0.97368642638228
    -119.00000000000   0.97318790816242
    -118.00000000000   0.97269623630274
    -117.00000000000   0.97221123887346
    -116.00000000000   0.97173275653176
    -115.00000000000   0.97126064123998
    -114.00000000000   0.97079475515121
    -113.00000000000   0.97033496963563
    -112.00000000000   0.96988116442608
    -111.00000000000   0.96943322686506
    -110.00000000000   0.96899105123857
    -109.00000000000   0.96855453818468
    -108.00000000000   0.96812359416660
    -107.00000000000   0.96769813100177
    -106.00000000000   0.96727806543972
   -105.000000000000   0.96686331878254
   -104.000000000000   0.96645381654291
   -103.000000000000   0.96604948813497
   -102.000000000000   0.96565026659434
   -101.000000000000   0.96525608832392
   -100.000000000000   0.96486689286269
    -99.000000000000   0.96448262267474
    -98.000000000000   0.96410322295672
    -97.000000000000   0.96372864146149
    -96.000000000000   0.96335882833644
    -95.000000000000   0.96299373597503
    -94.000000000000   0.96263331888015
    -93.000000000000   0.96227753353818
    -92.000000000000   0.96192633830289
    -91.000000000000   0.96157969328795
    -90.000000000000   0.96123756026758
    -89.000000000000   0.96089990258442
    -88.000000000000   0.96056668506400
    -87.000000000000   0.96023787393534
    -86.000000000000   0.95991343675699
    -85.000000000000   0.95959334234822
    -84.000000000000   0.95927756072480
    -83.000000000000   0.95896606303910
    -82.000000000000   0.95865882152407
    -81.000000000000   0.95835580944085
    -80.000000000000   0.95805700102974
    -79.000000000000   0.95776237146421
    -78.000000000000   0.95747189680777
    -77.000000000000   0.95718555397352
    -76.000000000000   0.95690332068601
    -75.000000000000   0.95662517544555
    -74.000000000000   0.95635109749442
    -73.000000000000   0.95608106678523
    -72.000000000000   0.95581506395091
    -71.000000000000   0.95555307027656
    -70.000000000000   0.95529506767275
    -69.000000000000   0.95504103865036
    -68.000000000000   0.95479096629680
    -67.000000000000   0.95454483425344
    -66.000000000000   0.95430262669438
    -65.000000000000   0.95406432830618
    -64.000000000000   0.95382992426880
    -63.000000000000   0.95359940023743
    -62.000000000000   0.95337274232528
    -61.000000000000   0.95314993708727
    -60.000000000000   0.95293097150451
    -59.000000000000   0.95271583296956
    -58.000000000000   0.95250450927242
    -57.000000000000   0.95229698858723
    -56.000000000000   0.95209325945957
    -55.000000000000   0.95189331079442
    -54.000000000000   0.95169713184467
    -53.000000000000   0.95150471220018
    -52.000000000000   0.95131604177736
    -51.000000000000   0.95113111080926
    -50.000000000000   0.95094990983605
    -49.000000000000   0.95077242969606
    -48.000000000000   0.95059866151710
    -47.000000000000   0.95042859670829
    -46.000000000000   0.95026222695221
    -45.000000000000   0.95009954419739
    -44.000000000000   0.94994054065120
    -43.000000000000   0.94978520877298
    -42.000000000000   0.94963354126758
    -41.000000000000   0.94948553107912
    -40.000000000000   0.94934117138503
    -39.000000000000   0.94920045559038
    -38.000000000000   0.94906337732248
    -37.000000000000   0.94892993042570
    -36.000000000000   0.94880010895650
    -35.000000000000   0.94867390717877
    -34.000000000000   0.94855131955925
    -33.000000000000   0.94843234076327
    -32.000000000000   0.94831696565066
    -31.000000000000   0.94820518927181
    -30.000000000000   0.94809700686394
    -29.000000000000   0.94799241384754
    -28.000000000000   0.94789140582297
    -27.000000000000   0.94779397856728
    -26.000000000000   0.94770012803105
    -25.000000000000   0.94760985033555
    -24.000000000000   0.94752314176989
    -23.000000000000   0.94743999878843
    -22.000000000000   0.94736041800826
    -21.000000000000   0.94728439620683
    -20.000000000000   0.94721193031971
    -19.000000000000   0.94714301743845
    -18.000000000000   0.94707765480860
    -17.000000000000   0.94701583982783
    -16.000000000000   0.94695757004415
    -15.000000000000   0.94690284315424
    -14.000000000000   0.94685165700193
    -13.000000000000   0.94680400957672
    -12.000000000000   0.94675989901246
    -11.000000000000   0.94671932358613
   -10.0000000000000   0.94668228171664
    -9.0000000000000   0.94664877196385
    -8.0000000000000   0.94661879302759
    -7.0000000000000   0.94659234374682
    -6.0000000000000   0.94656942309883
    -5.0000000000000   0.94655003019866
    -4.0000000000000   0.94653416429844
    -3.0000000000000   0.94652182478694
    -2.0000000000000   0.94651301118917
    -1.0000000000000   0.94650772316606
   0.   0.94650596051429
     1.0000000000000   0.94650772316606
     2.0000000000000   0.94651301118917
     3.0000000000000   0.94652182478694
     4.0000000000000   0.94653416429844
     5.0000000000000   0.94655003019866
     6.0000000000000   0.94656942309883
     7.0000000000000   0.94659234374682
     8.0000000000000   0.94661879302759
     9.0000000000000   0.94664877196385
    10.0000000000000   0.94668228171664
     11.000000000000   0.94671932358613
     12.000000000000   0.94675989901246
     13.000000000000   0.94680400957672
     14.000000000000   0.94685165700193
     15.000000000000   0.94690284315424
     16.000000000000   0.94695757004415
     17.000000000000   0.94701583982783
     18.000000000000   0.94707765480860
     19.000000000000   0.94714301743845
     20.000000000000   0.94721193031971
     21.000000000000   0.94728439620683
     22.000000000000   0.94736041800826
     23.000000000000   0.94743999878843
     24.000000000000   0.94752314176989
     25.000000000000   0.94760985033555
     26.000000000000   0.94770012803105
     27.000000000000   0.94779397856728
     28.000000000000   0.94789140582297
     29.000000000000   0.94799241384754
     30.000000000000   0.94809700686394
     31.000000000000   0.94820518927181
     32.000000000000   0.94831696565066
     33.000000000000   0.94843234076327
     34.000000000000   0.94855131955925
     35.000000000000   0.94867390717877
     36.000000000000   0.94880010895650
     37.000000000000   0.94892993042570
     38.000000000000   0.94906337732248
     39.000000000000   0.94920045559038
     40.000000000000   0.94934117138503
     41.000000000000   0.94948553107912
     42.000000000000   0.94963354126758
     43.000000000000   0.94978520877298
     44.000000000000   0.94994054065120
     45.000000000000   0.95009954419739
     46.000000000000   0.95026222695221
     47.000000000000   0.95042859670829
     48.000000000000   0.95059866151710
     49.000000000000   0.95077242969606
     50.000000000000   0.95094990983605
     51.000000000000   0.95113111080926
     52.000000000000   0.95131604177736
     53.000000000000   0.95150471220018
     54.000000000000   0.95169713184467
     55.000000000000   0.95189331079442
     56.000000000000   0.95209325945957
     57.000000000000   0.95229698858723
     58.000000000000   0.95250450927242
     59.000000000000   0.95271583296956
     60.000000000000   0.95293097150451
     61.000000000000   0.95314993708727
     62.000000000000   0.95337274232528
     63.000000000000   0.95359940023743
     64.000000000000   0.95382992426880
     65.000000000000   0.95406432830618
     66.000000000000   0.95430262669438
     67.000000000000   0.95454483425344
     68.000000000000   0.95479096629680
     69.000000000000   0.95504103865036
     70.000000000000   0.95529506767275
     71.000000000000   0.95555307027656
     72.000000000000   0.95581506395091
     73.000000000000   0.95608106678523
     74.000000000000   0.95635109749442
     75.000000000000   0.95662517544555
     76.000000000000   0.95690332068601
     77.000000000000   0.95718555397352
     78.000000000000   0.95747189680777
     79.000000000000   0.95776237146421
     80.000000000000   0.95805700102974
     81.000000000000   0.95835580944085
     82.000000000000   0.95865882152407
     83.000000000000   0.95896606303910
     84.000000000000   0.95927756072480
     85.000000000000   0.95959334234822
     86.000000000000   0.95991343675699
     87.000000000000   0.96023787393534
     88.000000000000   0.96056668506400
     89.000000000000   0.96089990258442
     90.000000000000   0.96123756026758
     91.000000000000   0.96157969328795
     92.000000000000   0.96192633830289
     93.000000000000   0.96227753353818
     94.000000000000   0.96263331888015
     95.000000000000   0.96299373597503
     96.000000000000   0.96335882833644
     97.000000000000   0.96372864146149
     98.000000000000   0.96410322295672
     99.000000000000   0.96448262267474
    100.000000000000   0.96486689286269
    101.000000000000   0.96525608832392
    102.000000000000   0.96565026659434
    103.000000000000   0.96604948813497
    104.000000000000   0.96645381654291
    105.000000000000   0.96686331878254
     106.00000000000   0.96727806543972
     107.00000000000   0.96769813100177
     108.00000000000   0.96812359416660
     109.00000000000   0.96855453818468
     110.00000000000   0.96899105123857
     111.00000000000   0.96943322686506
     112.00000000000   0.96988116442608
     113.00000000000   0.97033496963563
     114.00000000000   0.97079475515121
     115.00000000000   0.97126064123998
     116.00000000000   0.97173275653176
     117.00000000000   0.97221123887346
     118.00000000000   0.97269623630274
     119.00000000000   0.97318790816242
     120.00000000000   0.97368642638228
     121.00000000000   0.97419197696126
     122.00000000000   0.97470476169116
     123.00000000000   0.97522500017440
     124.00000000000   0.97575293220265
     125.00000000000   0.97628882058390
     126.00000000000   0.97683295453348
     127.00000000000   0.97738565378554
     128.00000000000   0.97794727364061
     129.00000000000   0.97851821125316
     130.00000000000   0.97909891359313
     131.00000000000   0.97968988770362
     132.00000000000   0.98029171413362
     133.00000000000   0.98090506473692
     134.00000000000   0.98153072632097
     135.00000000000   0.98216963170506
     136.00000000000   0.98282289920856
     137.00000000000   0.98349187978259
     138.00000000000   0.98417820705183
     139.00000000000   0.98488383860965
     140.00000000000   0.98561106676294
     141.00000000000   0.98636246474889
     142.00000000000   0.98714072377039
     143.00000000000   0.98794833320172
     144.00000000000   0.98878706885692
     145.00000000000   0.98965728894558
     146.00000000000   0.99055709528349
     147.00000000000   0.99148148945026
     148.00000000000   0.99242171919907
     149.00000000000   0.99336504098988
     150.00000000000   0.99429509365058
     151.00000000000   0.99519297495109
     152.00000000000   0.99603895243312
     153.00000000000   0.99681456437830
     154.00000000000   0.99750473371163
     155.00000000000   0.99809947776665
     156.00000000000   0.99859487218220
     157.00000000000   0.99899309915988
     158.00000000000   0.99930162523283
     159.00000000000   0.99953174384940
     160.00000000000   0.99969682826449
     161.00000000000   0.99981064757159
     162.00000000000   0.99988601722245
     163.00000000000   0.99993392517076
     164.00000000000   0.99996314285548
     165.00000000000   0.99998023270773
     166.00000000000   0.99998981650197
     167.00000000000   0.99999496780010
     168.00000000000   0.99999762098059
     169.00000000000   0.99999893014244
     170.00000000000   0.99999954889097
     171.00000000000   0.99999982895515
     172.00000000000   0.99999995033890
     173.00000000000    1.0000000007084
     174.00000000000    1.0000000207176
     175.00000000000    1.0000000283262
     176.00000000000    1.0000000310954
     177.00000000000    1.0000000320600
     178.00000000000    1.0000000323815
     179.00000000000    1.0000000324841
     180.00000000000    1.0000000325154
     181.00000000000    1.0000000325245
     182.00000000000    1.0000000325271
     183.00000000000    1.0000000325278
     184.00000000000    1.0000000325279
     185.00000000000    1.0000000325280
     186.00000000000    1.0000000325280
     187.00000000000    1.0000000325280
     188.00000000000    1.0000000325280
     189.00000000000    1.0000000325280
     190.00000000000    1.0000000325280
     191.00000000000    1.0000000325280
     192.00000000000    1.0000000325280
     193.00000000000    1.0000000325280
     194.00000000000    1.0000000325280
     195.00000000000    1.0000000325280
     196.00000000000    1.0000000325280
     197.00000000000    1.0000000325280
     198.00000000000    1.0000000325280
     199.00000000000    1.0000000325280
     200.00000000000    1.0000000325280
     201.00000000000    1.0000000325280
     202.00000000000    1.0000000325280
     203.00000000000    1.0000000325280
     204.00000000000    1.0000000325280
     205.00000000000    1.0000000325280
     206.00000000000    1.0000000325280
     207.00000000000    1.0000000325280
     208.00000000000    1.0000000325280
     209.00000000000    1.0000000325280
     210.00000000000    1.0000000325280
     211.00000000000    1.0000000325280
     212.00000000000    1.0000000325280
     213.00000000000    1.0000000325280
     214.00000000000    1.0000000325280
     215.00000000000    1.0000000325280
     216.00000000000    1.0000000325280
     217.00000000000    1.0000000325280
     218.00000000000    1.0000000325280
     219.00000000000    1.0000000325280
     220.00000000000    1.0000000325280
     221.00000000000    1.0000000325280
     222.00000000000    1.0000000325280
     223.00000000000    1.0000000325280
     224.00000000000    1.0000000325280
     225.00000000000    1.0000000325280
     226.00000000000    1.0000000325280
     227.00000000000    1.0000000325280
     228.00000000000    1.0000000325280
     229.00000000000    1.0000000325280
     230.00000000000    1.0000000325280
     231.00000000000    1.0000000325280
     232.00000000000    1.0000000325280
     233.00000000000    1.0000000325280
     234.00000000000    1.0000000325280
     235.00000000000    1.0000000325280
     236.00000000000    1.0000000325280
     237.00000000000    1.0000000325280
     238.00000000000    1.0000000325280
     239.00000000000    1.0000000325280
     240.00000000000    1.0000000325280
     241.00000000000    1.0000000325280
     242.00000000000    1.0000000325280
     243.00000000000    1.0000000325280
     244.00000000000    1.0000000325280
     245.00000000000    1.0000000325280
     246.00000000000    1.0000000325280
     247.00000000000    1.0000000325280
     248.00000000000    1.0000000325280
     249.00000000000    1.0000000325280
     250.00000000000    1.0000000325280
     251.00000000000    1.0000000325280
     252.00000000000    1.0000000325280
     253.00000000000    1.0000000325280
     254.00000000000    1.0000000325280
     255.00000000000    1.0000000325280
     256.00000000000    1.0000000325280
     257.00000000000    1.0000000325280
     258.00000000000    1.0000000325280
     259.00000000000    1.0000000325280
     260.00000000000    1.0000000325280
     261.00000000000    1.0000000325280
     262.00000000000    1.0000000325280
     263.00000000000    1.0000000325280
     264.00000000000    1.0000000325280
     265.00000000000    1.0000000325280
     266.00000000000    1.0000000325280
     267.00000000000    1.0000000325280
     268.00000000000    1.0000000325280
     269.00000000000    1.0000000325280
     270.00000000000    1.0000000325280
     271.00000000000    1.0000000325280
     272.00000000000    1.0000000325280
     273.00000000000    1.0000000325280
     274.00000000000    1.0000000325280
     275.00000000000    1.0000000325280
     276.00000000000    1.0000000325280
     277.00000000000    1.0000000325280
     278.00000000000    1.0000000325280
     279.00000000000    1.0000000325280
     280.00000000000    1.0000000325280
     281.00000000000    1.0000000325280
     282.00000000000    1.0000000325280
     283.00000000000    1.0000000325280
     284.00000000000    1.0000000325280
     285.00000000000    1.0000000325280
     286.00000000000    1.0000000325280
     287.00000000000    1.0000000325280
     288.00000000000    1.0000000325280
     289.00000000000    1.0000000325280
     290.00000000000    1.0000000325280
     291.00000000000    1.0000000325280
     292.00000000000    1.0000000325280
     293.00000000000    1.0000000325280
     294.00000000000    1.0000000325280
     295.00000000000    1.0000000325280
     296.00000000000    1.0000000325280
     297.00000000000    1.0000000325280
     298.00000000000    1.0000000325280
     299.00000000000    1.0000000325280
     300.00000000000    1.0000000325280
     301.00000000000    1.0000000325280
     302.00000000000    1.0000000325280
     303.00000000000    1.0000000325280
     304.00000000000    1.0000000325280
     305.00000000000    1.0000000325280
     306.00000000000    1.0000000325280
     307.00000000000    1.0000000325280
     308.00000000000    1.0000000325280
     309.00000000000    1.0000000325280
     310.00000000000    1.0000000325280
     311.00000000000    1.0000000325280
     312.00000000000    1.0000000325280
     313.00000000000    1.0000000325280
     314.00000000000    1.0000000325280
     315.00000000000    1.0000000325280
     316.00000000000    1.0000000325280
     317.00000000000    1.0000000325280
     318.00000000000    1.0000000325280
     319.00000000000    1.0000000325280
     320.00000000000    1.0000000325280
     321.00000000000    1.0000000325280
     322.00000000000    1.0000000325280
     323.00000000000    1.0000000325280
     324.00000000000    1.0000000325280
     325.00000000000    1.0000000325280
     326.00000000000    1.0000000325280
     327.00000000000    1.0000000325280
     328.00000000000    1.0000000325280
     329.00000000000    1.0000000325280
     330.00000000000    1.0000000325280
     331.00000000000    1.0000000325280
     332.00000000000    1.0000000325280
     333.00000000000    1.0000000325280
     334.00000000000    1.0000000325280
     335.00000000000    1.0000000325280
     336.00000000000    1.0000000325280
     337.00000000000    1.0000000325280
     338.00000000000    1.0000000325280
     339.00000000000    1.0000000325280
     340.00000000000    1.0000000325280
     341.00000000000    1.0000000325280
     342.00000000000    1.0000000325280
     343.00000000000    1.0000000325280
     344.00000000000    1.0000000325280
     345.00000000000    1.0000000325280
     346.00000000000    1.0000000325280
     347.00000000000    1.0000000325280
     348.00000000000    1.0000000325280
     349.00000000000    1.0000000325280
     350.00000000000    1.0000000325280
     351.00000000000    1.0000000325280
     352.00000000000    1.0000000325280
     353.00000000000    1.0000000325280
     354.00000000000    1.0000000325280
     355.00000000000    1.0000000325280
     356.00000000000    1.0000000325280
     357.00000000000    1.0000000325280
     358.00000000000    1.0000000325280
     359.00000000000    1.0000000325280
     360.00000000000    1.0000000325280
     361.00000000000    1.0000000325280
     362.00000000000    1.0000000325280
     363.00000000000    1.0000000325280
     364.00000000000    1.0000000325280
     365.00000000000    1.0000000325280
     366.00000000000    1.0000000325280
     367.00000000000    1.0000000325280
     368.00000000000    1.0000000325280
     369.00000000000    1.0000000325280
     370.00000000000    1.0000000325280
     371.00000000000    1.0000000325280
     372.00000000000    1.0000000325280
     373.00000000000    1.0000000325280
     374.00000000000    1.0000000325280
     375.00000000000    1.0000000325280
     376.00000000000    1.0000000325280
     377.00000000000    1.0000000325280
     378.00000000000    1.0000000325280
     379.00000000000    1.0000000325280
     380.00000000000    1.0000000325280
     381.00000000000    1.0000000325280
     382.00000000000    1.0000000325280
     383.00000000000    1.0000000325280
     384.00000000000    1.0000000325280
     385.00000000000    1.0000000325280
     386.00000000000    1.0000000325280
     387.00000000000    1.0000000325280
     388.00000000000    1.0000000325280
     389.00000000000    1.0000000325280
     390.00000000000    1.0000000325280
     391.00000000000    1.0000000325280
     392.00000000000    1.0000000325280
     393.00000000000    1.0000000325280
     394.00000000000    1.0000000325280
     395.00000000000    1.0000000325280
     396.00000000000    1.0000000325280
     397.00000000000    1.0000000325280
     398.00000000000    1.0000000325280
     399.00000000000    1.0000000325280
     400.00000000000    1.0000000325280
     401.00000000000    1.0000000325280
     402.00000000000    1.0000000325280
     403.00000000000    1.0000000325280
     404.00000000000    1.0000000325280
     405.00000000000    1.0000000325280
     406.00000000000    1.0000000325280
     407.00000000000    1.0000000325280
     408.00000000000    1.0000000325280
     409.00000000000    1.0000000325280
     410.00000000000    1.0000000325280
     411.00000000000    1.0000000325280
     412.00000000000    1.0000000325280
     413.00000000000    1.0000000325280
     414.00000000000    1.0000000325280
     415.00000000000    1.0000000325280
     416.00000000000    1.0000000325280
     417.00000000000    1.0000000325280
     418.00000000000    1.0000000325280
     419.00000000000    1.0000000325280
     420.00000000000    1.0000000325280
     421.00000000000    1.0000000325280
     422.00000000000    1.0000000325280
     423.00000000000    1.0000000325280
     424.00000000000    1.0000000325280
     425.00000000000    1.0000000325280
     426.00000000000    1.0000000325280
     427.00000000000    1.0000000325280
     428.00000000000    1.0000000325280
     429.00000000000    1.0000000325280
     430.00000000000    1.0000000325280
     431.00000000000    1.0000000325280
     432.00000000000    1.0000000325280
     433.00000000000    1.0000000325280
     434.00000000000    1.0000000325280
     435.00000000000    1.0000000325280
     436.00000000000    1.0000000325280
     437.00000000000    1.0000000325280
     438.00000000000    1.0000000325280
     439.00000000000    1.0000000325280
     440.00000000000    1.0000000325280
     441.00000000000    1.0000000325280
     442.00000000000    1.0000000325280
     443.00000000000    1.0000000325280
     444.00000000000    1.0000000325280
     445.00000000000    1.0000000325280
     446.00000000000    1.0000000325280
     447.00000000000    1.0000000325280
     448.00000000000    1.0000000325280
     449.00000000000    1.0000000325280
     450.00000000000    1.0000000325280
     451.00000000000    1.0000000325280
     452.00000000000    1.0000000325280
     453.00000000000    1.0000000325280
     454.00000000000    1.0000000325280
     455.00000000000    1.0000000325280
     456.00000000000    1.0000000325280
     457.00000000000    1.0000000325280
     458.00000000000    1.0000000325280
     459.00000000000    1.0000000325280
     460.00000000000    1.0000000325280
     461.00000000000    1.0000000325280
     462.00000000000    1.0000000325280
     463.00000000000    1.0000000325280
     464.00000000000    1.0000000325280
     465.00000000000    1.0000000325280
     466.00000000000    1.0000000325280
     467.00000000000    1.0000000325280
     468.00000000000    1.0000000325280
     469.00000000000    1.0000000325280
     470.00000000000    1.0000000325280
     471.00000000000    1.0000000325280
     472.00000000000    1.0000000325280
     473.00000000000    1.0000000325280
     474.00000000000    1.0000000325280
     475.00000000000    1.0000000325280
     476.00000000000    1.0000000325280
     477.00000000000    1.0000000325280
     478.00000000000    1.0000000325280
     479.00000000000    1.0000000325280
     480.00000000000    1.0000000325280
     481.00000000000    1.0000000325280
     482.00000000000    1.0000000325280
     483.00000000000    1.0000000325280
     484.00000000000    1.0000000325280
     485.00000000000    1.0000000325280
     486.00000000000    1.0000000325280
     487.00000000000    1.0000000325280
     488.00000000000    1.0000000325280
     489.00000000000    1.0000000325280
     490.00000000000    1.0000000325280
     491.00000000000    1.0000000325280
     492.00000000000    1.0000000325280
     493.00000000000    1.0000000325280
     494.00000000000    1.0000000325280
     495.00000000000    1.0000000325280
     496.00000000000    1.0000000325280
     497.00000000000    1.0000000325280
     498.00000000000    1.0000000325280
     499.00000000000    1.0000000325280
     500.00000000000    1.0000000325280
