    -500.00000000000    1.0000000325280
    -499.00000000000    1.0000000325280
    -498.00000000000    1.0000000325280
    -497.00000000000    1.0000000325280
    -496.00000000000    1.0000000325280
    -495.00000000000    1.0000000325280
    -494.00000000000    1.0000000325280
    -493.00000000000    1.0000000325280
    -492.00000000000    1.0000000325280
    -491.00000000000    1.0000000325280
    -490.00000000000    1.0000000325280
    -489.00000000000    1.0000000325280
    -488.00000000000    1.0000000325280
    -487.00000000000    1.0000000325280
    -486.00000000000    1.0000000325280
    -485.00000000000    1.0000000325280
    -484.00000000000    1.0000000325280
    -483.00000000000    1.0000000325280
    -482.00000000000    1.0000000325280
    -481.00000000000    1.0000000325280
    -480.00000000000    1.0000000325280
    -479.00000000000    1.0000000325280
    -478.00000000000    1.0000000325280
    -477.00000000000    1.0000000325280
    -476.00000000000    1.0000000325280
    -475.00000000000    1.0000000325280
    -474.00000000000    1.0000000325280
    -473.00000000000    1.0000000325280
    -472.00000000000    1.0000000325280
    -471.00000000000    1.0000000325280
    -470.00000000000    1.0000000325280
    -469.00000000000    1.0000000325280
    -468.00000000000    1.0000000325280
    -467.00000000000    1.0000000325280
    -466.00000000000    1.0000000325280
    -465.00000000000    1.0000000325280
    -464.00000000000    1.0000000325280
    -463.00000000000    1.0000000325280
    -462.00000000000    1.0000000325280
    -461.00000000000    1.0000000325280
    -460.00000000000    1.0000000325280
    -459.00000000000    1.0000000325280
    -458.00000000000    1.0000000325280
    -457.00000000000    1.0000000325280
    -456.00000000000    1.0000000325280
    -455.00000000000    1.0000000325280
    -454.00000000000    1.0000000325280
    -453.00000000000    1.0000000325280
    -452.00000000000    1.0000000325280
    -451.00000000000    1.0000000325280
    -450.00000000000    1.0000000325280
    -449.00000000000    1.0000000325280
    -448.00000000000    1.0000000325280
    -447.00000000000    1.0000000325280
    -446.00000000000    1.0000000325280
    -445.00000000000    1.0000000325280
    -444.00000000000    1.0000000325280
    -443.00000000000    1.0000000325280
    -442.00000000000    1.0000000325280
    -441.00000000000    1.0000000325280
    -440.00000000000    1.0000000325280
    -439.00000000000    1.0000000325280
    -438.00000000000    1.0000000325280
    -437.00000000000    1.0000000325280
    -436.00000000000    1.0000000325280
    -435.00000000000    1.0000000325280
    -434.00000000000    1.0000000325280
    -433.00000000000    1.0000000325280
    -432.00000000000    1.0000000325280
    -431.00000000000    1.0000000325280
    -430.00000000000    1.0000000325280
    -429.00000000000    1.0000000325280
    -428.00000000000    1.0000000325280
    -427.00000000000    1.0000000325280
    -426.00000000000    1.0000000325280
    -425.00000000000    1.0000000325280
    -424.00000000000    1.0000000325280
    -423.00000000000    1.0000000325280
    -422.00000000000    1.0000000325280
    -421.00000000000    1.0000000325280
    -420.00000000000    1.0000000325280
    -419.00000000000    1.0000000325280
    -418.00000000000    1.0000000325280
    -417.00000000000    1.0000000325280
    -416.00000000000    1.0000000325280
    -415.00000000000    1.0000000325280
    -414.00000000000    1.0000000325280
    -413.00000000000    1.0000000325280
    -412.00000000000    1.0000000325280
    -411.00000000000    1.0000000325280
    -410.00000000000    1.0000000325280
    -409.00000000000    1.0000000325280
    -408.00000000000    1.0000000325280
    -407.00000000000    1.0000000325280
    -406.00000000000    1.0000000325280
    -405.00000000000    1.0000000325280
    -404.00000000000    1.0000000325280
    -403.00000000000    1.0000000325280
    -402.00000000000    1.0000000325280
    -401.00000000000    1.0000000325280
    -400.00000000000    1.0000000325280
    -399.00000000000    1.0000000325280
    -398.00000000000    1.0000000325280
    -397.00000000000    1.0000000325280
    -396.00000000000    1.0000000325280
    -395.00000000000    1.0000000325280
    -394.00000000000    1.0000000325280
    -393.00000000000    1.0000000325280
    -392.00000000000    1.0000000325280
    -391.00000000000    1.0000000325280
    -390.00000000000    1.0000000325280
    -389.00000000000    1.0000000325280
    -388.00000000000    1.0000000325280
    -387.00000000000    1.0000000325280
    -386.00000000000    1.0000000325280
    -385.00000000000    1.0000000325280
    -384.00000000000    1.0000000325280
    -383.00000000000    1.0000000325280
    -382.00000000000    1.0000000325280
    -381.00000000000    1.0000000325280
    -380.00000000000    1.0000000325280
    -379.00000000000    1.0000000325280
    -378.00000000000    1.0000000325280
    -377.00000000000    1.0000000325280
    -376.00000000000    1.0000000325280
    -375.00000000000    1.0000000325280
    -374.00000000000    1.0000000325280
    -373.00000000000    1.0000000325280
    -372.00000000000    1.0000000325280
    -371.00000000000    1.0000000325280
    -370.00000000000    1.0000000325280
    -369.00000000000    1.0000000325280
    -368.00000000000    1.0000000325280
    -367.00000000000    1.0000000325280
    -366.00000000000    1.0000000325280
    -365.00000000000    1.0000000325280
    -364.00000000000    1.0000000325280
    -363.00000000000    1.0000000325280
    -362.00000000000    1.0000000325280
    -361.00000000000    1.0000000325280
    -360.00000000000    1.0000000325280
    -359.00000000000    1.0000000325280
    -358.00000000000    1.0000000325280
    -357.00000000000    1.0000000325280
    -356.00000000000    1.0000000325280
    -355.00000000000    1.0000000325280
    -354.00000000000    1.0000000325280
    -353.00000000000    1.0000000325280
    -352.00000000000    1.0000000325280
    -351.00000000000    1.0000000325280
    -350.00000000000    1.0000000325280
    -349.00000000000    1.0000000325280
    -348.00000000000    1.0000000325280
    -347.00000000000    1.0000000325280
    -346.00000000000    1.0000000325280
    -345.00000000000    1.0000000325280
    -344.00000000000    1.0000000325280
    -343.00000000000    1.0000000325280
    -342.00000000000    1.0000000325280
    -341.00000000000    1.0000000325280
    -340.00000000000    1.0000000325280
    -339.00000000000    1.0000000325280
    -338.00000000000    1.0000000325280
    -337.00000000000    1.0000000325280
    -336.00000000000    1.0000000325280
    -335.00000000000    1.0000000325280
    -334.00000000000    1.0000000325280
    -333.00000000000    1.0000000325280
    -332.00000000000    1.0000000325280
    -331.00000000000    1.0000000325280
    -330.00000000000    1.0000000325280
    -329.00000000000    1.0000000325280
    -328.00000000000    1.0000000325280
    -327.00000000000    1.0000000325280
    -326.00000000000    1.0000000325280
    -325.00000000000    1.0000000325280
    -324.00000000000    1.0000000325280
    -323.00000000000    1.0000000325280
    -322.00000000000    1.0000000325280
    -321.00000000000    1.0000000325280
    -320.00000000000    1.0000000325280
    -319.00000000000    1.0000000325280
    -318.00000000000    1.0000000325280
    -317.00000000000    1.0000000325280
    -316.00000000000    1.0000000325280
    -315.00000000000    1.0000000325280
    -314.00000000000    1.0000000325280
    -313.00000000000    1.0000000325280
    -312.00000000000    1.0000000325280
    -311.00000000000    1.0000000325280
    -310.00000000000    1.0000000325280
    -309.00000000000    1.0000000325280
    -308.00000000000    1.0000000325280
    -307.00000000000    1.0000000325280
    -306.00000000000    1.0000000325279
    -305.00000000000    1.0000000325276
    -304.00000000000    1.0000000325266
    -303.00000000000    1.0000000325229
    -302.00000000000    1.0000000325104
    -301.00000000000    1.0000000324693
    -300.00000000000    1.0000000323407
    -299.00000000000    1.0000000319549
    -298.00000000000    1.0000000308479
    -297.00000000000    1.0000000278082
    -296.00000000000    1.0000000198190
    -295.00000000000   0.99999999972024
    -294.00000000000   0.99999995131685
    -293.00000000000   0.99999983971543
    -292.00000000000   0.99999959333552
    -291.00000000000   0.99999907244837
    -290.00000000000   0.99999801768616
    -289.00000000000   0.99999597162805
    -288.00000000000   0.99999216863231
    -287.00000000000   0.99998539401932
    -286.00000000000   0.99997382444504
    -285.00000000000   0.99995487621933
    -284.00000000000   0.99992510429799
    -283.00000000000   0.99988020586557
    -282.00000000000   0.99981518141036
    -281.00000000000   0.99972468676618
    -280.00000000000   0.99960357044802
    -279.00000000000   0.99944753827584
    -278.00000000000   0.99925383628792
    -277.00000000000   0.99902181195260
    -276.00000000000   0.99875321834155
    -275.00000000000   0.99845217128852
    -274.00000000000   0.99812474596820
    -273.00000000000   0.99777828446557
    -272.00000000000   0.99742055282519
    -271.00000000000   0.99705891383019
    -270.00000000000   0.99669966362783
    -269.00000000000   0.99634762571621
    -268.00000000000   0.99600602539014
    -267.00000000000   0.99567660439255
    -266.00000000000   0.99535989572127
    -265.00000000000   0.99505556782557
    -264.00000000000   0.99476276097302
    -263.00000000000   0.99448036556953
    -262.00000000000   0.99420722124107
    -261.00000000000   0.99394223840359
    -260.00000000000   0.99368445746249
    -259.00000000000   0.99343306529541
    -258.00000000000   0.99318738706907
    -257.00000000000   0.99294686691013
    -256.00000000000   0.99271104595478
    -255.00000000000   0.99247954221429
    -254.00000000000   0.99225203394885
    -253.00000000000   0.99202824670955
    -252.00000000000   0.99180794353146
    -251.00000000000   0.99159091758307
    -250.00000000000   0.99137698663419
    -249.00000000000   0.99116598883919
    -248.00000000000   0.99095777946814
    -247.00000000000   0.99075222832736
    -246.00000000000   0.99054921768984
    -245.00000000000   0.99034864061030
    -244.00000000000   0.99015039953602
    -243.00000000000   0.98995440514911
    -242.00000000000   0.98976057539280
    -241.00000000000   0.98956883464564
    -240.00000000000   0.98937911301637
    -239.00000000000   0.98919134573769
    -238.00000000000   0.98900547264217
    -237.00000000000   0.98882143770681
    -236.00000000000   0.98863918865513
    -235.00000000000   0.98845867660814
    -234.00000000000   0.98827985577684
    -233.00000000000   0.98810268319023
    -232.00000000000   0.98792711845394
    -231.00000000000   0.98775312353517
    -230.00000000000   0.98758066257060
    -229.00000000000   0.98740970169423
    -228.00000000000   0.98724020888263
    -227.00000000000   0.98707215381550
    -226.00000000000   0.98690550774974
    -225.00000000000   0.98674024340531
    -224.00000000000   0.98657633486174
    -223.00000000000   0.98641375746390
    -222.00000000000   0.98625248773615
    -221.00000000000   0.98609250330391
    -220.00000000000   0.98593378282190
    -219.00000000000   0.98577630590832
    -218.00000000000   0.98562005308446
    -217.00000000000   0.98546500571910
    -216.00000000000   0.98531114597730
    -215.00000000000   0.98515845677313
    -214.00000000000   0.98500692172601
    -213.00000000000   0.98485652512030
    -212.00000000000   0.98470725186778
    -211.00000000000   0.98455908747297
    -210.00000000000   0.98441201800078
    -209.00000000000   0.98426603004649
    -208.00000000000   0.98412111070772
    -207.00000000000   0.98397724755838
    -206.00000000000   0.98383442862430
    -205.00000000000   0.98369264236043
    -204.00000000000   0.98355187762957
    -203.00000000000   0.98341212368245
    -202.00000000000   0.98327337013895
    -201.00000000000   0.98313560697065
    -200.00000000000   0.98299882448431
    -199.00000000000   0.98286301330639
    -198.00000000000   0.98272816436849
    -197.00000000000   0.98259426889364
    -196.00000000000   0.98246131838335
    -195.00000000000   0.98232930460545
    -194.00000000000   0.98219821958258
    -193.00000000000   0.98206805558128
    -192.00000000000   0.98193880510180
    -191.00000000000   0.98181046086831
    -190.00000000000   0.98168301581973
    -189.00000000000   0.98155646310103
    -188.00000000000   0.98143079605496
    -187.00000000000   0.98130600821422
    -186.00000000000   0.98118209329401
    -185.00000000000   0.98105904518503
    -184.00000000000   0.98093685794668
    -183.00000000000   0.98081552580079
    -182.00000000000   0.98069504312545
    -181.00000000000   0.98057540444932
    -180.00000000000   0.98045660444609
    -179.00000000000   0.98033863792922
    -178.00000000000   0.98022149984700
    -177.00000000000   0.98010518527775
    -176.00000000000   0.97998968942526
    -175.00000000000   0.97987500761449
    -174.00000000000   0.97976113528736
    -173.00000000000   0.97964806799886
    -172.00000000000   0.97953580141321
    -171.00000000000   0.97942433130023
    -170.00000000000   0.97931365353190
    -169.00000000000   0.97920376407903
    -168.00000000000   0.97909465900805
    -167.00000000000   0.97898633447799
    -166.00000000000   0.97887878673756
    -165.00000000000   0.97877201212234
    -164.00000000000   0.97866600705205
    -163.00000000000   0.97856076802803
    -162.00000000000   0.97845629163075
    -161.00000000000   0.97835257451740
    -160.00000000000   0.97824961341962
    -159.00000000000   0.97814740514130
    -158.00000000000   0.97804594655648
    -157.00000000000   0.97794523460730
    -156.00000000000   0.97784526630205
    -155.00000000000   0.97774603871330
    -154.00000000000   0.97764754897606
    -153.00000000000   0.97754979428607
    -152.00000000000   0.97745277189810
    -151.00000000000   0.97735647912431
    -150.00000000000   0.97726091333274
    -149.00000000000   0.97716607194576
    -148.00000000000   0.97707195243863
    -147.00000000000   0.97697855233811
    -146.00000000000   0.97688586922110
    -145.00000000000   0.97679390071332
    -144.00000000000   0.97670264448809
    -143.00000000000   0.97661209826506
    -142.00000000000   0.97652225980908
    -141.00000000000   0.97643312692904
    -140.00000000000   0.97634469747678
    -139.00000000000   0.97625696934603
    -138.00000000000   0.97616994047137
    -137.00000000000   0.97608360882724
    -136.00000000000   0.97599797242700
    -135.00000000000   0.97591302932199
    -134.00000000000   0.97582877760062
    -133.00000000000   0.97574521538747
    -132.00000000000   0.97566234084253
    -131.00000000000   0.97558015216033
    -130.00000000000   0.97549864756911
    -129.00000000000   0.97541782533012
    -128.00000000000   0.97533768373687
    -127.00000000000   0.97525822111437
    -126.00000000000   0.97517943581844
    -125.00000000000   0.97510132623505
    -124.00000000000   0.97502389077968
    -123.00000000000   0.97494712789666
    -122.00000000000   0.97487103605850
    -121.00000000000   0.97479561376536
    -120.00000000000   0.97472085954450
    -119.00000000000   0.97464677194966
    -118.00000000000   0.97457334956040
    -117.00000000000   0.97450059098174
    -116.00000000000   0.97442849484367
    -115.00000000000   0.97435705980052
    -114.00000000000   0.97428628453036
    -113.00000000000   0.97421616773478
    -112.00000000000   0.97414670813845
    -111.00000000000   0.97407790448843
    -110.00000000000   0.97400975555373
    -109.00000000000   0.97394226012507
    -108.00000000000   0.97387541701459
    -107.00000000000   0.97380922505519
    -106.00000000000   0.97374368309993
   -105.000000000000   0.97367879002206
   -104.000000000000   0.97361454471483
   -103.000000000000   0.97355094609066
   -102.000000000000   0.97348799308063
   -101.000000000000   0.97342568463457
   -100.000000000000   0.97336401972106
    -99.000000000000   0.97330299732652
    -98.000000000000   0.97324261645455
    -97.000000000000   0.97318287612625
    -96.000000000000   0.97312377538033
    -95.000000000000   0.97306531327224
    -94.000000000000   0.97300748887323
    -93.000000000000   0.97295030127080
    -92.000000000000   0.97289374956919
    -91.000000000000   0.97283783288839
    -90.000000000000   0.97278255036291
    -89.000000000000   0.97272790114232
    -88.000000000000   0.97267388439215
    -87.000000000000   0.97262049929290
    -86.000000000000   0.97256774503848
    -85.000000000000   0.97251562083659
    -84.000000000000   0.97246412591017
    -83.000000000000   0.97241325949665
    -82.000000000000   0.97236302084583
    -81.000000000000   0.97231340922003
    -80.000000000000   0.97226442389609
    -79.000000000000   0.97221606416504
    -78.000000000000   0.97216832932951
    -77.000000000000   0.97212121870331
    -76.000000000000   0.97207473161391
    -75.000000000000   0.97202886740292
    -74.000000000000   0.97198362542308
    -73.000000000000   0.97193900503692
    -72.000000000000   0.97189500561957
    -71.000000000000   0.97185162656038
    -70.000000000000   0.97180886725974
    -69.000000000000   0.97176672712656
    -68.000000000000   0.97172520558096
    -67.000000000000   0.97168430205728
    -66.000000000000   0.97164401600132
    -65.000000000000   0.97160434686639
    -64.000000000000   0.97156529411527
    -63.000000000000   0.97152685722469
    -62.000000000000   0.97148903568369
    -61.000000000000   0.97145182898833
    -60.000000000000   0.97141523664212
    -59.000000000000   0.97137925816172
    -58.000000000000   0.97134389307724
    -57.000000000000   0.97130914092603
    -56.000000000000   0.97127500125088
    -55.000000000000   0.97124147360618
    -54.000000000000   0.97120855756083
    -53.000000000000   0.97117625269210
    -52.000000000000   0.97114455858107
    -51.000000000000   0.97111347481800
    -50.000000000000   0.97108300100826
    -49.000000000000   0.97105313676756
    -48.000000000000   0.97102388171459
    -47.000000000000   0.97099523547422
    -46.000000000000   0.97096719768600
    -45.000000000000   0.97093976800232
    -44.000000000000   0.97091294607895
    -43.000000000000   0.97088673157475
    -42.000000000000   0.97086112416144
    -41.000000000000   0.97083612352594
    -40.000000000000   0.97081172936052
    -39.000000000000   0.97078794135797
    -38.000000000000   0.97076475922071
    -37.000000000000   0.97074218266784
    -36.000000000000   0.97072021142711
    -35.000000000000   0.97069884522555
    -34.000000000000   0.97067808379561
    -33.000000000000   0.97065792688626
    -32.000000000000   0.97063837425908
    -31.000000000000   0.97061942567572
    -30.000000000000   0.97060108089886
    -29.000000000000   0.97058333970544
    -28.000000000000   0.97056620188862
    -27.000000000000   0.97054966724462
    -26.000000000000   0.97053373556731
    -25.000000000000   0.97051840666050
    -24.000000000000   0.97050368034641
    -23.000000000000   0.97048955645499
    -22.000000000000   0.97047603481252
    -21.000000000000   0.97046311524976
    -20.000000000000   0.97045079761558
    -19.000000000000   0.97043908177188
    -18.000000000000   0.97042796757838
    -17.000000000000   0.97041745489392
    -16.000000000000   0.97040754359234
    -15.000000000000   0.97039823356502
    -14.000000000000   0.97038952470532
    -13.000000000000   0.97038141690197
    -12.000000000000   0.97037391005336
    -11.000000000000   0.97036700407763
   -10.0000000000000   0.97036069890081
    -9.0000000000000   0.97035499444347
    -8.0000000000000   0.97034989062941
    -7.0000000000000   0.97034538740133
    -6.0000000000000   0.97034148471590
    -5.0000000000000   0.97033818252679
    -4.0000000000000   0.97033548078523
    -3.0000000000000   0.97033337945730
    -2.0000000000000   0.97033187852771
    -1.0000000000000   0.97033097798332
   0.   0.97033067780525
     1.0000000000000   0.97033097798332
     2.0000000000000   0.97033187852771
     3.0000000000000   0.97033337945730
     4.0000000000000   0.97033548078523
     5.0000000000000   0.97033818252679
     6.0000000000000   0.97034148471590
     7.0000000000000   0.97034538740133
     8.0000000000000   0.97034989062941
     9.0000000000000   0.97035499444347
    10.0000000000000   0.97036069890081
     11.000000000000   0.97036700407763
     12.000000000000   0.97037391005336
     13.000000000000   0.97038141690197
     14.000000000000   0.97038952470532
     15.000000000000   0.97039823356502
     16.000000000000   0.97040754359233
     17.000000000000   0.97041745489392
     18.000000000000   0.97042796757838
     19.000000000000   0.97043908177188
     20.000000000000   0.97045079761558
     21.000000000000   0.97046311524976
     22.000000000000   0.97047603481252
     23.000000000000   0.97048955645499
     24.000000000000   0.97050368034641
     25.000000000000   0.97051840666050
     26.000000000000   0.97053373556731
     27.000000000000   0.97054966724462
     28.000000000000   0.97056620188862
     29.000000000000   0.97058333970544
     30.000000000000   0.97060108089886
     31.000000000000   0.97061942567572
     32.000000000000   0.97063837425908
     33.000000000000   0.97065792688626
     34.000000000000   0.97067808379561
     35.000000000000   0.97069884522555
     36.000000000000   0.97072021142711
     37.000000000000   0.97074218266784
     38.000000000000   0.97076475922071
     39.000000000000   0.97078794135797
     40.000000000000   0.97081172936052
     41.000000000000   0.97083612352594
     42.000000000000   0.97086112416144
     43.000000000000   0.97088673157475
     44.000000000000   0.97091294607895
     45.000000000000   0.97093976800232
     46.000000000000   0.97096719768600
     47.000000000000   0.97099523547422
     48.000000000000   0.97102388171459
     49.000000000000   0.97105313676756
     50.000000000000   0.97108300100826
     51.000000000000   0.97111347481800
     52.000000000000   0.97114455858107
     53.000000000000   0.97117625269210
     54.000000000000   0.97120855756083
     55.000000000000   0.97124147360618
     56.000000000000   0.97127500125088
     57.000000000000   0.97130914092603
     58.000000000000   0.97134389307724
     59.000000000000   0.97137925816172
     60.000000000000   0.97141523664212
     61.000000000000   0.97145182898833
     62.000000000000   0.97148903568369
     63.000000000000   0.97152685722469
     64.000000000000   0.97156529411527
     65.000000000000   0.97160434686639
     66.000000000000   0.97164401600132
     67.000000000000   0.97168430205728
     68.000000000000   0.97172520558096
     69.000000000000   0.97176672712656
     70.000000000000   0.97180886725974
     71.000000000000   0.97185162656038
     72.000000000000   0.97189500561957
     73.000000000000   0.97193900503692
     74.000000000000   0.97198362542308
     75.000000000000   0.97202886740292
     76.000000000000   0.97207473161391
     77.000000000000   0.97212121870331
     78.000000000000   0.97216832932951
     79.000000000000   0.97221606416504
     80.000000000000   0.97226442389609
     81.000000000000   0.97231340922003
     82.000000000000   0.97236302084583
     83.000000000000   0.97241325949665
     84.000000000000   0.97246412591017
     85.000000000000   0.97251562083659
     86.000000000000   0.97256774503848
     87.000000000000   0.97262049929290
     88.000000000000   0.97267388439215
     89.000000000000   0.97272790114232
     90.000000000000   0.97278255036291
     91.000000000000   0.97283783288839
     92.000000000000   0.97289374956919
     93.000000000000   0.97295030127080
     94.000000000000   0.97300748887323
     95.000000000000   0.97306531327224
     96.000000000000   0.97312377538033
     97.000000000000   0.97318287612625
     98.000000000000   0.97324261645455
     99.000000000000   0.97330299732652
    100.000000000000   0.97336401972106
    101.000000000000   0.97342568463457
    102.000000000000   0.97348799308063
    103.000000000000   0.97355094609066
    104.000000000000   0.97361454471483
    105.000000000000   0.97367879002206
     106.00000000000   0.97374368309993
     107.00000000000   0.97380922505519
     108.00000000000   0.97387541701459
     109.00000000000   0.97394226012507
     110.00000000000   0.97400975555373
     111.00000000000   0.97407790448843
     112.00000000000   0.97414670813845
     113.00000000000   0.97421616773478
     114.00000000000   0.97428628453036
     115.00000000000   0.97435705980052
     116.00000000000   0.97442849484367
     117.00000000000   0.97450059098174
     118.00000000000   0.97457334956040
     119.00000000000   0.97464677194966
     120.00000000000   0.97472085954450
     121.00000000000   0.97479561376536
     122.00000000000   0.97487103605850
     123.00000000000   0.97494712789666
     124.00000000000   0.97502389077968
     125.00000000000   0.97510132623505
     126.00000000000   0.97517943581844
     127.00000000000   0.97525822111437
     128.00000000000   0.97533768373687
     129.00000000000   0.97541782533012
     130.00000000000   0.97549864756911
     131.00000000000   0.97558015216033
     132.00000000000   0.97566234084253
     133.00000000000   0.97574521538747
     134.00000000000   0.97582877760062
     135.00000000000   0.97591302932199
     136.00000000000   0.97599797242700
     137.00000000000   0.97608360882724
     138.00000000000   0.97616994047137
     139.00000000000   0.97625696934603
     140.00000000000   0.97634469747678
     141.00000000000   0.97643312692904
     142.00000000000   0.97652225980908
     143.00000000000   0.97661209826506
     144.00000000000   0.97670264448809
     145.00000000000   0.97679390071332
     146.00000000000   0.97688586922110
     147.00000000000   0.97697855233811
     148.00000000000   0.97707195243863
     149.00000000000   0.97716607194576
     150.00000000000   0.97726091333274
     151.00000000000   0.97735647912431
     152.00000000000   0.97745277189810
     153.00000000000   0.97754979428607
     154.00000000000   0.97764754897606
     155.00000000000   0.97774603871330
     156.00000000000   0.97784526630205
     157.00000000000   0.97794523460730
     158.00000000000   0.97804594655648
     159.00000000000   0.97814740514130
     160.00000000000   0.97824961341962
     161.00000000000   0.97835257451740
     162.00000000000   0.97845629163075
     163.00000000000   0.97856076802803
     164.00000000000   0.97866600705205
     165.00000000000   0.97877201212234
     166.00000000000   0.97887878673756
     167.00000000000   0.97898633447799
     168.00000000000   0.97909465900804
     169.00000000000   0.97920376407903
     170.00000000000   0.97931365353190
     171.00000000000   0.97942433130023
     172.00000000000   0.97953580141321
     173.00000000000   0.97964806799886
     174.00000000000   0.97976113528736
     175.00000000000   0.97987500761449
     176.00000000000   0.97998968942526
     177.00000000000   0.98010518527775
     178.00000000000   0.98022149984700
     179.00000000000   0.98033863792922
     180.00000000000   0.98045660444609
     181.00000000000   0.98057540444932
     182.00000000000   0.98069504312545
     183.00000000000   0.98081552580079
     184.00000000000   0.98093685794668
     185.00000000000   0.98105904518503
     186.00000000000   0.98118209329401
     187.00000000000   0.98130600821422
     188.00000000000   0.98143079605496
     189.00000000000   0.98155646310103
     190.00000000000   0.98168301581973
     191.00000000000   0.98181046086831
     192.00000000000   0.98193880510180
     193.00000000000   0.98206805558128
     194.00000000000   0.98219821958258
     195.00000000000   0.98232930460545
     196.00000000000   0.98246131838335
     197.00000000000   0.98259426889364
     198.00000000000   0.98272816436849
     199.00000000000   0.98286301330639
     200.00000000000   0.98299882448431
     201.00000000000   0.98313560697065
     202.00000000000   0.98327337013895
     203.00000000000   0.98341212368245
     204.00000000000   0.98355187762957
     205.00000000000   0.98369264236043
     206.00000000000   0.98383442862430
     207.00000000000   0.98397724755838
     208.00000000000   0.98412111070772
     209.00000000000   0.98426603004649
     210.00000000000   0.98441201800078
     211.00000000000   0.98455908747297
     212.00000000000   0.98470725186778
     213.00000000000   0.98485652512029
     214.00000000000   0.98500692172601
     215.00000000000   0.98515845677313
     216.00000000000   0.98531114597730
     217.00000000000   0.98546500571910
     218.00000000000   0.98562005308446
     219.00000000000   0.98577630590832
     220.00000000000   0.98593378282190
     221.00000000000   0.98609250330391
     222.00000000000   0.98625248773615
     223.00000000000   0.98641375746390
     224.00000000000   0.98657633486174
     225.00000000000   0.98674024340531
     226.00000000000   0.98690550774973
     227.00000000000   0.98707215381550
     228.00000000000   0.98724020888263
     229.00000000000   0.98740970169423
     230.00000000000   0.98758066257060
     231.00000000000   0.98775312353517
     232.00000000000   0.98792711845394
     233.00000000000   0.98810268319023
     234.00000000000   0.98827985577684
     235.00000000000   0.98845867660814
     236.00000000000   0.98863918865513
     237.00000000000   0.98882143770681
     238.00000000000   0.98900547264217
     239.00000000000   0.98919134573769
     240.00000000000   0.98937911301637
     241.00000000000   0.98956883464564
     242.00000000000   0.98976057539280
     243.00000000000   0.98995440514911
     244.00000000000   0.99015039953602
     245.00000000000   0.99034864061030
     246.00000000000   0.99054921768984
     247.00000000000   0.99075222832736
     248.00000000000   0.99095777946814
     249.00000000000   0.99116598883919
     250.00000000000   0.99137698663419
     251.00000000000   0.99159091758307
     252.00000000000   0.99180794353146
     253.00000000000   0.99202824670955
     254.00000000000   0.99225203394885
     255.00000000000   0.99247954221429
     256.00000000000   0.99271104595477
     257.00000000000   0.99294686691013
     258.00000000000   0.99318738706907
     259.00000000000   0.99343306529541
     260.00000000000   0.99368445746249
     261.00000000000   0.99394223840359
     262.00000000000   0.99420722124107
     263.00000000000   0.99448036556953
     264.00000000000   0.99476276097302
     265.00000000000   0.99505556782557
     266.00000000000   0.99535989572127
     267.00000000000   0.99567660439255
     268.00000000000   0.99600602539014
     269.00000000000   0.99634762571621
     270.00000000000   0.99669966362783
     271.00000000000   0.99705891383019
     272.00000000000   0.99742055282519
     273.00000000000   0.99777828446557
     274.00000000000   0.99812474596820
     275.00000000000   0.99845217128852
     276.00000000000   0.99875321834155
     277.00000000000   0.99902181195260
     278.00000000000   0.99925383628792
     279.00000000000   0.99944753827584
     280.00000000000   0.99960357044802
     281.00000000000   0.99972468676618
     282.00000000000   0.99981518141036
     283.00000000000   0.99988020586557
     284.00000000000   0.99992510429799
     285.00000000000   0.99995487621933
     286.00000000000   0.99997382444504
     287.00000000000   0.99998539401932
     288.00000000000   0.99999216863231
     289.00000000000   0.99999597162805
     290.00000000000   0.99999801768616
     291.00000000000   0.99999907244837
     292.00000000000   0.99999959333552
     293.00000000000   0.99999983971543
     294.00000000000   0.99999995131685
     295.00000000000   0.99999999972024
     296.00000000000    1.0000000198190
     297.00000000000    1.0000000278082
     298.00000000000    1.0000000308479
     299.00000000000    1.0000000319549
     300.00000000000    1.0000000323407
     301.00000000000    1.0000000324693
     302.00000000000    1.0000000325104
     303.00000000000    1.0000000325229
     304.00000000000    1.0000000325266
     305.00000000000    1.0000000325276
     306.00000000000    1.0000000325279
     307.00000000000    1.0000000325280
     308.00000000000    1.0000000325280
     309.00000000000    1.0000000325280
     310.00000000000    1.0000000325280
     311.00000000000    1.0000000325280
     312.00000000000    1.0000000325280
     313.00000000000    1.0000000325280
     314.00000000000    1.0000000325280
     315.00000000000    1.0000000325280
     316.00000000000    1.0000000325280
     317.00000000000    1.0000000325280
     318.00000000000    1.0000000325280
     319.00000000000    1.0000000325280
     320.00000000000    1.0000000325280
     321.00000000000    1.0000000325280
     322.00000000000    1.0000000325280
     323.00000000000    1.0000000325280
     324.00000000000    1.0000000325280
     325.00000000000    1.0000000325280
     326.00000000000    1.0000000325280
     327.00000000000    1.0000000325280
     328.00000000000    1.0000000325280
     329.00000000000    1.0000000325280
     330.00000000000    1.0000000325280
     331.00000000000    1.0000000325280
     332.00000000000    1.0000000325280
     333.00000000000    1.0000000325280
     334.00000000000    1.0000000325280
     335.00000000000    1.0000000325280
     336.00000000000    1.0000000325280
     337.00000000000    1.0000000325280
     338.00000000000    1.0000000325280
     339.00000000000    1.0000000325280
     340.00000000000    1.0000000325280
     341.00000000000    1.0000000325280
     342.00000000000    1.0000000325280
     343.00000000000    1.0000000325280
     344.00000000000    1.0000000325280
     345.00000000000    1.0000000325280
     346.00000000000    1.0000000325280
     347.00000000000    1.0000000325280
     348.00000000000    1.0000000325280
     349.00000000000    1.0000000325280
     350.00000000000    1.0000000325280
     351.00000000000    1.0000000325280
     352.00000000000    1.0000000325280
     353.00000000000    1.0000000325280
     354.00000000000    1.0000000325280
     355.00000000000    1.0000000325280
     356.00000000000    1.0000000325280
     357.00000000000    1.0000000325280
     358.00000000000    1.0000000325280
     359.00000000000    1.0000000325280
     360.00000000000    1.0000000325280
     361.00000000000    1.0000000325280
     362.00000000000    1.0000000325280
     363.00000000000    1.0000000325280
     364.00000000000    1.0000000325280
     365.00000000000    1.0000000325280
     366.00000000000    1.0000000325280
     367.00000000000    1.0000000325280
     368.00000000000    1.0000000325280
     369.00000000000    1.0000000325280
     370.00000000000    1.0000000325280
     371.00000000000    1.0000000325280
     372.00000000000    1.0000000325280
     373.00000000000    1.0000000325280
     374.00000000000    1.0000000325280
     375.00000000000    1.0000000325280
     376.00000000000    1.0000000325280
     377.00000000000    1.0000000325280
     378.00000000000    1.0000000325280
     379.00000000000    1.0000000325280
     380.00000000000    1.0000000325280
     381.00000000000    1.0000000325280
     382.00000000000    1.0000000325280
     383.00000000000    1.0000000325280
     384.00000000000    1.0000000325280
     385.00000000000    1.0000000325280
     386.00000000000    1.0000000325280
     387.00000000000    1.0000000325280
     388.00000000000    1.0000000325280
     389.00000000000    1.0000000325280
     390.00000000000    1.0000000325280
     391.00000000000    1.0000000325280
     392.00000000000    1.0000000325280
     393.00000000000    1.0000000325280
     394.00000000000    1.0000000325280
     395.00000000000    1.0000000325280
     396.00000000000    1.0000000325280
     397.00000000000    1.0000000325280
     398.00000000000    1.0000000325280
     399.00000000000    1.0000000325280
     400.00000000000    1.0000000325280
     401.00000000000    1.0000000325280
     402.00000000000    1.0000000325280
     403.00000000000    1.0000000325280
     404.00000000000    1.0000000325280
     405.00000000000    1.0000000325280
     406.00000000000    1.0000000325280
     407.00000000000    1.0000000325280
     408.00000000000    1.0000000325280
     409.00000000000    1.0000000325280
     410.00000000000    1.0000000325280
     411.00000000000    1.0000000325280
     412.00000000000    1.0000000325280
     413.00000000000    1.0000000325280
     414.00000000000    1.0000000325280
     415.00000000000    1.0000000325280
     416.00000000000    1.0000000325280
     417.00000000000    1.0000000325280
     418.00000000000    1.0000000325280
     419.00000000000    1.0000000325280
     420.00000000000    1.0000000325280
     421.00000000000    1.0000000325280
     422.00000000000    1.0000000325280
     423.00000000000    1.0000000325280
     424.00000000000    1.0000000325280
     425.00000000000    1.0000000325280
     426.00000000000    1.0000000325280
     427.00000000000    1.0000000325280
     428.00000000000    1.0000000325280
     429.00000000000    1.0000000325280
     430.00000000000    1.0000000325280
     431.00000000000    1.0000000325280
     432.00000000000    1.0000000325280
     433.00000000000    1.0000000325280
     434.00000000000    1.0000000325280
     435.00000000000    1.0000000325280
     436.00000000000    1.0000000325280
     437.00000000000    1.0000000325280
     438.00000000000    1.0000000325280
     439.00000000000    1.0000000325280
     440.00000000000    1.0000000325280
     441.00000000000    1.0000000325280
     442.00000000000    1.0000000325280
     443.00000000000    1.0000000325280
     444.00000000000    1.0000000325280
     445.00000000000    1.0000000325280
     446.00000000000    1.0000000325280
     447.00000000000    1.0000000325280
     448.00000000000    1.0000000325280
     449.00000000000    1.0000000325280
     450.00000000000    1.0000000325280
     451.00000000000    1.0000000325280
     452.00000000000    1.0000000325280
     453.00000000000    1.0000000325280
     454.00000000000    1.0000000325280
     455.00000000000    1.0000000325280
     456.00000000000    1.0000000325280
     457.00000000000    1.0000000325280
     458.00000000000    1.0000000325280
     459.00000000000    1.0000000325280
     460.00000000000    1.0000000325280
     461.00000000000    1.0000000325280
     462.00000000000    1.0000000325280
     463.00000000000    1.0000000325280
     464.00000000000    1.0000000325280
     465.00000000000    1.0000000325280
     466.00000000000    1.0000000325280
     467.00000000000    1.0000000325280
     468.00000000000    1.0000000325280
     469.00000000000    1.0000000325280
     470.00000000000    1.0000000325280
     471.00000000000    1.0000000325280
     472.00000000000    1.0000000325280
     473.00000000000    1.0000000325280
     474.00000000000    1.0000000325280
     475.00000000000    1.0000000325280
     476.00000000000    1.0000000325280
     477.00000000000    1.0000000325280
     478.00000000000    1.0000000325280
     479.00000000000    1.0000000325280
     480.00000000000    1.0000000325280
     481.00000000000    1.0000000325280
     482.00000000000    1.0000000325280
     483.00000000000    1.0000000325280
     484.00000000000    1.0000000325280
     485.00000000000    1.0000000325280
     486.00000000000    1.0000000325280
     487.00000000000    1.0000000325280
     488.00000000000    1.0000000325280
     489.00000000000    1.0000000325280
     490.00000000000    1.0000000325280
     491.00000000000    1.0000000325280
     492.00000000000    1.0000000325280
     493.00000000000    1.0000000325280
     494.00000000000    1.0000000325280
     495.00000000000    1.0000000325280
     496.00000000000    1.0000000325280
     497.00000000000    1.0000000325280
     498.00000000000    1.0000000325280
     499.00000000000    1.0000000325280
     500.00000000000    1.0000000325280
