    -500.00000000000    1.0000000325280
    -499.00000000000    1.0000000325280
    -498.00000000000    1.0000000325280
    -497.00000000000    1.0000000325280
    -496.00000000000    1.0000000325280
    -495.00000000000    1.0000000325280
    -494.00000000000    1.0000000325280
    -493.00000000000    1.0000000325280
    -492.00000000000    1.0000000325280
    -491.00000000000    1.0000000325280
    -490.00000000000    1.0000000325280
    -489.00000000000    1.0000000325280
    -488.00000000000    1.0000000325280
    -487.00000000000    1.0000000325280
    -486.00000000000    1.0000000325280
    -485.00000000000    1.0000000325280
    -484.00000000000    1.0000000325280
    -483.00000000000    1.0000000325280
    -482.00000000000    1.0000000325280
    -481.00000000000    1.0000000325280
    -480.00000000000    1.0000000325280
    -479.00000000000    1.0000000325280
    -478.00000000000    1.0000000325280
    -477.00000000000    1.0000000325280
    -476.00000000000    1.0000000325280
    -475.00000000000    1.0000000325280
    -474.00000000000    1.0000000325280
    -473.00000000000    1.0000000325280
    -472.00000000000    1.0000000325280
    -471.00000000000    1.0000000325280
    -470.00000000000    1.0000000325280
    -469.00000000000    1.0000000325280
    -468.00000000000    1.0000000325280
    -467.00000000000    1.0000000325280
    -466.00000000000    1.0000000325280
    -465.00000000000    1.0000000325280
    -464.00000000000    1.0000000325280
    -463.00000000000    1.0000000325280
    -462.00000000000    1.0000000325280
    -461.00000000000    1.0000000325280
    -460.00000000000    1.0000000325280
    -459.00000000000    1.0000000325280
    -458.00000000000    1.0000000325280
    -457.00000000000    1.0000000325280
    -456.00000000000    1.0000000325280
    -455.00000000000    1.0000000325280
    -454.00000000000    1.0000000325280
    -453.00000000000    1.0000000325280
    -452.00000000000    1.0000000325280
    -451.00000000000    1.0000000325280
    -450.00000000000    1.0000000325280
    -449.00000000000    1.0000000325280
    -448.00000000000    1.0000000325280
    -447.00000000000    1.0000000325280
    -446.00000000000    1.0000000325280
    -445.00000000000    1.0000000325280
    -444.00000000000    1.0000000325280
    -443.00000000000    1.0000000325280
    -442.00000000000    1.0000000325280
    -441.00000000000    1.0000000325280
    -440.00000000000    1.0000000325280
    -439.00000000000    1.0000000325280
    -438.00000000000    1.0000000325280
    -437.00000000000    1.0000000325280
    -436.00000000000    1.0000000325280
    -435.00000000000    1.0000000325280
    -434.00000000000    1.0000000325280
    -433.00000000000    1.0000000325280
    -432.00000000000    1.0000000325280
    -431.00000000000    1.0000000325280
    -430.00000000000    1.0000000325280
    -429.00000000000    1.0000000325280
    -428.00000000000    1.0000000325280
    -427.00000000000    1.0000000325280
    -426.00000000000    1.0000000325280
    -425.00000000000    1.0000000325280
    -424.00000000000    1.0000000325280
    -423.00000000000    1.0000000325280
    -422.00000000000    1.0000000325280
    -421.00000000000    1.0000000325280
    -420.00000000000    1.0000000325280
    -419.00000000000    1.0000000325280
    -418.00000000000    1.0000000325280
    -417.00000000000    1.0000000325280
    -416.00000000000    1.0000000325280
    -415.00000000000    1.0000000325280
    -414.00000000000    1.0000000325280
    -413.00000000000    1.0000000325280
    -412.00000000000    1.0000000325280
    -411.00000000000    1.0000000325280
    -410.00000000000    1.0000000325280
    -409.00000000000    1.0000000325280
    -408.00000000000    1.0000000325280
    -407.00000000000    1.0000000325280
    -406.00000000000    1.0000000325280
    -405.00000000000    1.0000000325280
    -404.00000000000    1.0000000325280
    -403.00000000000    1.0000000325280
    -402.00000000000    1.0000000325280
    -401.00000000000    1.0000000325280
    -400.00000000000    1.0000000325280
    -399.00000000000    1.0000000325280
    -398.00000000000    1.0000000325280
    -397.00000000000    1.0000000325280
    -396.00000000000    1.0000000325280
    -395.00000000000    1.0000000325280
    -394.00000000000    1.0000000325280
    -393.00000000000    1.0000000325280
    -392.00000000000    1.0000000325280
    -391.00000000000    1.0000000325280
    -390.00000000000    1.0000000325280
    -389.00000000000    1.0000000325280
    -388.00000000000    1.0000000325280
    -387.00000000000    1.0000000325280
    -386.00000000000    1.0000000325280
    -385.00000000000    1.0000000325280
    -384.00000000000    1.0000000325280
    -383.00000000000    1.0000000325280
    -382.00000000000    1.0000000325280
    -381.00000000000    1.0000000325280
    -380.00000000000    1.0000000325280
    -379.00000000000    1.0000000325280
    -378.00000000000    1.0000000325280
    -377.00000000000    1.0000000325280
    -376.00000000000    1.0000000325280
    -375.00000000000    1.0000000325280
    -374.00000000000    1.0000000325280
    -373.00000000000    1.0000000325280
    -372.00000000000    1.0000000325280
    -371.00000000000    1.0000000325280
    -370.00000000000    1.0000000325280
    -369.00000000000    1.0000000325280
    -368.00000000000    1.0000000325280
    -367.00000000000    1.0000000325280
    -366.00000000000    1.0000000325280
    -365.00000000000    1.0000000325280
    -364.00000000000    1.0000000325280
    -363.00000000000    1.0000000325280
    -362.00000000000    1.0000000325280
    -361.00000000000    1.0000000325280
    -360.00000000000    1.0000000325280
    -359.00000000000    1.0000000325280
    -358.00000000000    1.0000000325280
    -357.00000000000    1.0000000325280
    -356.00000000000    1.0000000325280
    -355.00000000000    1.0000000325280
    -354.00000000000    1.0000000325280
    -353.00000000000    1.0000000325280
    -352.00000000000    1.0000000325280
    -351.00000000000    1.0000000325280
    -350.00000000000    1.0000000325280
    -349.00000000000    1.0000000325280
    -348.00000000000    1.0000000325280
    -347.00000000000    1.0000000325280
    -346.00000000000    1.0000000325280
    -345.00000000000    1.0000000325280
    -344.00000000000    1.0000000325280
    -343.00000000000    1.0000000325280
    -342.00000000000    1.0000000325280
    -341.00000000000    1.0000000325280
    -340.00000000000    1.0000000325280
    -339.00000000000    1.0000000325280
    -338.00000000000    1.0000000325280
    -337.00000000000    1.0000000325280
    -336.00000000000    1.0000000325280
    -335.00000000000    1.0000000325280
    -334.00000000000    1.0000000325280
    -333.00000000000    1.0000000325280
    -332.00000000000    1.0000000325280
    -331.00000000000    1.0000000325280
    -330.00000000000    1.0000000325280
    -329.00000000000    1.0000000325280
    -328.00000000000    1.0000000325280
    -327.00000000000    1.0000000325280
    -326.00000000000    1.0000000325280
    -325.00000000000    1.0000000325280
    -324.00000000000    1.0000000325280
    -323.00000000000    1.0000000325280
    -322.00000000000    1.0000000325280
    -321.00000000000    1.0000000325280
    -320.00000000000    1.0000000325280
    -319.00000000000    1.0000000325280
    -318.00000000000    1.0000000325280
    -317.00000000000    1.0000000325280
    -316.00000000000    1.0000000325280
    -315.00000000000    1.0000000325280
    -314.00000000000    1.0000000325280
    -313.00000000000    1.0000000325280
    -312.00000000000    1.0000000325280
    -311.00000000000    1.0000000325280
    -310.00000000000    1.0000000325280
    -309.00000000000    1.0000000325280
    -308.00000000000    1.0000000325280
    -307.00000000000    1.0000000325280
    -306.00000000000    1.0000000325280
    -305.00000000000    1.0000000325280
    -304.00000000000    1.0000000325280
    -303.00000000000    1.0000000325280
    -302.00000000000    1.0000000325280
    -301.00000000000    1.0000000325280
    -300.00000000000    1.0000000325280
    -299.00000000000    1.0000000325280
    -298.00000000000    1.0000000325280
    -297.00000000000    1.0000000325280
    -296.00000000000    1.0000000325280
    -295.00000000000    1.0000000325280
    -294.00000000000    1.0000000325280
    -293.00000000000    1.0000000325280
    -292.00000000000    1.0000000325280
    -291.00000000000    1.0000000325280
    -290.00000000000    1.0000000325280
    -289.00000000000    1.0000000325280
    -288.00000000000    1.0000000325280
    -287.00000000000    1.0000000325280
    -286.00000000000    1.0000000325280
    -285.00000000000    1.0000000325280
    -284.00000000000    1.0000000325280
    -283.00000000000    1.0000000325280
    -282.00000000000    1.0000000325280
    -281.00000000000    1.0000000325280
    -280.00000000000    1.0000000325280
    -279.00000000000    1.0000000325280
    -278.00000000000    1.0000000325280
    -277.00000000000    1.0000000325280
    -276.00000000000    1.0000000325280
    -275.00000000000    1.0000000325280
    -274.00000000000    1.0000000325280
    -273.00000000000    1.0000000325280
    -272.00000000000    1.0000000325280
    -271.00000000000    1.0000000325280
    -270.00000000000    1.0000000325280
    -269.00000000000    1.0000000325280
    -268.00000000000    1.0000000325280
    -267.00000000000    1.0000000325280
    -266.00000000000    1.0000000325280
    -265.00000000000    1.0000000325280
    -264.00000000000    1.0000000325280
    -263.00000000000    1.0000000325280
    -262.00000000000    1.0000000325280
    -261.00000000000    1.0000000325280
    -260.00000000000    1.0000000325280
    -259.00000000000    1.0000000325280
    -258.00000000000    1.0000000325280
    -257.00000000000    1.0000000325280
    -256.00000000000    1.0000000325280
    -255.00000000000    1.0000000325280
    -254.00000000000    1.0000000325280
    -253.00000000000    1.0000000325280
    -252.00000000000    1.0000000325280
    -251.00000000000    1.0000000325280
    -250.00000000000    1.0000000325280
    -249.00000000000    1.0000000325280
    -248.00000000000    1.0000000325280
    -247.00000000000    1.0000000325280
    -246.00000000000    1.0000000325280
    -245.00000000000    1.0000000325280
    -244.00000000000    1.0000000325280
    -243.00000000000    1.0000000325280
    -242.00000000000    1.0000000325280
    -241.00000000000    1.0000000325280
    -240.00000000000    1.0000000325280
    -239.00000000000    1.0000000325280
    -238.00000000000    1.0000000325280
    -237.00000000000    1.0000000325280
    -236.00000000000    1.0000000325280
    -235.00000000000    1.0000000325280
    -234.00000000000    1.0000000325280
    -233.00000000000    1.0000000325280
    -232.00000000000    1.0000000325280
    -231.00000000000    1.0000000325280
    -230.00000000000    1.0000000325280
    -229.00000000000    1.0000000325280
    -228.00000000000    1.0000000325280
    -227.00000000000    1.0000000325280
    -226.00000000000    1.0000000325280
    -225.00000000000    1.0000000325280
    -224.00000000000    1.0000000325280
    -223.00000000000    1.0000000325280
    -222.00000000000    1.0000000325280
    -221.00000000000    1.0000000325279
    -220.00000000000    1.0000000325278
    -219.00000000000    1.0000000325273
    -218.00000000000    1.0000000325255
    -217.00000000000    1.0000000325190
    -216.00000000000    1.0000000324966
    -215.00000000000    1.0000000324234
    -214.00000000000    1.0000000321939
    -213.00000000000    1.0000000315055
    -212.00000000000    1.0000000295297
    -211.00000000000    1.0000000241021
    -210.00000000000    1.0000000098318
    -209.00000000000   0.99999997391748
    -208.00000000000   0.99999988739096
    -207.00000000000   0.99999968780529
    -206.00000000000   0.99999924698431
    -205.00000000000   0.99999831456722
    -204.00000000000   0.99999642551368
    -203.00000000000   0.99999275906401
    -202.00000000000   0.99998594026070
    -201.00000000000   0.99997378568861
    -200.00000000000   0.99995301428970
    -199.00000000000   0.99991897090604
    -198.00000000000   0.99986543908242
    -197.00000000000   0.99978464017842
    -196.00000000000   0.99966751467124
    -195.00000000000   0.99950434739945
    -194.00000000000   0.99928572880518
    -193.00000000000   0.99900375039231
    -192.00000000000   0.99865324045216
    -191.00000000000   0.99823278906610
    -190.00000000000   0.99774531781980
    -189.00000000000   0.99719802918470
    -188.00000000000   0.99660170645637
    -187.00000000000   0.99596948792947
    -186.00000000000   0.99531536040514
    -185.00000000000   0.99465266924079
    -184.00000000000   0.99399291218477
    -183.00000000000   0.99334498831937
    -182.00000000000   0.99271494806868
    -181.00000000000   0.99210617631400
    -180.00000000000   0.99151986804307
    -179.00000000000   0.99095563507017
    -178.00000000000   0.99041210509640
    -177.00000000000   0.98988742172667
    -176.00000000000   0.98937960564927
    -175.00000000000   0.98888677834827
    -174.00000000000   0.98840727416843
    -173.00000000000   0.98793967514829
    -172.00000000000   0.98748280061629
    -171.00000000000   0.98703567574412
    -170.00000000000   0.98659749447706
    -169.00000000000   0.98616758500012
    -168.00000000000   0.98574538097596
    -167.00000000000   0.98533039900679
    -166.00000000000   0.98492222151536
    -165.00000000000   0.98452048388215
    -164.00000000000   0.98412486474886
    -163.00000000000   0.98373507861930
    -162.00000000000   0.98335087011954
    -161.00000000000   0.98297200946633
    -160.00000000000   0.98259828883013
    -159.00000000000   0.98222951937328
    -158.00000000000   0.98186552880746
    -157.00000000000   0.98150615935778
    -156.00000000000   0.98115126604999
    -155.00000000000   0.98080071525779
    -154.00000000000   0.98045438346198
    -153.00000000000   0.98011215618361
    -152.00000000000   0.97977392706151
    -151.00000000000   0.97943959705034
    -150.00000000000   0.97910907372006
    -149.00000000000   0.97878227064123
    -148.00000000000   0.97845910684333
    -147.00000000000   0.97813950633564
    -146.00000000000   0.97782339768188
    -145.00000000000   0.97751071362131
    -144.00000000000   0.97720139073009
    -143.00000000000   0.97689536911782
    -142.00000000000   0.97659259215468
    -141.00000000000   0.97629300622563
    -140.00000000000   0.97599656050814
    -139.00000000000   0.97570320677109
    -138.00000000000   0.97541289919198
    -137.00000000000   0.97512559419085
    -136.00000000000   0.97484125027864
    -135.00000000000   0.97455982791889
    -134.00000000000   0.97428128940100
    -133.00000000000   0.97400559872407
    -132.00000000000   0.97373272149028
    -131.00000000000   0.97346262480666
    -130.00000000000   0.97319527719471
    -129.00000000000   0.97293064850693
    -128.00000000000   0.97266870984960
    -127.00000000000   0.97240943351147
    -126.00000000000   0.97215279289749
    -125.00000000000   0.97189876246746
    -124.00000000000   0.97164731767889
    -123.00000000000   0.97139843493395
    -122.00000000000   0.97115209152996
    -121.00000000000   0.97090826561329
    -120.00000000000   0.97066693613628
    -119.00000000000   0.97042808281699
    -118.00000000000   0.97019168610156
    -117.00000000000   0.96995772712892
    -116.00000000000   0.96972618769773
    -115.00000000000   0.96949705023542
    -114.00000000000   0.96927029776897
    -113.00000000000   0.96904591389761
    -112.00000000000   0.96882388276699
    -111.00000000000   0.96860418904500
    -110.00000000000   0.96838681789882
    -109.00000000000   0.96817175497346
    -108.00000000000   0.96795898637132
    -107.00000000000   0.96774849863307
    -106.00000000000   0.96754027871940
   -105.000000000000   0.96733431399389
   -104.000000000000   0.96713059220675
   -103.000000000000   0.96692910147939
   -102.000000000000   0.96672983028983
   -101.000000000000   0.96653276745889
   -100.000000000000   0.96633790213701
    -99.000000000000   0.96614522379181
    -98.000000000000   0.96595472219620
    -97.000000000000   0.96576638741717
    -96.000000000000   0.96558020980503
    -95.000000000000   0.96539617998324
    -94.000000000000   0.96521428883869
    -93.000000000000   0.96503452751245
    -92.000000000000   0.96485688739096
    -91.000000000000   0.96468136009763
    -90.000000000000   0.96450793748481
    -89.000000000000   0.96433661162614
    -88.000000000000   0.96416737480926
    -87.000000000000   0.96400021952878
    -86.000000000000   0.96383513847967
    -85.000000000000   0.96367212455082
    -84.000000000000   0.96351117081900
    -83.000000000000   0.96335227054295
    -82.000000000000   0.96319541715786
    -81.000000000000   0.96304060426995
    -80.000000000000   0.96288782565141
    -79.000000000000   0.96273707523544
    -78.000000000000   0.96258834711155
    -77.000000000000   0.96244163552105
    -76.000000000000   0.96229693485271
    -75.000000000000   0.96215423963860
    -74.000000000000   0.96201354455013
    -73.000000000000   0.96187484439417
    -72.000000000000   0.96173813410940
    -71.000000000000   0.96160340876278
    -70.000000000000   0.96147066354614
    -69.000000000000   0.96133989377290
    -68.000000000000   0.96121109487498
    -67.000000000000   0.96108426239975
    -66.000000000000   0.96095939200710
    -65.000000000000   0.96083647946671
    -64.000000000000   0.96071552065534
    -63.000000000000   0.96059651155419
    -62.000000000000   0.96047944824651
    -61.000000000000   0.96036432691512
    -60.000000000000   0.96025114384015
    -59.000000000000   0.96013989539679
    -58.000000000000   0.96003057805317
    -57.000000000000   0.95992318836830
    -56.000000000000   0.95981772299005
    -55.000000000000   0.95971417865330
    -54.000000000000   0.95961255217804
    -53.000000000000   0.95951284046759
    -52.000000000000   0.95941504050697
    -51.000000000000   0.95931914936112
    -50.000000000000   0.95922516417345
    -49.000000000000   0.95913308216419
    -48.000000000000   0.95904290062898
    -47.000000000000   0.95895461693744
    -46.000000000000   0.95886822853177
    -45.000000000000   0.95878373292545
    -44.000000000000   0.95870112770199
    -43.000000000000   0.95862041051364
    -42.000000000000   0.95854157908026
    -41.000000000000   0.95846463118816
    -40.000000000000   0.95838956468903
    -39.000000000000   0.95831637749884
    -38.000000000000   0.95824506759686
    -37.000000000000   0.95817563302467
    -36.000000000000   0.95810807188522
    -35.000000000000   0.95804238234192
    -34.000000000000   0.95797856261778
    -33.000000000000   0.95791661099457
    -32.000000000000   0.95785652581200
    -31.000000000000   0.95779830546700
    -30.000000000000   0.95774194841290
    -29.000000000000   0.95768745315880
    -28.000000000000   0.95763481826884
    -27.000000000000   0.95758404236156
    -26.000000000000   0.95753512410931
    -25.000000000000   0.95748806223757
    -24.000000000000   0.95744285552450
    -23.000000000000   0.95739950280028
    -22.000000000000   0.95735800294667
    -21.000000000000   0.95731835489650
    -20.000000000000   0.95728055763317
    -19.000000000000   0.95724461019025
    -18.000000000000   0.95721051165105
    -17.000000000000   0.95717826114818
    -16.000000000000   0.95714785786325
    -15.000000000000   0.95711930102646
    -14.000000000000   0.95709258991626
    -13.000000000000   0.95706772385912
    -12.000000000000   0.95704470222915
    -11.000000000000   0.95702352444790
   -10.0000000000000   0.95700418998407
    -9.0000000000000   0.95698669835332
    -8.0000000000000   0.95697104911805
    -7.0000000000000   0.95695724188720
    -6.0000000000000   0.95694527631612
    -5.0000000000000   0.95693515210640
    -4.0000000000000   0.95692686900574
    -3.0000000000000   0.95692042680787
    -2.0000000000000   0.95691582535244
    -1.0000000000000   0.95691306452496
   0.   0.95691214425676
     1.0000000000000   0.95691306452496
     2.0000000000000   0.95691582535244
     3.0000000000000   0.95692042680787
     4.0000000000000   0.95692686900574
     5.0000000000000   0.95693515210640
     6.0000000000000   0.95694527631612
     7.0000000000000   0.95695724188720
     8.0000000000000   0.95697104911805
     9.0000000000000   0.95698669835332
    10.0000000000000   0.95700418998407
     11.000000000000   0.95702352444790
     12.000000000000   0.95704470222915
     13.000000000000   0.95706772385912
     14.000000000000   0.95709258991626
     15.000000000000   0.95711930102645
     16.000000000000   0.95714785786325
     17.000000000000   0.95717826114818
     18.000000000000   0.95721051165105
     19.000000000000   0.95724461019025
     20.000000000000   0.95728055763317
     21.000000000000   0.95731835489650
     22.000000000000   0.95735800294667
     23.000000000000   0.95739950280028
     24.000000000000   0.95744285552450
     25.000000000000   0.95748806223757
     26.000000000000   0.95753512410931
     27.000000000000   0.95758404236156
     28.000000000000   0.95763481826884
     29.000000000000   0.95768745315880
     30.000000000000   0.95774194841290
     31.000000000000   0.95779830546700
     32.000000000000   0.95785652581200
     33.000000000000   0.95791661099457
     34.000000000000   0.95797856261778
     35.000000000000   0.95804238234192
     36.000000000000   0.95810807188522
     37.000000000000   0.95817563302467
     38.000000000000   0.95824506759686
     39.000000000000   0.95831637749884
     40.000000000000   0.95838956468903
     41.000000000000   0.95846463118816
     42.000000000000   0.95854157908026
     43.000000000000   0.95862041051364
     44.000000000000   0.95870112770199
     45.000000000000   0.95878373292545
     46.000000000000   0.95886822853177
     47.000000000000   0.95895461693744
     48.000000000000   0.95904290062898
     49.000000000000   0.95913308216419
     50.000000000000   0.95922516417345
     51.000000000000   0.95931914936112
     52.000000000000   0.95941504050696
     53.000000000000   0.95951284046759
     54.000000000000   0.95961255217804
     55.000000000000   0.95971417865330
     56.000000000000   0.95981772299005
     57.000000000000   0.95992318836830
     58.000000000000   0.96003057805317
     59.000000000000   0.96013989539679
     60.000000000000   0.96025114384015
     61.000000000000   0.96036432691512
     62.000000000000   0.96047944824651
     63.000000000000   0.96059651155419
     64.000000000000   0.96071552065534
     65.000000000000   0.96083647946671
     66.000000000000   0.96095939200710
     67.000000000000   0.96108426239975
     68.000000000000   0.96121109487498
     69.000000000000   0.96133989377290
     70.000000000000   0.96147066354614
     71.000000000000   0.96160340876278
     72.000000000000   0.96173813410940
     73.000000000000   0.96187484439417
     74.000000000000   0.96201354455013
     75.000000000000   0.96215423963860
     76.000000000000   0.96229693485271
     77.000000000000   0.96244163552105
     78.000000000000   0.96258834711155
     79.000000000000   0.96273707523544
     80.000000000000   0.96288782565141
     81.000000000000   0.96304060426995
     82.000000000000   0.96319541715786
     83.000000000000   0.96335227054295
     84.000000000000   0.96351117081900
     85.000000000000   0.96367212455082
     86.000000000000   0.96383513847967
     87.000000000000   0.96400021952878
     88.000000000000   0.96416737480926
     89.000000000000   0.96433661162614
     90.000000000000   0.96450793748481
     91.000000000000   0.96468136009763
     92.000000000000   0.96485688739096
     93.000000000000   0.96503452751245
     94.000000000000   0.96521428883869
     95.000000000000   0.96539617998324
     96.000000000000   0.96558020980503
     97.000000000000   0.96576638741717
     98.000000000000   0.96595472219620
     99.000000000000   0.96614522379181
    100.000000000000   0.96633790213701
    101.000000000000   0.96653276745889
    102.000000000000   0.96672983028983
    103.000000000000   0.96692910147939
    104.000000000000   0.96713059220675
    105.000000000000   0.96733431399389
     106.00000000000   0.96754027871940
     107.00000000000   0.96774849863307
     108.00000000000   0.96795898637132
     109.00000000000   0.96817175497346
     110.00000000000   0.96838681789882
     111.00000000000   0.96860418904500
     112.00000000000   0.96882388276699
     113.00000000000   0.96904591389761
     114.00000000000   0.96927029776897
     115.00000000000   0.96949705023542
     116.00000000000   0.96972618769773
     117.00000000000   0.96995772712892
     118.00000000000   0.97019168610156
     119.00000000000   0.97042808281699
     120.00000000000   0.97066693613628
     121.00000000000   0.97090826561329
     122.00000000000   0.97115209152996
     123.00000000000   0.97139843493395
     124.00000000000   0.97164731767889
     125.00000000000   0.97189876246746
     126.00000000000   0.97215279289749
     127.00000000000   0.97240943351147
     128.00000000000   0.97266870984960
     129.00000000000   0.97293064850693
     130.00000000000   0.97319527719472
     131.00000000000   0.97346262480666
     132.00000000000   0.97373272149027
     133.00000000000   0.97400559872407
     134.00000000000   0.97428128940100
     135.00000000000   0.97455982791890
     136.00000000000   0.97484125027864
     137.00000000000   0.97512559419085
     138.00000000000   0.97541289919199
     139.00000000000   0.97570320677109
     140.00000000000   0.97599656050814
     141.00000000000   0.97629300622563
     142.00000000000   0.97659259215468
     143.00000000000   0.97689536911782
     144.00000000000   0.97720139073009
     145.00000000000   0.97751071362131
     146.00000000000   0.97782339768188
     147.00000000000   0.97813950633564
     148.00000000000   0.97845910684333
     149.00000000000   0.97878227064123
     150.00000000000   0.97910907372006
     151.00000000000   0.97943959705034
     152.00000000000   0.97977392706151
     153.00000000000   0.98011215618361
     154.00000000000   0.98045438346198
     155.00000000000   0.98080071525779
     156.00000000000   0.98115126604999
     157.00000000000   0.98150615935778
     158.00000000000   0.98186552880746
     159.00000000000   0.98222951937328
     160.00000000000   0.98259828883013
     161.00000000000   0.98297200946633
     162.00000000000   0.98335087011954
     163.00000000000   0.98373507861930
     164.00000000000   0.98412486474886
     165.00000000000   0.98452048388215
     166.00000000000   0.98492222151536
     167.00000000000   0.98533039900679
     168.00000000000   0.98574538097596
     169.00000000000   0.98616758500012
     170.00000000000   0.98659749447706
     171.00000000000   0.98703567574412
     172.00000000000   0.98748280061629
     173.00000000000   0.98793967514829
     174.00000000000   0.98840727416843
     175.00000000000   0.98888677834827
     176.00000000000   0.98937960564927
     177.00000000000   0.98988742172667
     178.00000000000   0.99041210509640
     179.00000000000   0.99095563507017
     180.00000000000   0.99151986804307
     181.00000000000   0.99210617631400
     182.00000000000   0.99271494806868
     183.00000000000   0.99334498831937
     184.00000000000   0.99399291218477
     185.00000000000   0.99465266924079
     186.00000000000   0.99531536040514
     187.00000000000   0.99596948792947
     188.00000000000   0.99660170645637
     189.00000000000   0.99719802918470
     190.00000000000   0.99774531781980
     191.00000000000   0.99823278906610
     192.00000000000   0.99865324045216
     193.00000000000   0.99900375039231
     194.00000000000   0.99928572880518
     195.00000000000   0.99950434739945
     196.00000000000   0.99966751467124
     197.00000000000   0.99978464017842
     198.00000000000   0.99986543908242
     199.00000000000   0.99991897090604
     200.00000000000   0.99995301428970
     201.00000000000   0.99997378568861
     202.00000000000   0.99998594026070
     203.00000000000   0.99999275906401
     204.00000000000   0.99999642551368
     205.00000000000   0.99999831456722
     206.00000000000   0.99999924698431
     207.00000000000   0.99999968780529
     208.00000000000   0.99999988739096
     209.00000000000   0.99999997391748
     210.00000000000    1.0000000098317
     211.00000000000    1.0000000241021
     212.00000000000    1.0000000295297
     213.00000000000    1.0000000315055
     214.00000000000    1.0000000321939
     215.00000000000    1.0000000324234
     216.00000000000    1.0000000324966
     217.00000000000    1.0000000325190
     218.00000000000    1.0000000325255
     219.00000000000    1.0000000325273
     220.00000000000    1.0000000325278
     221.00000000000    1.0000000325279
     222.00000000000    1.0000000325280
     223.00000000000    1.0000000325280
     224.00000000000    1.0000000325280
     225.00000000000    1.0000000325280
     226.00000000000    1.0000000325280
     227.00000000000    1.0000000325280
     228.00000000000    1.0000000325280
     229.00000000000    1.0000000325280
     230.00000000000    1.0000000325280
     231.00000000000    1.0000000325280
     232.00000000000    1.0000000325280
     233.00000000000    1.0000000325280
     234.00000000000    1.0000000325280
     235.00000000000    1.0000000325280
     236.00000000000    1.0000000325280
     237.00000000000    1.0000000325280
     238.00000000000    1.0000000325280
     239.00000000000    1.0000000325280
     240.00000000000    1.0000000325280
     241.00000000000    1.0000000325280
     242.00000000000    1.0000000325280
     243.00000000000    1.0000000325280
     244.00000000000    1.0000000325280
     245.00000000000    1.0000000325280
     246.00000000000    1.0000000325280
     247.00000000000    1.0000000325280
     248.00000000000    1.0000000325280
     249.00000000000    1.0000000325280
     250.00000000000    1.0000000325280
     251.00000000000    1.0000000325280
     252.00000000000    1.0000000325280
     253.00000000000    1.0000000325280
     254.00000000000    1.0000000325280
     255.00000000000    1.0000000325280
     256.00000000000    1.0000000325280
     257.00000000000    1.0000000325280
     258.00000000000    1.0000000325280
     259.00000000000    1.0000000325280
     260.00000000000    1.0000000325280
     261.00000000000    1.0000000325280
     262.00000000000    1.0000000325280
     263.00000000000    1.0000000325280
     264.00000000000    1.0000000325280
     265.00000000000    1.0000000325280
     266.00000000000    1.0000000325280
     267.00000000000    1.0000000325280
     268.00000000000    1.0000000325280
     269.00000000000    1.0000000325280
     270.00000000000    1.0000000325280
     271.00000000000    1.0000000325280
     272.00000000000    1.0000000325280
     273.00000000000    1.0000000325280
     274.00000000000    1.0000000325280
     275.00000000000    1.0000000325280
     276.00000000000    1.0000000325280
     277.00000000000    1.0000000325280
     278.00000000000    1.0000000325280
     279.00000000000    1.0000000325280
     280.00000000000    1.0000000325280
     281.00000000000    1.0000000325280
     282.00000000000    1.0000000325280
     283.00000000000    1.0000000325280
     284.00000000000    1.0000000325280
     285.00000000000    1.0000000325280
     286.00000000000    1.0000000325280
     287.00000000000    1.0000000325280
     288.00000000000    1.0000000325280
     289.00000000000    1.0000000325280
     290.00000000000    1.0000000325280
     291.00000000000    1.0000000325280
     292.00000000000    1.0000000325280
     293.00000000000    1.0000000325280
     294.00000000000    1.0000000325280
     295.00000000000    1.0000000325280
     296.00000000000    1.0000000325280
     297.00000000000    1.0000000325280
     298.00000000000    1.0000000325280
     299.00000000000    1.0000000325280
     300.00000000000    1.0000000325280
     301.00000000000    1.0000000325280
     302.00000000000    1.0000000325280
     303.00000000000    1.0000000325280
     304.00000000000    1.0000000325280
     305.00000000000    1.0000000325280
     306.00000000000    1.0000000325280
     307.00000000000    1.0000000325280
     308.00000000000    1.0000000325280
     309.00000000000    1.0000000325280
     310.00000000000    1.0000000325280
     311.00000000000    1.0000000325280
     312.00000000000    1.0000000325280
     313.00000000000    1.0000000325280
     314.00000000000    1.0000000325280
     315.00000000000    1.0000000325280
     316.00000000000    1.0000000325280
     317.00000000000    1.0000000325280
     318.00000000000    1.0000000325280
     319.00000000000    1.0000000325280
     320.00000000000    1.0000000325280
     321.00000000000    1.0000000325280
     322.00000000000    1.0000000325280
     323.00000000000    1.0000000325280
     324.00000000000    1.0000000325280
     325.00000000000    1.0000000325280
     326.00000000000    1.0000000325280
     327.00000000000    1.0000000325280
     328.00000000000    1.0000000325280
     329.00000000000    1.0000000325280
     330.00000000000    1.0000000325280
     331.00000000000    1.0000000325280
     332.00000000000    1.0000000325280
     333.00000000000    1.0000000325280
     334.00000000000    1.0000000325280
     335.00000000000    1.0000000325280
     336.00000000000    1.0000000325280
     337.00000000000    1.0000000325280
     338.00000000000    1.0000000325280
     339.00000000000    1.0000000325280
     340.00000000000    1.0000000325280
     341.00000000000    1.0000000325280
     342.00000000000    1.0000000325280
     343.00000000000    1.0000000325280
     344.00000000000    1.0000000325280
     345.00000000000    1.0000000325280
     346.00000000000    1.0000000325280
     347.00000000000    1.0000000325280
     348.00000000000    1.0000000325280
     349.00000000000    1.0000000325280
     350.00000000000    1.0000000325280
     351.00000000000    1.0000000325280
     352.00000000000    1.0000000325280
     353.00000000000    1.0000000325280
     354.00000000000    1.0000000325280
     355.00000000000    1.0000000325280
     356.00000000000    1.0000000325280
     357.00000000000    1.0000000325280
     358.00000000000    1.0000000325280
     359.00000000000    1.0000000325280
     360.00000000000    1.0000000325280
     361.00000000000    1.0000000325280
     362.00000000000    1.0000000325280
     363.00000000000    1.0000000325280
     364.00000000000    1.0000000325280
     365.00000000000    1.0000000325280
     366.00000000000    1.0000000325280
     367.00000000000    1.0000000325280
     368.00000000000    1.0000000325280
     369.00000000000    1.0000000325280
     370.00000000000    1.0000000325280
     371.00000000000    1.0000000325280
     372.00000000000    1.0000000325280
     373.00000000000    1.0000000325280
     374.00000000000    1.0000000325280
     375.00000000000    1.0000000325280
     376.00000000000    1.0000000325280
     377.00000000000    1.0000000325280
     378.00000000000    1.0000000325280
     379.00000000000    1.0000000325280
     380.00000000000    1.0000000325280
     381.00000000000    1.0000000325280
     382.00000000000    1.0000000325280
     383.00000000000    1.0000000325280
     384.00000000000    1.0000000325280
     385.00000000000    1.0000000325280
     386.00000000000    1.0000000325280
     387.00000000000    1.0000000325280
     388.00000000000    1.0000000325280
     389.00000000000    1.0000000325280
     390.00000000000    1.0000000325280
     391.00000000000    1.0000000325280
     392.00000000000    1.0000000325280
     393.00000000000    1.0000000325280
     394.00000000000    1.0000000325280
     395.00000000000    1.0000000325280
     396.00000000000    1.0000000325280
     397.00000000000    1.0000000325280
     398.00000000000    1.0000000325280
     399.00000000000    1.0000000325280
     400.00000000000    1.0000000325280
     401.00000000000    1.0000000325280
     402.00000000000    1.0000000325280
     403.00000000000    1.0000000325280
     404.00000000000    1.0000000325280
     405.00000000000    1.0000000325280
     406.00000000000    1.0000000325280
     407.00000000000    1.0000000325280
     408.00000000000    1.0000000325280
     409.00000000000    1.0000000325280
     410.00000000000    1.0000000325280
     411.00000000000    1.0000000325280
     412.00000000000    1.0000000325280
     413.00000000000    1.0000000325280
     414.00000000000    1.0000000325280
     415.00000000000    1.0000000325280
     416.00000000000    1.0000000325280
     417.00000000000    1.0000000325280
     418.00000000000    1.0000000325280
     419.00000000000    1.0000000325280
     420.00000000000    1.0000000325280
     421.00000000000    1.0000000325280
     422.00000000000    1.0000000325280
     423.00000000000    1.0000000325280
     424.00000000000    1.0000000325280
     425.00000000000    1.0000000325280
     426.00000000000    1.0000000325280
     427.00000000000    1.0000000325280
     428.00000000000    1.0000000325280
     429.00000000000    1.0000000325280
     430.00000000000    1.0000000325280
     431.00000000000    1.0000000325280
     432.00000000000    1.0000000325280
     433.00000000000    1.0000000325280
     434.00000000000    1.0000000325280
     435.00000000000    1.0000000325280
     436.00000000000    1.0000000325280
     437.00000000000    1.0000000325280
     438.00000000000    1.0000000325280
     439.00000000000    1.0000000325280
     440.00000000000    1.0000000325280
     441.00000000000    1.0000000325280
     442.00000000000    1.0000000325280
     443.00000000000    1.0000000325280
     444.00000000000    1.0000000325280
     445.00000000000    1.0000000325280
     446.00000000000    1.0000000325280
     447.00000000000    1.0000000325280
     448.00000000000    1.0000000325280
     449.00000000000    1.0000000325280
     450.00000000000    1.0000000325280
     451.00000000000    1.0000000325280
     452.00000000000    1.0000000325280
     453.00000000000    1.0000000325280
     454.00000000000    1.0000000325280
     455.00000000000    1.0000000325280
     456.00000000000    1.0000000325280
     457.00000000000    1.0000000325280
     458.00000000000    1.0000000325280
     459.00000000000    1.0000000325280
     460.00000000000    1.0000000325280
     461.00000000000    1.0000000325280
     462.00000000000    1.0000000325280
     463.00000000000    1.0000000325280
     464.00000000000    1.0000000325280
     465.00000000000    1.0000000325280
     466.00000000000    1.0000000325280
     467.00000000000    1.0000000325280
     468.00000000000    1.0000000325280
     469.00000000000    1.0000000325280
     470.00000000000    1.0000000325280
     471.00000000000    1.0000000325280
     472.00000000000    1.0000000325280
     473.00000000000    1.0000000325280
     474.00000000000    1.0000000325280
     475.00000000000    1.0000000325280
     476.00000000000    1.0000000325280
     477.00000000000    1.0000000325280
     478.00000000000    1.0000000325280
     479.00000000000    1.0000000325280
     480.00000000000    1.0000000325280
     481.00000000000    1.0000000325280
     482.00000000000    1.0000000325280
     483.00000000000    1.0000000325280
     484.00000000000    1.0000000325280
     485.00000000000    1.0000000325280
     486.00000000000    1.0000000325280
     487.00000000000    1.0000000325280
     488.00000000000    1.0000000325280
     489.00000000000    1.0000000325280
     490.00000000000    1.0000000325280
     491.00000000000    1.0000000325280
     492.00000000000    1.0000000325280
     493.00000000000    1.0000000325280
     494.00000000000    1.0000000325280
     495.00000000000    1.0000000325280
     496.00000000000    1.0000000325280
     497.00000000000    1.0000000325280
     498.00000000000    1.0000000325280
     499.00000000000    1.0000000325280
     500.00000000000    1.0000000325280
