    -500.00000000000    1.0000000325280
    -499.00000000000    1.0000000325280
    -498.00000000000    1.0000000325280
    -497.00000000000    1.0000000325280
    -496.00000000000    1.0000000325280
    -495.00000000000    1.0000000325280
    -494.00000000000    1.0000000325280
    -493.00000000000    1.0000000325280
    -492.00000000000    1.0000000325280
    -491.00000000000    1.0000000325280
    -490.00000000000    1.0000000325280
    -489.00000000000    1.0000000325280
    -488.00000000000    1.0000000325280
    -487.00000000000    1.0000000325280
    -486.00000000000    1.0000000325280
    -485.00000000000    1.0000000325280
    -484.00000000000    1.0000000325280
    -483.00000000000    1.0000000325280
    -482.00000000000    1.0000000325280
    -481.00000000000    1.0000000325280
    -480.00000000000    1.0000000325280
    -479.00000000000    1.0000000325280
    -478.00000000000    1.0000000325280
    -477.00000000000    1.0000000325280
    -476.00000000000    1.0000000325280
    -475.00000000000    1.0000000325280
    -474.00000000000    1.0000000325280
    -473.00000000000    1.0000000325280
    -472.00000000000    1.0000000325280
    -471.00000000000    1.0000000325280
    -470.00000000000    1.0000000325280
    -469.00000000000    1.0000000325280
    -468.00000000000    1.0000000325280
    -467.00000000000    1.0000000325280
    -466.00000000000    1.0000000325280
    -465.00000000000    1.0000000325280
    -464.00000000000    1.0000000325280
    -463.00000000000    1.0000000325280
    -462.00000000000    1.0000000325280
    -461.00000000000    1.0000000325280
    -460.00000000000    1.0000000325280
    -459.00000000000    1.0000000325280
    -458.00000000000    1.0000000325280
    -457.00000000000    1.0000000325280
    -456.00000000000    1.0000000325280
    -455.00000000000    1.0000000325280
    -454.00000000000    1.0000000325280
    -453.00000000000    1.0000000325280
    -452.00000000000    1.0000000325280
    -451.00000000000    1.0000000325280
    -450.00000000000    1.0000000325280
    -449.00000000000    1.0000000325280
    -448.00000000000    1.0000000325280
    -447.00000000000    1.0000000325280
    -446.00000000000    1.0000000325280
    -445.00000000000    1.0000000325280
    -444.00000000000    1.0000000325280
    -443.00000000000    1.0000000325280
    -442.00000000000    1.0000000325280
    -441.00000000000    1.0000000325280
    -440.00000000000    1.0000000325280
    -439.00000000000    1.0000000325280
    -438.00000000000    1.0000000325280
    -437.00000000000    1.0000000325280
    -436.00000000000    1.0000000325280
    -435.00000000000    1.0000000325280
    -434.00000000000    1.0000000325280
    -433.00000000000    1.0000000325280
    -432.00000000000    1.0000000325280
    -431.00000000000    1.0000000325280
    -430.00000000000    1.0000000325280
    -429.00000000000    1.0000000325280
    -428.00000000000    1.0000000325280
    -427.00000000000    1.0000000325280
    -426.00000000000    1.0000000325280
    -425.00000000000    1.0000000325280
    -424.00000000000    1.0000000325280
    -423.00000000000    1.0000000325280
    -422.00000000000    1.0000000325280
    -421.00000000000    1.0000000325280
    -420.00000000000    1.0000000325280
    -419.00000000000    1.0000000325280
    -418.00000000000    1.0000000325280
    -417.00000000000    1.0000000325280
    -416.00000000000    1.0000000325280
    -415.00000000000    1.0000000325280
    -414.00000000000    1.0000000325280
    -413.00000000000    1.0000000325280
    -412.00000000000    1.0000000325280
    -411.00000000000    1.0000000325280
    -410.00000000000    1.0000000325280
    -409.00000000000    1.0000000325280
    -408.00000000000    1.0000000325280
    -407.00000000000    1.0000000325280
    -406.00000000000    1.0000000325280
    -405.00000000000    1.0000000325280
    -404.00000000000    1.0000000325280
    -403.00000000000    1.0000000325280
    -402.00000000000    1.0000000325280
    -401.00000000000    1.0000000325280
    -400.00000000000    1.0000000325280
    -399.00000000000    1.0000000325280
    -398.00000000000    1.0000000325280
    -397.00000000000    1.0000000325280
    -396.00000000000    1.0000000325280
    -395.00000000000    1.0000000325280
    -394.00000000000    1.0000000325280
    -393.00000000000    1.0000000325280
    -392.00000000000    1.0000000325280
    -391.00000000000    1.0000000325280
    -390.00000000000    1.0000000325280
    -389.00000000000    1.0000000325280
    -388.00000000000    1.0000000325280
    -387.00000000000    1.0000000325280
    -386.00000000000    1.0000000325280
    -385.00000000000    1.0000000325280
    -384.00000000000    1.0000000325280
    -383.00000000000    1.0000000325280
    -382.00000000000    1.0000000325280
    -381.00000000000    1.0000000325280
    -380.00000000000    1.0000000325280
    -379.00000000000    1.0000000325280
    -378.00000000000    1.0000000325280
    -377.00000000000    1.0000000325280
    -376.00000000000    1.0000000325280
    -375.00000000000    1.0000000325280
    -374.00000000000    1.0000000325280
    -373.00000000000    1.0000000325280
    -372.00000000000    1.0000000325280
    -371.00000000000    1.0000000325280
    -370.00000000000    1.0000000325280
    -369.00000000000    1.0000000325280
    -368.00000000000    1.0000000325280
    -367.00000000000    1.0000000325280
    -366.00000000000    1.0000000325280
    -365.00000000000    1.0000000325280
    -364.00000000000    1.0000000325280
    -363.00000000000    1.0000000325280
    -362.00000000000    1.0000000325280
    -361.00000000000    1.0000000325280
    -360.00000000000    1.0000000325280
    -359.00000000000    1.0000000325280
    -358.00000000000    1.0000000325280
    -357.00000000000    1.0000000325280
    -356.00000000000    1.0000000325280
    -355.00000000000    1.0000000325280
    -354.00000000000    1.0000000325280
    -353.00000000000    1.0000000325280
    -352.00000000000    1.0000000325280
    -351.00000000000    1.0000000325280
    -350.00000000000    1.0000000325280
    -349.00000000000    1.0000000325280
    -348.00000000000    1.0000000325280
    -347.00000000000    1.0000000325280
    -346.00000000000    1.0000000325280
    -345.00000000000    1.0000000325280
    -344.00000000000    1.0000000325280
    -343.00000000000    1.0000000325280
    -342.00000000000    1.0000000325280
    -341.00000000000    1.0000000325280
    -340.00000000000    1.0000000325280
    -339.00000000000    1.0000000325280
    -338.00000000000    1.0000000325280
    -337.00000000000    1.0000000325280
    -336.00000000000    1.0000000325280
    -335.00000000000    1.0000000325280
    -334.00000000000    1.0000000325280
    -333.00000000000    1.0000000325280
    -332.00000000000    1.0000000325280
    -331.00000000000    1.0000000325280
    -330.00000000000    1.0000000325280
    -329.00000000000    1.0000000325280
    -328.00000000000    1.0000000325280
    -327.00000000000    1.0000000325280
    -326.00000000000    1.0000000325280
    -325.00000000000    1.0000000325280
    -324.00000000000    1.0000000325280
    -323.00000000000    1.0000000325280
    -322.00000000000    1.0000000325280
    -321.00000000000    1.0000000325280
    -320.00000000000    1.0000000325280
    -319.00000000000    1.0000000325280
    -318.00000000000    1.0000000325280
    -317.00000000000    1.0000000325280
    -316.00000000000    1.0000000325280
    -315.00000000000    1.0000000325280
    -314.00000000000    1.0000000325280
    -313.00000000000    1.0000000325280
    -312.00000000000    1.0000000325280
    -311.00000000000    1.0000000325280
    -310.00000000000    1.0000000325280
    -309.00000000000    1.0000000325280
    -308.00000000000    1.0000000325280
    -307.00000000000    1.0000000325280
    -306.00000000000    1.0000000325280
    -305.00000000000    1.0000000325280
    -304.00000000000    1.0000000325280
    -303.00000000000    1.0000000325280
    -302.00000000000    1.0000000325280
    -301.00000000000    1.0000000325280
    -300.00000000000    1.0000000325280
    -299.00000000000    1.0000000325280
    -298.00000000000    1.0000000325280
    -297.00000000000    1.0000000325280
    -296.00000000000    1.0000000325280
    -295.00000000000    1.0000000325280
    -294.00000000000    1.0000000325280
    -293.00000000000    1.0000000325280
    -292.00000000000    1.0000000325280
    -291.00000000000    1.0000000325280
    -290.00000000000    1.0000000325280
    -289.00000000000    1.0000000325280
    -288.00000000000    1.0000000325280
    -287.00000000000    1.0000000325280
    -286.00000000000    1.0000000325280
    -285.00000000000    1.0000000325280
    -284.00000000000    1.0000000325280
    -283.00000000000    1.0000000325280
    -282.00000000000    1.0000000325280
    -281.00000000000    1.0000000325280
    -280.00000000000    1.0000000325280
    -279.00000000000    1.0000000325280
    -278.00000000000    1.0000000325280
    -277.00000000000    1.0000000325280
    -276.00000000000    1.0000000325280
    -275.00000000000    1.0000000325280
    -274.00000000000    1.0000000325280
    -273.00000000000    1.0000000325280
    -272.00000000000    1.0000000325280
    -271.00000000000    1.0000000325280
    -270.00000000000    1.0000000325280
    -269.00000000000    1.0000000325280
    -268.00000000000    1.0000000325280
    -267.00000000000    1.0000000325280
    -266.00000000000    1.0000000325280
    -265.00000000000    1.0000000325280
    -264.00000000000    1.0000000325280
    -263.00000000000    1.0000000325280
    -262.00000000000    1.0000000325280
    -261.00000000000    1.0000000325280
    -260.00000000000    1.0000000325280
    -259.00000000000    1.0000000325280
    -258.00000000000    1.0000000325280
    -257.00000000000    1.0000000325280
    -256.00000000000    1.0000000325280
    -255.00000000000    1.0000000325280
    -254.00000000000    1.0000000325280
    -253.00000000000    1.0000000325280
    -252.00000000000    1.0000000325280
    -251.00000000000    1.0000000325280
    -250.00000000000    1.0000000325280
    -249.00000000000    1.0000000325280
    -248.00000000000    1.0000000325279
    -247.00000000000    1.0000000325275
    -246.00000000000    1.0000000325260
    -245.00000000000    1.0000000325207
    -244.00000000000    1.0000000325026
    -243.00000000000    1.0000000324435
    -242.00000000000    1.0000000322581
    -241.00000000000    1.0000000317021
    -240.00000000000    1.0000000301064
    -239.00000000000    1.0000000257236
    -238.00000000000    1.0000000142019
    -237.00000000000   0.99999998520943
    -236.00000000000   0.99999991536998
    -235.00000000000   0.99999975430166
    -234.00000000000   0.99999939861468
    -233.00000000000   0.99999864640961
    -232.00000000000   0.99999712275847
    -231.00000000000   0.99999416613083
    -230.00000000000   0.99998866866544
    -229.00000000000   0.99997887172200
    -228.00000000000   0.99996213364114
    -227.00000000000   0.99993470822747
    -226.00000000000   0.99989159568046
    -225.00000000000   0.99982654409946
    -224.00000000000   0.99973227854750
    -223.00000000000   0.99960100692759
    -222.00000000000   0.99942519558609
    -221.00000000000   0.99919853190728
    -220.00000000000   0.99891691708495
    -219.00000000000   0.99857928672158
    -218.00000000000   0.99818806267509
    -217.00000000000   0.99774910423734
    -216.00000000000   0.99727113664566
    -215.00000000000   0.99676475806199
    -214.00000000000   0.99624122359792
    -213.00000000000   0.99571124625810
    -212.00000000000   0.99518402973237
    -211.00000000000   0.99466667002915
    -210.00000000000   0.99416396160046
    -209.00000000000   0.99367855187497
    -208.00000000000   0.99321132996225
    -207.00000000000   0.99276191896824
    -206.00000000000   0.99232916016749
    -205.00000000000   0.99191151577752
    -204.00000000000   0.99150735880975
    -203.00000000000   0.99111515163466
    -202.00000000000   0.99073353448652
    -201.00000000000   0.99036135190674
    -200.00000000000   0.98999764303282
    -199.00000000000   0.98964161525179
    -198.00000000000   0.98929261360707
    -197.00000000000   0.98895009247283
    -196.00000000000   0.98861359204220
    -195.00000000000   0.98828271994247
    -194.00000000000   0.98795713729061
    -193.00000000000   0.98763654822569
    -192.00000000000   0.98732069202319
    -191.00000000000   0.98700933708021
    -190.00000000000   0.98670227625082
    -189.00000000000   0.98639932316403
    -188.00000000000   0.98610030926914
    -187.00000000000   0.98580508142967
    -186.00000000000   0.98551349993949
    -185.00000000000   0.98522543686929
    -184.00000000000   0.98494077467554
    -183.00000000000   0.98465940502088
    -182.00000000000   0.98438122776651
    -181.00000000000   0.98410615010601
    -180.00000000000   0.98383408581641
    -179.00000000000   0.98356495460712
    -178.00000000000   0.98329868155129
    -177.00000000000   0.98303519658684
    -176.00000000000   0.98277443407680
    -175.00000000000   0.98251633242047
    -174.00000000000   0.98226083370821
    -173.00000000000   0.98200788341396
    -172.00000000000   0.98175743012045
    -171.00000000000   0.98150942527298
    -170.00000000000   0.98126382295803
    -169.00000000000   0.98102057970385
    -168.00000000000   0.98077965430014
    -167.00000000000   0.98054100763489
    -166.00000000000   0.98030460254617
    -165.00000000000   0.98007040368734
    -164.00000000000   0.97983837740413
    -163.00000000000   0.97960849162241
    -162.00000000000   0.97938071574546
    -161.00000000000   0.97915502055975
    -160.00000000000   0.97893137814845
    -159.00000000000   0.97870976181183
    -158.00000000000   0.97849014599393
    -157.00000000000   0.97827250621490
    -156.00000000000   0.97805681900840
    -155.00000000000   0.97784306186376
    -154.00000000000   0.97763121317230
    -153.00000000000   0.97742125217753
    -152.00000000000   0.97721315892887
    -151.00000000000   0.97700691423863
    -150.00000000000   0.97680249964190
    -149.00000000000   0.97659989735914
    -148.00000000000   0.97639909026128
    -147.00000000000   0.97620006183710
    -146.00000000000   0.97600279616271
    -145.00000000000   0.97580727787294
    -144.00000000000   0.97561349213456
    -143.00000000000   0.97542142462115
    -142.00000000000   0.97523106148947
    -141.00000000000   0.97504238935725
    -140.00000000000   0.97485539528235
    -139.00000000000   0.97467006674306
    -138.00000000000   0.97448639161958
    -137.00000000000   0.97430435817655
    -136.00000000000   0.97412395504655
    -135.00000000000   0.97394517121452
    -134.00000000000   0.97376799600303
    -133.00000000000   0.97359241905837
    -132.00000000000   0.97341843033733
    -131.00000000000   0.97324602009473
    -130.00000000000   0.97307517887157
    -129.00000000000   0.97290589748382
    -128.00000000000   0.97273816701176
    -127.00000000000   0.97257197878981
    -126.00000000000   0.97240732439700
    -125.00000000000   0.97224419564777
    -124.00000000000   0.97208258458327
    -123.00000000000   0.97192248346311
    -122.00000000000   0.97176388475748
    -121.00000000000   0.97160678113960
    -120.00000000000   0.97145116547860
    -119.00000000000   0.97129703083268
    -118.00000000000   0.97114437044256
    -117.00000000000   0.97099317772533
    -116.00000000000   0.97084344626842
    -115.00000000000   0.97069516982399
    -114.00000000000   0.97054834230347
    -113.00000000000   0.97040295777236
    -112.00000000000   0.97025901044528
    -111.00000000000   0.97011649468120
    -110.00000000000   0.96997540497891
    -109.00000000000   0.96983573597261
    -108.00000000000   0.96969748242776
    -107.00000000000   0.96956063923708
    -106.00000000000   0.96942520141666
   -105.000000000000   0.96929116410231
   -104.000000000000   0.96915852254600
   -103.000000000000   0.96902727211247
   -102.000000000000   0.96889740827595
   -101.000000000000   0.96876892661702
   -100.000000000000   0.96864182281961
    -99.000000000000   0.96851609266807
    -98.000000000000   0.96839173204444
    -97.000000000000   0.96826873692567
    -96.000000000000   0.96814710338114
    -95.000000000000   0.96802682757009
    -94.000000000000   0.96790790573930
    -93.000000000000   0.96779033422072
    -92.000000000000   0.96767410942928
    -91.000000000000   0.96755922786075
    -90.000000000000   0.96744568608969
    -89.000000000000   0.96733348076741
    -88.000000000000   0.96722260862011
    -87.000000000000   0.96711306644699
    -86.000000000000   0.96700485111849
    -85.000000000000   0.96689795957457
    -84.000000000000   0.96679238882299
    -83.000000000000   0.96668813593780
    -82.000000000000   0.96658519805769
    -81.000000000000   0.96648357238458
    -80.000000000000   0.96638325618211
    -79.000000000000   0.96628424677426
    -78.000000000000   0.96618654154403
    -77.000000000000   0.96609013793209
    -76.000000000000   0.96599503343553
    -75.000000000000   0.96590122560667
    -74.000000000000   0.96580871205184
    -73.000000000000   0.96571749043025
    -72.000000000000   0.96562755845290
    -71.000000000000   0.96553891388150
    -70.000000000000   0.96545155452744
    -69.000000000000   0.96536547825079
    -68.000000000000   0.96528068295932
    -67.000000000000   0.96519716660759
    -66.000000000000   0.96511492719603
    -65.000000000000   0.96503396277004
    -64.000000000000   0.96495427141918
    -63.000000000000   0.96487585127633
    -62.000000000000   0.96479870051687
    -61.000000000000   0.96472281735796
    -60.000000000000   0.96464820005774
    -59.000000000000   0.96457484691464
    -58.000000000000   0.96450275626667
    -57.000000000000   0.96443192649076
    -56.000000000000   0.96436235600206
    -55.000000000000   0.96429404325335
    -54.000000000000   0.96422698673439
    -53.000000000000   0.96416118497135
    -52.000000000000   0.96409663652621
    -51.000000000000   0.96403333999624
    -50.000000000000   0.96397129401339
    -49.000000000000   0.96391049724385
    -48.000000000000   0.96385094838746
    -47.000000000000   0.96379264617731
    -46.000000000000   0.96373558937916
    -45.000000000000   0.96367977679109
    -44.000000000000   0.96362520724295
    -43.000000000000   0.96357187959603
    -42.000000000000   0.96351979274256
    -41.000000000000   0.96346894560537
    -40.000000000000   0.96341933713746
    -39.000000000000   0.96337096632165
    -38.000000000000   0.96332383217020
    -37.000000000000   0.96327793372448
    -36.000000000000   0.96323327005462
    -35.000000000000   0.96318984025917
    -34.000000000000   0.96314764346483
    -33.000000000000   0.96310667882609
    -32.000000000000   0.96306694552498
    -31.000000000000   0.96302844277078
    -30.000000000000   0.96299116979973
    -29.000000000000   0.96295512587482
    -28.000000000000   0.96292031028546
    -27.000000000000   0.96288672234731
    -26.000000000000   0.96285436140204
    -25.000000000000   0.96282322681708
    -24.000000000000   0.96279331798542
    -23.000000000000   0.96276463432542
    -22.000000000000   0.96273717528062
    -21.000000000000   0.96271094031954
    -20.000000000000   0.96268592893552
    -19.000000000000   0.96266214064653
    -18.000000000000   0.96263957499505
    -17.000000000000   0.96261823154788
    -16.000000000000   0.96259810989605
    -15.000000000000   0.96257920965463
    -14.000000000000   0.96256153046264
    -13.000000000000   0.96254507198294
    -12.000000000000   0.96252983390208
    -11.000000000000   0.96251581593026
   -10.0000000000000   0.96250301780118
    -9.0000000000000   0.96249143927199
    -8.0000000000000   0.96248108012320
    -7.0000000000000   0.96247194015861
    -6.0000000000000   0.96246401920525
    -5.0000000000000   0.96245731711331
    -4.0000000000000   0.96245183375614
    -3.0000000000000   0.96244756903014
    -2.0000000000000   0.96244452285479
    -1.0000000000000   0.96244269517257
   0.   0.96244208594900
     1.0000000000000   0.96244269517257
     2.0000000000000   0.96244452285479
     3.0000000000000   0.96244756903014
     4.0000000000000   0.96245183375614
     5.0000000000000   0.96245731711331
     6.0000000000000   0.96246401920525
     7.0000000000000   0.96247194015861
     8.0000000000000   0.96248108012320
     9.0000000000000   0.96249143927199
    10.0000000000000   0.96250301780118
     11.000000000000   0.96251581593026
     12.000000000000   0.96252983390208
     13.000000000000   0.96254507198294
     14.000000000000   0.96256153046264
     15.000000000000   0.96257920965463
     16.000000000000   0.96259810989605
     17.000000000000   0.96261823154788
     18.000000000000   0.96263957499504
     19.000000000000   0.96266214064653
     20.000000000000   0.96268592893552
     21.000000000000   0.96271094031954
     22.000000000000   0.96273717528062
     23.000000000000   0.96276463432542
     24.000000000000   0.96279331798542
     25.000000000000   0.96282322681708
     26.000000000000   0.96285436140204
     27.000000000000   0.96288672234731
     28.000000000000   0.96292031028546
     29.000000000000   0.96295512587482
     30.000000000000   0.96299116979973
     31.000000000000   0.96302844277078
     32.000000000000   0.96306694552498
     33.000000000000   0.96310667882608
     34.000000000000   0.96314764346483
     35.000000000000   0.96318984025917
     36.000000000000   0.96323327005462
     37.000000000000   0.96327793372448
     38.000000000000   0.96332383217020
     39.000000000000   0.96337096632165
     40.000000000000   0.96341933713746
     41.000000000000   0.96346894560537
     42.000000000000   0.96351979274256
     43.000000000000   0.96357187959603
     44.000000000000   0.96362520724295
     45.000000000000   0.96367977679109
     46.000000000000   0.96373558937916
     47.000000000000   0.96379264617731
     48.000000000000   0.96385094838746
     49.000000000000   0.96391049724384
     50.000000000000   0.96397129401339
     51.000000000000   0.96403333999624
     52.000000000000   0.96409663652621
     53.000000000000   0.96416118497135
     54.000000000000   0.96422698673439
     55.000000000000   0.96429404325335
     56.000000000000   0.96436235600206
     57.000000000000   0.96443192649076
     58.000000000000   0.96450275626667
     59.000000000000   0.96457484691464
     60.000000000000   0.96464820005774
     61.000000000000   0.96472281735796
     62.000000000000   0.96479870051687
     63.000000000000   0.96487585127633
     64.000000000000   0.96495427141918
     65.000000000000   0.96503396277004
     66.000000000000   0.96511492719603
     67.000000000000   0.96519716660759
     68.000000000000   0.96528068295932
     69.000000000000   0.96536547825078
     70.000000000000   0.96545155452744
     71.000000000000   0.96553891388150
     72.000000000000   0.96562755845290
     73.000000000000   0.96571749043025
     74.000000000000   0.96580871205184
     75.000000000000   0.96590122560667
     76.000000000000   0.96599503343553
     77.000000000000   0.96609013793209
     78.000000000000   0.96618654154403
     79.000000000000   0.96628424677426
     80.000000000000   0.96638325618211
     81.000000000000   0.96648357238458
     82.000000000000   0.96658519805769
     83.000000000000   0.96668813593780
     84.000000000000   0.96679238882299
     85.000000000000   0.96689795957457
     86.000000000000   0.96700485111849
     87.000000000000   0.96711306644699
     88.000000000000   0.96722260862011
     89.000000000000   0.96733348076741
     90.000000000000   0.96744568608969
     91.000000000000   0.96755922786075
     92.000000000000   0.96767410942928
     93.000000000000   0.96779033422072
     94.000000000000   0.96790790573930
     95.000000000000   0.96802682757009
     96.000000000000   0.96814710338114
     97.000000000000   0.96826873692567
     98.000000000000   0.96839173204444
     99.000000000000   0.96851609266807
    100.000000000000   0.96864182281961
    101.000000000000   0.96876892661702
    102.000000000000   0.96889740827595
    103.000000000000   0.96902727211247
    104.000000000000   0.96915852254600
    105.000000000000   0.96929116410231
     106.00000000000   0.96942520141666
     107.00000000000   0.96956063923708
     108.00000000000   0.96969748242776
     109.00000000000   0.96983573597261
     110.00000000000   0.96997540497891
     111.00000000000   0.97011649468120
     112.00000000000   0.97025901044528
     113.00000000000   0.97040295777235
     114.00000000000   0.97054834230347
     115.00000000000   0.97069516982399
     116.00000000000   0.97084344626842
     117.00000000000   0.97099317772533
     118.00000000000   0.97114437044256
     119.00000000000   0.97129703083268
     120.00000000000   0.97145116547860
     121.00000000000   0.97160678113960
     122.00000000000   0.97176388475748
     123.00000000000   0.97192248346311
     124.00000000000   0.97208258458327
     125.00000000000   0.97224419564777
     126.00000000000   0.97240732439700
     127.00000000000   0.97257197878981
     128.00000000000   0.97273816701176
     129.00000000000   0.97290589748382
     130.00000000000   0.97307517887157
     131.00000000000   0.97324602009473
     132.00000000000   0.97341843033733
     133.00000000000   0.97359241905837
     134.00000000000   0.97376799600303
     135.00000000000   0.97394517121452
     136.00000000000   0.97412395504655
     137.00000000000   0.97430435817655
     138.00000000000   0.97448639161958
     139.00000000000   0.97467006674306
     140.00000000000   0.97485539528235
     141.00000000000   0.97504238935725
     142.00000000000   0.97523106148947
     143.00000000000   0.97542142462115
     144.00000000000   0.97561349213456
     145.00000000000   0.97580727787294
     146.00000000000   0.97600279616271
     147.00000000000   0.97620006183710
     148.00000000000   0.97639909026128
     149.00000000000   0.97659989735914
     150.00000000000   0.97680249964190
     151.00000000000   0.97700691423863
     152.00000000000   0.97721315892887
     153.00000000000   0.97742125217753
     154.00000000000   0.97763121317230
     155.00000000000   0.97784306186376
     156.00000000000   0.97805681900840
     157.00000000000   0.97827250621490
     158.00000000000   0.97849014599393
     159.00000000000   0.97870976181183
     160.00000000000   0.97893137814845
     161.00000000000   0.97915502055975
     162.00000000000   0.97938071574546
     163.00000000000   0.97960849162241
     164.00000000000   0.97983837740413
     165.00000000000   0.98007040368734
     166.00000000000   0.98030460254617
     167.00000000000   0.98054100763489
     168.00000000000   0.98077965430014
     169.00000000000   0.98102057970385
     170.00000000000   0.98126382295803
     171.00000000000   0.98150942527298
     172.00000000000   0.98175743012045
     173.00000000000   0.98200788341396
     174.00000000000   0.98226083370821
     175.00000000000   0.98251633242047
     176.00000000000   0.98277443407680
     177.00000000000   0.98303519658684
     178.00000000000   0.98329868155129
     179.00000000000   0.98356495460712
     180.00000000000   0.98383408581641
     181.00000000000   0.98410615010601
     182.00000000000   0.98438122776651
     183.00000000000   0.98465940502088
     184.00000000000   0.98494077467554
     185.00000000000   0.98522543686929
     186.00000000000   0.98551349993949
     187.00000000000   0.98580508142966
     188.00000000000   0.98610030926914
     189.00000000000   0.98639932316403
     190.00000000000   0.98670227625082
     191.00000000000   0.98700933708021
     192.00000000000   0.98732069202319
     193.00000000000   0.98763654822569
     194.00000000000   0.98795713729061
     195.00000000000   0.98828271994247
     196.00000000000   0.98861359204220
     197.00000000000   0.98895009247283
     198.00000000000   0.98929261360707
     199.00000000000   0.98964161525179
     200.00000000000   0.98999764303282
     201.00000000000   0.99036135190674
     202.00000000000   0.99073353448652
     203.00000000000   0.99111515163466
     204.00000000000   0.99150735880975
     205.00000000000   0.99191151577752
     206.00000000000   0.99232916016749
     207.00000000000   0.99276191896824
     208.00000000000   0.99321132996225
     209.00000000000   0.99367855187497
     210.00000000000   0.99416396160046
     211.00000000000   0.99466667002915
     212.00000000000   0.99518402973237
     213.00000000000   0.99571124625810
     214.00000000000   0.99624122359792
     215.00000000000   0.99676475806199
     216.00000000000   0.99727113664566
     217.00000000000   0.99774910423734
     218.00000000000   0.99818806267509
     219.00000000000   0.99857928672158
     220.00000000000   0.99891691708495
     221.00000000000   0.99919853190728
     222.00000000000   0.99942519558609
     223.00000000000   0.99960100692759
     224.00000000000   0.99973227854750
     225.00000000000   0.99982654409946
     226.00000000000   0.99989159568046
     227.00000000000   0.99993470822747
     228.00000000000   0.99996213364114
     229.00000000000   0.99997887172200
     230.00000000000   0.99998866866543
     231.00000000000   0.99999416613083
     232.00000000000   0.99999712275847
     233.00000000000   0.99999864640961
     234.00000000000   0.99999939861468
     235.00000000000   0.99999975430166
     236.00000000000   0.99999991536998
     237.00000000000   0.99999998520943
     238.00000000000    1.0000000142019
     239.00000000000    1.0000000257236
     240.00000000000    1.0000000301064
     241.00000000000    1.0000000317021
     242.00000000000    1.0000000322581
     243.00000000000    1.0000000324435
     244.00000000000    1.0000000325026
     245.00000000000    1.0000000325207
     246.00000000000    1.0000000325260
     247.00000000000    1.0000000325275
     248.00000000000    1.0000000325279
     249.00000000000    1.0000000325280
     250.00000000000    1.0000000325280
     251.00000000000    1.0000000325280
     252.00000000000    1.0000000325280
     253.00000000000    1.0000000325280
     254.00000000000    1.0000000325280
     255.00000000000    1.0000000325280
     256.00000000000    1.0000000325280
     257.00000000000    1.0000000325280
     258.00000000000    1.0000000325280
     259.00000000000    1.0000000325280
     260.00000000000    1.0000000325280
     261.00000000000    1.0000000325280
     262.00000000000    1.0000000325280
     263.00000000000    1.0000000325280
     264.00000000000    1.0000000325280
     265.00000000000    1.0000000325280
     266.00000000000    1.0000000325280
     267.00000000000    1.0000000325280
     268.00000000000    1.0000000325280
     269.00000000000    1.0000000325280
     270.00000000000    1.0000000325280
     271.00000000000    1.0000000325280
     272.00000000000    1.0000000325280
     273.00000000000    1.0000000325280
     274.00000000000    1.0000000325280
     275.00000000000    1.0000000325280
     276.00000000000    1.0000000325280
     277.00000000000    1.0000000325280
     278.00000000000    1.0000000325280
     279.00000000000    1.0000000325280
     280.00000000000    1.0000000325280
     281.00000000000    1.0000000325280
     282.00000000000    1.0000000325280
     283.00000000000    1.0000000325280
     284.00000000000    1.0000000325280
     285.00000000000    1.0000000325280
     286.00000000000    1.0000000325280
     287.00000000000    1.0000000325280
     288.00000000000    1.0000000325280
     289.00000000000    1.0000000325280
     290.00000000000    1.0000000325280
     291.00000000000    1.0000000325280
     292.00000000000    1.0000000325280
     293.00000000000    1.0000000325280
     294.00000000000    1.0000000325280
     295.00000000000    1.0000000325280
     296.00000000000    1.0000000325280
     297.00000000000    1.0000000325280
     298.00000000000    1.0000000325280
     299.00000000000    1.0000000325280
     300.00000000000    1.0000000325280
     301.00000000000    1.0000000325280
     302.00000000000    1.0000000325280
     303.00000000000    1.0000000325280
     304.00000000000    1.0000000325280
     305.00000000000    1.0000000325280
     306.00000000000    1.0000000325280
     307.00000000000    1.0000000325280
     308.00000000000    1.0000000325280
     309.00000000000    1.0000000325280
     310.00000000000    1.0000000325280
     311.00000000000    1.0000000325280
     312.00000000000    1.0000000325280
     313.00000000000    1.0000000325280
     314.00000000000    1.0000000325280
     315.00000000000    1.0000000325280
     316.00000000000    1.0000000325280
     317.00000000000    1.0000000325280
     318.00000000000    1.0000000325280
     319.00000000000    1.0000000325280
     320.00000000000    1.0000000325280
     321.00000000000    1.0000000325280
     322.00000000000    1.0000000325280
     323.00000000000    1.0000000325280
     324.00000000000    1.0000000325280
     325.00000000000    1.0000000325280
     326.00000000000    1.0000000325280
     327.00000000000    1.0000000325280
     328.00000000000    1.0000000325280
     329.00000000000    1.0000000325280
     330.00000000000    1.0000000325280
     331.00000000000    1.0000000325280
     332.00000000000    1.0000000325280
     333.00000000000    1.0000000325280
     334.00000000000    1.0000000325280
     335.00000000000    1.0000000325280
     336.00000000000    1.0000000325280
     337.00000000000    1.0000000325280
     338.00000000000    1.0000000325280
     339.00000000000    1.0000000325280
     340.00000000000    1.0000000325280
     341.00000000000    1.0000000325280
     342.00000000000    1.0000000325280
     343.00000000000    1.0000000325280
     344.00000000000    1.0000000325280
     345.00000000000    1.0000000325280
     346.00000000000    1.0000000325280
     347.00000000000    1.0000000325280
     348.00000000000    1.0000000325280
     349.00000000000    1.0000000325280
     350.00000000000    1.0000000325280
     351.00000000000    1.0000000325280
     352.00000000000    1.0000000325280
     353.00000000000    1.0000000325280
     354.00000000000    1.0000000325280
     355.00000000000    1.0000000325280
     356.00000000000    1.0000000325280
     357.00000000000    1.0000000325280
     358.00000000000    1.0000000325280
     359.00000000000    1.0000000325280
     360.00000000000    1.0000000325280
     361.00000000000    1.0000000325280
     362.00000000000    1.0000000325280
     363.00000000000    1.0000000325280
     364.00000000000    1.0000000325280
     365.00000000000    1.0000000325280
     366.00000000000    1.0000000325280
     367.00000000000    1.0000000325280
     368.00000000000    1.0000000325280
     369.00000000000    1.0000000325280
     370.00000000000    1.0000000325280
     371.00000000000    1.0000000325280
     372.00000000000    1.0000000325280
     373.00000000000    1.0000000325280
     374.00000000000    1.0000000325280
     375.00000000000    1.0000000325280
     376.00000000000    1.0000000325280
     377.00000000000    1.0000000325280
     378.00000000000    1.0000000325280
     379.00000000000    1.0000000325280
     380.00000000000    1.0000000325280
     381.00000000000    1.0000000325280
     382.00000000000    1.0000000325280
     383.00000000000    1.0000000325280
     384.00000000000    1.0000000325280
     385.00000000000    1.0000000325280
     386.00000000000    1.0000000325280
     387.00000000000    1.0000000325280
     388.00000000000    1.0000000325280
     389.00000000000    1.0000000325280
     390.00000000000    1.0000000325280
     391.00000000000    1.0000000325280
     392.00000000000    1.0000000325280
     393.00000000000    1.0000000325280
     394.00000000000    1.0000000325280
     395.00000000000    1.0000000325280
     396.00000000000    1.0000000325280
     397.00000000000    1.0000000325280
     398.00000000000    1.0000000325280
     399.00000000000    1.0000000325280
     400.00000000000    1.0000000325280
     401.00000000000    1.0000000325280
     402.00000000000    1.0000000325280
     403.00000000000    1.0000000325280
     404.00000000000    1.0000000325280
     405.00000000000    1.0000000325280
     406.00000000000    1.0000000325280
     407.00000000000    1.0000000325280
     408.00000000000    1.0000000325280
     409.00000000000    1.0000000325280
     410.00000000000    1.0000000325280
     411.00000000000    1.0000000325280
     412.00000000000    1.0000000325280
     413.00000000000    1.0000000325280
     414.00000000000    1.0000000325280
     415.00000000000    1.0000000325280
     416.00000000000    1.0000000325280
     417.00000000000    1.0000000325280
     418.00000000000    1.0000000325280
     419.00000000000    1.0000000325280
     420.00000000000    1.0000000325280
     421.00000000000    1.0000000325280
     422.00000000000    1.0000000325280
     423.00000000000    1.0000000325280
     424.00000000000    1.0000000325280
     425.00000000000    1.0000000325280
     426.00000000000    1.0000000325280
     427.00000000000    1.0000000325280
     428.00000000000    1.0000000325280
     429.00000000000    1.0000000325280
     430.00000000000    1.0000000325280
     431.00000000000    1.0000000325280
     432.00000000000    1.0000000325280
     433.00000000000    1.0000000325280
     434.00000000000    1.0000000325280
     435.00000000000    1.0000000325280
     436.00000000000    1.0000000325280
     437.00000000000    1.0000000325280
     438.00000000000    1.0000000325280
     439.00000000000    1.0000000325280
     440.00000000000    1.0000000325280
     441.00000000000    1.0000000325280
     442.00000000000    1.0000000325280
     443.00000000000    1.0000000325280
     444.00000000000    1.0000000325280
     445.00000000000    1.0000000325280
     446.00000000000    1.0000000325280
     447.00000000000    1.0000000325280
     448.00000000000    1.0000000325280
     449.00000000000    1.0000000325280
     450.00000000000    1.0000000325280
     451.00000000000    1.0000000325280
     452.00000000000    1.0000000325280
     453.00000000000    1.0000000325280
     454.00000000000    1.0000000325280
     455.00000000000    1.0000000325280
     456.00000000000    1.0000000325280
     457.00000000000    1.0000000325280
     458.00000000000    1.0000000325280
     459.00000000000    1.0000000325280
     460.00000000000    1.0000000325280
     461.00000000000    1.0000000325280
     462.00000000000    1.0000000325280
     463.00000000000    1.0000000325280
     464.00000000000    1.0000000325280
     465.00000000000    1.0000000325280
     466.00000000000    1.0000000325280
     467.00000000000    1.0000000325280
     468.00000000000    1.0000000325280
     469.00000000000    1.0000000325280
     470.00000000000    1.0000000325280
     471.00000000000    1.0000000325280
     472.00000000000    1.0000000325280
     473.00000000000    1.0000000325280
     474.00000000000    1.0000000325280
     475.00000000000    1.0000000325280
     476.00000000000    1.0000000325280
     477.00000000000    1.0000000325280
     478.00000000000    1.0000000325280
     479.00000000000    1.0000000325280
     480.00000000000    1.0000000325280
     481.00000000000    1.0000000325280
     482.00000000000    1.0000000325280
     483.00000000000    1.0000000325280
     484.00000000000    1.0000000325280
     485.00000000000    1.0000000325280
     486.00000000000    1.0000000325280
     487.00000000000    1.0000000325280
     488.00000000000    1.0000000325280
     489.00000000000    1.0000000325280
     490.00000000000    1.0000000325280
     491.00000000000    1.0000000325280
     492.00000000000    1.0000000325280
     493.00000000000    1.0000000325280
     494.00000000000    1.0000000325280
     495.00000000000    1.0000000325280
     496.00000000000    1.0000000325280
     497.00000000000    1.0000000325280
     498.00000000000    1.0000000325280
     499.00000000000    1.0000000325280
     500.00000000000    1.0000000325280
