    -500.00000000000    1.0000000325280
    -499.00000000000    1.0000000325280
    -498.00000000000    1.0000000325280
    -497.00000000000    1.0000000325280
    -496.00000000000    1.0000000325280
    -495.00000000000    1.0000000325280
    -494.00000000000    1.0000000325280
    -493.00000000000    1.0000000325280
    -492.00000000000    1.0000000325280
    -491.00000000000    1.0000000325280
    -490.00000000000    1.0000000325280
    -489.00000000000    1.0000000325280
    -488.00000000000    1.0000000325280
    -487.00000000000    1.0000000325280
    -486.00000000000    1.0000000325280
    -485.00000000000    1.0000000325280
    -484.00000000000    1.0000000325280
    -483.00000000000    1.0000000325280
    -482.00000000000    1.0000000325280
    -481.00000000000    1.0000000325280
    -480.00000000000    1.0000000325280
    -479.00000000000    1.0000000325280
    -478.00000000000    1.0000000325280
    -477.00000000000    1.0000000325280
    -476.00000000000    1.0000000325280
    -475.00000000000    1.0000000325280
    -474.00000000000    1.0000000325280
    -473.00000000000    1.0000000325280
    -472.00000000000    1.0000000325280
    -471.00000000000    1.0000000325280
    -470.00000000000    1.0000000325280
    -469.00000000000    1.0000000325280
    -468.00000000000    1.0000000325280
    -467.00000000000    1.0000000325280
    -466.00000000000    1.0000000325280
    -465.00000000000    1.0000000325280
    -464.00000000000    1.0000000325280
    -463.00000000000    1.0000000325280
    -462.00000000000    1.0000000325280
    -461.00000000000    1.0000000325280
    -460.00000000000    1.0000000325280
    -459.00000000000    1.0000000325280
    -458.00000000000    1.0000000325280
    -457.00000000000    1.0000000325280
    -456.00000000000    1.0000000325280
    -455.00000000000    1.0000000325280
    -454.00000000000    1.0000000325280
    -453.00000000000    1.0000000325280
    -452.00000000000    1.0000000325280
    -451.00000000000    1.0000000325280
    -450.00000000000    1.0000000325280
    -449.00000000000    1.0000000325280
    -448.00000000000    1.0000000325280
    -447.00000000000    1.0000000325280
    -446.00000000000    1.0000000325280
    -445.00000000000    1.0000000325280
    -444.00000000000    1.0000000325280
    -443.00000000000    1.0000000325280
    -442.00000000000    1.0000000325280
    -441.00000000000    1.0000000325280
    -440.00000000000    1.0000000325280
    -439.00000000000    1.0000000325280
    -438.00000000000    1.0000000325280
    -437.00000000000    1.0000000325280
    -436.00000000000    1.0000000325280
    -435.00000000000    1.0000000325280
    -434.00000000000    1.0000000325280
    -433.00000000000    1.0000000325280
    -432.00000000000    1.0000000325280
    -431.00000000000    1.0000000325280
    -430.00000000000    1.0000000325280
    -429.00000000000    1.0000000325280
    -428.00000000000    1.0000000325280
    -427.00000000000    1.0000000325280
    -426.00000000000    1.0000000325280
    -425.00000000000    1.0000000325280
    -424.00000000000    1.0000000325280
    -423.00000000000    1.0000000325280
    -422.00000000000    1.0000000325280
    -421.00000000000    1.0000000325280
    -420.00000000000    1.0000000325280
    -419.00000000000    1.0000000325280
    -418.00000000000    1.0000000325280
    -417.00000000000    1.0000000325280
    -416.00000000000    1.0000000325280
    -415.00000000000    1.0000000325280
    -414.00000000000    1.0000000325280
    -413.00000000000    1.0000000325280
    -412.00000000000    1.0000000325280
    -411.00000000000    1.0000000325280
    -410.00000000000    1.0000000325280
    -409.00000000000    1.0000000325280
    -408.00000000000    1.0000000325280
    -407.00000000000    1.0000000325280
    -406.00000000000    1.0000000325280
    -405.00000000000    1.0000000325280
    -404.00000000000    1.0000000325280
    -403.00000000000    1.0000000325280
    -402.00000000000    1.0000000325280
    -401.00000000000    1.0000000325280
    -400.00000000000    1.0000000325280
    -399.00000000000    1.0000000325280
    -398.00000000000    1.0000000325280
    -397.00000000000    1.0000000325280
    -396.00000000000    1.0000000325280
    -395.00000000000    1.0000000325280
    -394.00000000000    1.0000000325280
    -393.00000000000    1.0000000325280
    -392.00000000000    1.0000000325280
    -391.00000000000    1.0000000325280
    -390.00000000000    1.0000000325280
    -389.00000000000    1.0000000325280
    -388.00000000000    1.0000000325280
    -387.00000000000    1.0000000325280
    -386.00000000000    1.0000000325280
    -385.00000000000    1.0000000325280
    -384.00000000000    1.0000000325280
    -383.00000000000    1.0000000325280
    -382.00000000000    1.0000000325280
    -381.00000000000    1.0000000325280
    -380.00000000000    1.0000000325280
    -379.00000000000    1.0000000325280
    -378.00000000000    1.0000000325280
    -377.00000000000    1.0000000325280
    -376.00000000000    1.0000000325280
    -375.00000000000    1.0000000325280
    -374.00000000000    1.0000000325280
    -373.00000000000    1.0000000325280
    -372.00000000000    1.0000000325280
    -371.00000000000    1.0000000325280
    -370.00000000000    1.0000000325280
    -369.00000000000    1.0000000325280
    -368.00000000000    1.0000000325280
    -367.00000000000    1.0000000325280
    -366.00000000000    1.0000000325280
    -365.00000000000    1.0000000325280
    -364.00000000000    1.0000000325280
    -363.00000000000    1.0000000325280
    -362.00000000000    1.0000000325280
    -361.00000000000    1.0000000325280
    -360.00000000000    1.0000000325280
    -359.00000000000    1.0000000325280
    -358.00000000000    1.0000000325280
    -357.00000000000    1.0000000325280
    -356.00000000000    1.0000000325280
    -355.00000000000    1.0000000325280
    -354.00000000000    1.0000000325280
    -353.00000000000    1.0000000325280
    -352.00000000000    1.0000000325280
    -351.00000000000    1.0000000325280
    -350.00000000000    1.0000000325280
    -349.00000000000    1.0000000325280
    -348.00000000000    1.0000000325280
    -347.00000000000    1.0000000325280
    -346.00000000000    1.0000000325280
    -345.00000000000    1.0000000325280
    -344.00000000000    1.0000000325280
    -343.00000000000    1.0000000325280
    -342.00000000000    1.0000000325280
    -341.00000000000    1.0000000325280
    -340.00000000000    1.0000000325280
    -339.00000000000    1.0000000325280
    -338.00000000000    1.0000000325280
    -337.00000000000    1.0000000325280
    -336.00000000000    1.0000000325280
    -335.00000000000    1.0000000325280
    -334.00000000000    1.0000000325280
    -333.00000000000    1.0000000325280
    -332.00000000000    1.0000000325280
    -331.00000000000    1.0000000325280
    -330.00000000000    1.0000000325280
    -329.00000000000    1.0000000325280
    -328.00000000000    1.0000000325280
    -327.00000000000    1.0000000325280
    -326.00000000000    1.0000000325280
    -325.00000000000    1.0000000325280
    -324.00000000000    1.0000000325280
    -323.00000000000    1.0000000325280
    -322.00000000000    1.0000000325280
    -321.00000000000    1.0000000325280
    -320.00000000000    1.0000000325280
    -319.00000000000    1.0000000325280
    -318.00000000000    1.0000000325280
    -317.00000000000    1.0000000325280
    -316.00000000000    1.0000000325280
    -315.00000000000    1.0000000325280
    -314.00000000000    1.0000000325280
    -313.00000000000    1.0000000325280
    -312.00000000000    1.0000000325280
    -311.00000000000    1.0000000325280
    -310.00000000000    1.0000000325280
    -309.00000000000    1.0000000325280
    -308.00000000000    1.0000000325280
    -307.00000000000    1.0000000325280
    -306.00000000000    1.0000000325280
    -305.00000000000    1.0000000325280
    -304.00000000000    1.0000000325280
    -303.00000000000    1.0000000325280
    -302.00000000000    1.0000000325280
    -301.00000000000    1.0000000325280
    -300.00000000000    1.0000000325280
    -299.00000000000    1.0000000325280
    -298.00000000000    1.0000000325280
    -297.00000000000    1.0000000325280
    -296.00000000000    1.0000000325280
    -295.00000000000    1.0000000325280
    -294.00000000000    1.0000000325280
    -293.00000000000    1.0000000325280
    -292.00000000000    1.0000000325280
    -291.00000000000    1.0000000325280
    -290.00000000000    1.0000000325280
    -289.00000000000    1.0000000325280
    -288.00000000000    1.0000000325280
    -287.00000000000    1.0000000325280
    -286.00000000000    1.0000000325280
    -285.00000000000    1.0000000325280
    -284.00000000000    1.0000000325280
    -283.00000000000    1.0000000325280
    -282.00000000000    1.0000000325280
    -281.00000000000    1.0000000325280
    -280.00000000000    1.0000000325280
    -279.00000000000    1.0000000325280
    -278.00000000000    1.0000000325280
    -277.00000000000    1.0000000325280
    -276.00000000000    1.0000000325280
    -275.00000000000    1.0000000325280
    -274.00000000000    1.0000000325280
    -273.00000000000    1.0000000325280
    -272.00000000000    1.0000000325280
    -271.00000000000    1.0000000325280
    -270.00000000000    1.0000000325280
    -269.00000000000    1.0000000325280
    -268.00000000000    1.0000000325280
    -267.00000000000    1.0000000325280
    -266.00000000000    1.0000000325280
    -265.00000000000    1.0000000325280
    -264.00000000000    1.0000000325280
    -263.00000000000    1.0000000325280
    -262.00000000000    1.0000000325280
    -261.00000000000    1.0000000325280
    -260.00000000000    1.0000000325280
    -259.00000000000    1.0000000325280
    -258.00000000000    1.0000000325280
    -257.00000000000    1.0000000325280
    -256.00000000000    1.0000000325280
    -255.00000000000    1.0000000325280
    -254.00000000000    1.0000000325280
    -253.00000000000    1.0000000325280
    -252.00000000000    1.0000000325280
    -251.00000000000    1.0000000325280
    -250.00000000000    1.0000000325280
    -249.00000000000    1.0000000325280
    -248.00000000000    1.0000000325280
    -247.00000000000    1.0000000325280
    -246.00000000000    1.0000000325280
    -245.00000000000    1.0000000325280
    -244.00000000000    1.0000000325280
    -243.00000000000    1.0000000325280
    -242.00000000000    1.0000000325280
    -241.00000000000    1.0000000325280
    -240.00000000000    1.0000000325280
    -239.00000000000    1.0000000325280
    -238.00000000000    1.0000000325280
    -237.00000000000    1.0000000325280
    -236.00000000000    1.0000000325280
    -235.00000000000    1.0000000325280
    -234.00000000000    1.0000000325280
    -233.00000000000    1.0000000325280
    -232.00000000000    1.0000000325280
    -231.00000000000    1.0000000325280
    -230.00000000000    1.0000000325280
    -229.00000000000    1.0000000325280
    -228.00000000000    1.0000000325280
    -227.00000000000    1.0000000325280
    -226.00000000000    1.0000000325280
    -225.00000000000    1.0000000325278
    -224.00000000000    1.0000000325274
    -223.00000000000    1.0000000325256
    -222.00000000000    1.0000000325193
    -221.00000000000    1.0000000324979
    -220.00000000000    1.0000000324275
    -219.00000000000    1.0000000322071
    -218.00000000000    1.0000000315460
    -217.00000000000    1.0000000296484
    -216.00000000000    1.0000000244359
    -215.00000000000    1.0000000107314
    -214.00000000000   0.99999997624223
    -213.00000000000   0.99999989315157
    -212.00000000000   0.99999970149718
    -211.00000000000   0.99999927820789
    -210.00000000000   0.99999838290503
    -209.00000000000   0.99999656911183
    -208.00000000000   0.99999304887471
    -207.00000000000   0.99998650227386
    -206.00000000000   0.99997483343666
    -205.00000000000   0.99995489310319
    -204.00000000000   0.99992221351662
    -203.00000000000   0.99987082912018
    -202.00000000000   0.99979327620905
    -201.00000000000   0.99968086351863
    -200.00000000000   0.99952427291298
    -199.00000000000   0.99931448239258
    -198.00000000000   0.99904391354805
    -197.00000000000   0.99870761715223
    -196.00000000000   0.99830425592154
    -195.00000000000   0.99783664978101
    -194.00000000000   0.99731172543980
    -193.00000000000   0.99673984266492
    -192.00000000000   0.99613361631992
    -191.00000000000   0.99550646970176
    -190.00000000000   0.99487120457844
    -189.00000000000   0.99423884437920
    -188.00000000000   0.99361791476185
    -187.00000000000   0.99301420535826
    -186.00000000000   0.99243094715754
    -185.00000000000   0.99186927035925
    -184.00000000000   0.99132878759200
    -183.00000000000   0.99080816932733
    -182.00000000000   0.99030562385040
    -181.00000000000   0.98981924371006
    -180.00000000000   0.98934722008585
    -179.00000000000   0.98888794995462
    -178.00000000000   0.98844006915605
    -177.00000000000   0.98800244210021
    -176.00000000000   0.98757413134823
    -175.00000000000   0.98715436186044
    -174.00000000000   0.98674248773020
    -173.00000000000   0.98633796449606
    -172.00000000000   0.98594032745433
    -171.00000000000   0.98554917519086
    -170.00000000000   0.98516415720948
    -169.00000000000   0.98478496460696
    -168.00000000000   0.98441132295805
    -167.00000000000   0.98404298679624
    -166.00000000000   0.98367973525665
    -165.00000000000   0.98332136857906
    -164.00000000000   0.98296770526020
    -163.00000000000   0.98261857970541
    -162.00000000000   0.98227384027120
    -161.00000000000   0.98193334761852
    -160.00000000000   0.98159697331620
    -159.00000000000   0.98126459864794
    -158.00000000000   0.98093611358670
    -157.00000000000   0.98061141590784
    -156.00000000000   0.98029041041820
    -155.00000000000   0.97997300828263
    -154.00000000000   0.97965912643305
    -153.00000000000   0.97934868704775
    -152.00000000000   0.97904161709081
    -151.00000000000   0.97873784790318
    -150.00000000000   0.97843731483847
    -149.00000000000   0.97813995693746
    -148.00000000000   0.97784571663632
    -147.00000000000   0.97755453950440
    -146.00000000000   0.97726637400788
    -145.00000000000   0.97698117129624
    -144.00000000000   0.97669888500882
    -143.00000000000   0.97641947109923
    -142.00000000000   0.97614288767565
    -141.00000000000   0.97586909485512
    -140.00000000000   0.97559805463058
    -139.00000000000   0.97532973074905
    -138.00000000000   0.97506408860002
    -137.00000000000   0.97480109511291
    -136.00000000000   0.97454071866275
    -135.00000000000   0.97428292898320
    -134.00000000000   0.97402769708639
    -133.00000000000   0.97377499518873
    -132.00000000000   0.97352479664229
    -131.00000000000   0.97327707587119
    -130.00000000000   0.97303180831257
    -129.00000000000   0.97278897036172
    -128.00000000000   0.97254853932106
    -127.00000000000   0.97231049335259
    -126.00000000000   0.97207481143355
    -125.00000000000   0.97184147331504
    -124.00000000000   0.97161045948331
    -123.00000000000   0.97138175112362
    -122.00000000000   0.97115533008628
    -121.00000000000   0.97093117885495
    -120.00000000000   0.97070928051676
    -119.00000000000   0.97048961873436
    -118.00000000000   0.97027217771959
    -117.00000000000   0.97005694220871
    -116.00000000000   0.96984389743910
    -115.00000000000   0.96963302912726
    -114.00000000000   0.96942432344816
    -113.00000000000   0.96921776701561
    -112.00000000000   0.96901334686381
    -111.00000000000   0.96881105042993
    -110.00000000000   0.96861086553754
    -109.00000000000   0.96841278038102
    -108.00000000000   0.96821678351073
    -107.00000000000   0.96802286381901
    -106.00000000000   0.96783101052681
   -105.000000000000   0.96764121317115
   -104.000000000000   0.96745346159304
   -103.000000000000   0.96726774592615
   -102.000000000000   0.96708405658596
   -101.000000000000   0.96690238425943
   -100.000000000000   0.96672271989525
    -99.000000000000   0.96654505469445
    -98.000000000000   0.96636938010154
    -97.000000000000   0.96619568779604
    -96.000000000000   0.96602396968437
    -95.000000000000   0.96585421789212
    -94.000000000000   0.96568642475676
    -93.000000000000   0.96552058282054
    -92.000000000000   0.96535668482378
    -91.000000000000   0.96519472369851
    -90.000000000000   0.96503469256224
    -89.000000000000   0.96487658471217
    -88.000000000000   0.96472039361952
    -87.000000000000   0.96456611292416
    -86.000000000000   0.96441373642946
    -85.000000000000   0.96426325809737
    -84.000000000000   0.96411467204365
    -83.000000000000   0.96396797253337
    -82.000000000000   0.96382315397654
    -81.000000000000   0.96368021092394
    -80.000000000000   0.96353913806311
    -79.000000000000   0.96339993021451
    -78.000000000000   0.96326258232783
    -77.000000000000   0.96312708947844
    -76.000000000000   0.96299344686395
    -75.000000000000   0.96286164980099
    -74.000000000000   0.96273169372203
    -73.000000000000   0.96260357417233
    -72.000000000000   0.96247728680708
    -71.000000000000   0.96235282738854
    -70.000000000000   0.96223019178337
    -69.000000000000   0.96210937596005
    -68.000000000000   0.96199037598634
    -67.000000000000   0.96187318802691
    -66.000000000000   0.96175780834100
    -65.000000000000   0.96164423328020
    -64.000000000000   0.96153245928627
    -63.000000000000   0.96142248288912
    -62.000000000000   0.96131430070475
    -61.000000000000   0.96120790943338
    -60.000000000000   0.96110330585753
    -59.000000000000   0.96100048684031
    -58.000000000000   0.96089944932363
    -57.000000000000   0.96080019032653
    -56.000000000000   0.96070270694365
    -55.000000000000   0.96060699634359
    -54.000000000000   0.96051305576747
    -53.000000000000   0.96042088252749
    -52.000000000000   0.96033047400550
    -51.000000000000   0.96024182765171
    -50.000000000000   0.96015494098335
    -49.000000000000   0.96006981158346
    -48.000000000000   0.95998643709967
    -47.000000000000   0.95990481524304
    -46.000000000000   0.95982494378691
    -45.000000000000   0.95974682056590
    -44.000000000000   0.95967044347479
    -43.000000000000   0.95959581046754
    -42.000000000000   0.95952291955632
    -41.000000000000   0.95945176881062
    -40.000000000000   0.95938235635627
    -39.000000000000   0.95931468037464
    -38.000000000000   0.95924873910178
    -37.000000000000   0.95918453082759
    -36.000000000000   0.95912205389511
    -35.000000000000   0.95906130669973
    -34.000000000000   0.95900228768845
    -33.000000000000   0.95894499535927
    -32.000000000000   0.95888942826043
    -31.000000000000   0.95883558498987
    -30.000000000000   0.95878346419453
    -29.000000000000   0.95873306456985
    -28.000000000000   0.95868438485911
    -27.000000000000   0.95863742385299
    -26.000000000000   0.95859218038899
    -25.000000000000   0.95854865335095
    -24.000000000000   0.95850684166860
    -23.000000000000   0.95846674431709
    -22.000000000000   0.95842836031654
    -21.000000000000   0.95839168873169
    -20.000000000000   0.95835672867147
    -19.000000000000   0.95832347928863
    -18.000000000000   0.95829193977941
    -17.000000000000   0.95826210938320
    -16.000000000000   0.95823398738222
    -15.000000000000   0.95820757310125
    -14.000000000000   0.95818286590734
    -13.000000000000   0.95815986520956
    -12.000000000000   0.95813857045874
    -11.000000000000   0.95811898114729
   -10.0000000000000   0.95810109680896
    -9.0000000000000   0.95808491701866
    -8.0000000000000   0.95807044139230
    -7.0000000000000   0.95805766958662
    -6.0000000000000   0.95804660129909
    -5.0000000000000   0.95803723626773
    -4.0000000000000   0.95802957427107
    -3.0000000000000   0.95802361512799
    -2.0000000000000   0.95801935869773
    -1.0000000000000   0.95801680487977
   0.   0.95801595361382
     1.0000000000000   0.95801680487977
     2.0000000000000   0.95801935869773
     3.0000000000000   0.95802361512799
     4.0000000000000   0.95802957427107
     5.0000000000000   0.95803723626773
     6.0000000000000   0.95804660129909
     7.0000000000000   0.95805766958662
     8.0000000000000   0.95807044139230
     9.0000000000000   0.95808491701866
    10.0000000000000   0.95810109680896
     11.000000000000   0.95811898114729
     12.000000000000   0.95813857045874
     13.000000000000   0.95815986520956
     14.000000000000   0.95818286590734
     15.000000000000   0.95820757310125
     16.000000000000   0.95823398738222
     17.000000000000   0.95826210938320
     18.000000000000   0.95829193977941
     19.000000000000   0.95832347928863
     20.000000000000   0.95835672867147
     21.000000000000   0.95839168873169
     22.000000000000   0.95842836031654
     23.000000000000   0.95846674431709
     24.000000000000   0.95850684166860
     25.000000000000   0.95854865335095
     26.000000000000   0.95859218038899
     27.000000000000   0.95863742385299
     28.000000000000   0.95868438485911
     29.000000000000   0.95873306456985
     30.000000000000   0.95878346419453
     31.000000000000   0.95883558498987
     32.000000000000   0.95888942826043
     33.000000000000   0.95894499535926
     34.000000000000   0.95900228768845
     35.000000000000   0.95906130669973
     36.000000000000   0.95912205389511
     37.000000000000   0.95918453082759
     38.000000000000   0.95924873910178
     39.000000000000   0.95931468037464
     40.000000000000   0.95938235635627
     41.000000000000   0.95945176881062
     42.000000000000   0.95952291955632
     43.000000000000   0.95959581046754
     44.000000000000   0.95967044347479
     45.000000000000   0.95974682056590
     46.000000000000   0.95982494378691
     47.000000000000   0.95990481524303
     48.000000000000   0.95998643709967
     49.000000000000   0.96006981158346
     50.000000000000   0.96015494098335
     51.000000000000   0.96024182765171
     52.000000000000   0.96033047400550
     53.000000000000   0.96042088252749
     54.000000000000   0.96051305576747
     55.000000000000   0.96060699634359
     56.000000000000   0.96070270694365
     57.000000000000   0.96080019032653
     58.000000000000   0.96089944932363
     59.000000000000   0.96100048684031
     60.000000000000   0.96110330585753
     61.000000000000   0.96120790943338
     62.000000000000   0.96131430070475
     63.000000000000   0.96142248288912
     64.000000000000   0.96153245928627
     65.000000000000   0.96164423328020
     66.000000000000   0.96175780834100
     67.000000000000   0.96187318802691
     68.000000000000   0.96199037598634
     69.000000000000   0.96210937596005
     70.000000000000   0.96223019178337
     71.000000000000   0.96235282738854
     72.000000000000   0.96247728680708
     73.000000000000   0.96260357417233
     74.000000000000   0.96273169372203
     75.000000000000   0.96286164980099
     76.000000000000   0.96299344686395
     77.000000000000   0.96312708947844
     78.000000000000   0.96326258232783
     79.000000000000   0.96339993021451
     80.000000000000   0.96353913806311
     81.000000000000   0.96368021092394
     82.000000000000   0.96382315397654
     83.000000000000   0.96396797253337
     84.000000000000   0.96411467204365
     85.000000000000   0.96426325809737
     86.000000000000   0.96441373642946
     87.000000000000   0.96456611292416
     88.000000000000   0.96472039361952
     89.000000000000   0.96487658471217
     90.000000000000   0.96503469256224
     91.000000000000   0.96519472369851
     92.000000000000   0.96535668482378
     93.000000000000   0.96552058282054
     94.000000000000   0.96568642475676
     95.000000000000   0.96585421789212
     96.000000000000   0.96602396968437
     97.000000000000   0.96619568779604
     98.000000000000   0.96636938010154
     99.000000000000   0.96654505469445
    100.000000000000   0.96672271989525
    101.000000000000   0.96690238425943
    102.000000000000   0.96708405658596
    103.000000000000   0.96726774592615
    104.000000000000   0.96745346159304
    105.000000000000   0.96764121317115
     106.00000000000   0.96783101052681
     107.00000000000   0.96802286381901
     108.00000000000   0.96821678351073
     109.00000000000   0.96841278038102
     110.00000000000   0.96861086553754
     111.00000000000   0.96881105042993
     112.00000000000   0.96901334686381
     113.00000000000   0.96921776701561
     114.00000000000   0.96942432344816
     115.00000000000   0.96963302912726
     116.00000000000   0.96984389743910
     117.00000000000   0.97005694220871
     118.00000000000   0.97027217771959
     119.00000000000   0.97048961873436
     120.00000000000   0.97070928051676
     121.00000000000   0.97093117885495
     122.00000000000   0.97115533008628
     123.00000000000   0.97138175112362
     124.00000000000   0.97161045948331
     125.00000000000   0.97184147331504
     126.00000000000   0.97207481143355
     127.00000000000   0.97231049335259
     128.00000000000   0.97254853932106
     129.00000000000   0.97278897036172
     130.00000000000   0.97303180831257
     131.00000000000   0.97327707587119
     132.00000000000   0.97352479664229
     133.00000000000   0.97377499518873
     134.00000000000   0.97402769708639
     135.00000000000   0.97428292898320
     136.00000000000   0.97454071866275
     137.00000000000   0.97480109511291
     138.00000000000   0.97506408860002
     139.00000000000   0.97532973074905
     140.00000000000   0.97559805463058
     141.00000000000   0.97586909485512
     142.00000000000   0.97614288767565
     143.00000000000   0.97641947109923
     144.00000000000   0.97669888500882
     145.00000000000   0.97698117129624
     146.00000000000   0.97726637400788
     147.00000000000   0.97755453950440
     148.00000000000   0.97784571663632
     149.00000000000   0.97813995693746
     150.00000000000   0.97843731483847
     151.00000000000   0.97873784790318
     152.00000000000   0.97904161709081
     153.00000000000   0.97934868704775
     154.00000000000   0.97965912643305
     155.00000000000   0.97997300828263
     156.00000000000   0.98029041041820
     157.00000000000   0.98061141590784
     158.00000000000   0.98093611358670
     159.00000000000   0.98126459864794
     160.00000000000   0.98159697331620
     161.00000000000   0.98193334761852
     162.00000000000   0.98227384027120
     163.00000000000   0.98261857970541
     164.00000000000   0.98296770526020
     165.00000000000   0.98332136857906
     166.00000000000   0.98367973525665
     167.00000000000   0.98404298679624
     168.00000000000   0.98441132295804
     169.00000000000   0.98478496460696
     170.00000000000   0.98516415720948
     171.00000000000   0.98554917519086
     172.00000000000   0.98594032745433
     173.00000000000   0.98633796449606
     174.00000000000   0.98674248773020
     175.00000000000   0.98715436186044
     176.00000000000   0.98757413134823
     177.00000000000   0.98800244210021
     178.00000000000   0.98844006915605
     179.00000000000   0.98888794995462
     180.00000000000   0.98934722008585
     181.00000000000   0.98981924371006
     182.00000000000   0.99030562385040
     183.00000000000   0.99080816932733
     184.00000000000   0.99132878759200
     185.00000000000   0.99186927035925
     186.00000000000   0.99243094715754
     187.00000000000   0.99301420535826
     188.00000000000   0.99361791476185
     189.00000000000   0.99423884437920
     190.00000000000   0.99487120457844
     191.00000000000   0.99550646970176
     192.00000000000   0.99613361631992
     193.00000000000   0.99673984266492
     194.00000000000   0.99731172543980
     195.00000000000   0.99783664978101
     196.00000000000   0.99830425592154
     197.00000000000   0.99870761715223
     198.00000000000   0.99904391354805
     199.00000000000   0.99931448239258
     200.00000000000   0.99952427291298
     201.00000000000   0.99968086351863
     202.00000000000   0.99979327620904
     203.00000000000   0.99987082912017
     204.00000000000   0.99992221351662
     205.00000000000   0.99995489310319
     206.00000000000   0.99997483343666
     207.00000000000   0.99998650227386
     208.00000000000   0.99999304887471
     209.00000000000   0.99999656911183
     210.00000000000   0.99999838290503
     211.00000000000   0.99999927820789
     212.00000000000   0.99999970149718
     213.00000000000   0.99999989315157
     214.00000000000   0.99999997624223
     215.00000000000    1.0000000107314
     216.00000000000    1.0000000244359
     217.00000000000    1.0000000296484
     218.00000000000    1.0000000315460
     219.00000000000    1.0000000322071
     220.00000000000    1.0000000324275
     221.00000000000    1.0000000324979
     222.00000000000    1.0000000325193
     223.00000000000    1.0000000325256
     224.00000000000    1.0000000325274
     225.00000000000    1.0000000325278
     226.00000000000    1.0000000325280
     227.00000000000    1.0000000325280
     228.00000000000    1.0000000325280
     229.00000000000    1.0000000325280
     230.00000000000    1.0000000325280
     231.00000000000    1.0000000325280
     232.00000000000    1.0000000325280
     233.00000000000    1.0000000325280
     234.00000000000    1.0000000325280
     235.00000000000    1.0000000325280
     236.00000000000    1.0000000325280
     237.00000000000    1.0000000325280
     238.00000000000    1.0000000325280
     239.00000000000    1.0000000325280
     240.00000000000    1.0000000325280
     241.00000000000    1.0000000325280
     242.00000000000    1.0000000325280
     243.00000000000    1.0000000325280
     244.00000000000    1.0000000325280
     245.00000000000    1.0000000325280
     246.00000000000    1.0000000325280
     247.00000000000    1.0000000325280
     248.00000000000    1.0000000325280
     249.00000000000    1.0000000325280
     250.00000000000    1.0000000325280
     251.00000000000    1.0000000325280
     252.00000000000    1.0000000325280
     253.00000000000    1.0000000325280
     254.00000000000    1.0000000325280
     255.00000000000    1.0000000325280
     256.00000000000    1.0000000325280
     257.00000000000    1.0000000325280
     258.00000000000    1.0000000325280
     259.00000000000    1.0000000325280
     260.00000000000    1.0000000325280
     261.00000000000    1.0000000325280
     262.00000000000    1.0000000325280
     263.00000000000    1.0000000325280
     264.00000000000    1.0000000325280
     265.00000000000    1.0000000325280
     266.00000000000    1.0000000325280
     267.00000000000    1.0000000325280
     268.00000000000    1.0000000325280
     269.00000000000    1.0000000325280
     270.00000000000    1.0000000325280
     271.00000000000    1.0000000325280
     272.00000000000    1.0000000325280
     273.00000000000    1.0000000325280
     274.00000000000    1.0000000325280
     275.00000000000    1.0000000325280
     276.00000000000    1.0000000325280
     277.00000000000    1.0000000325280
     278.00000000000    1.0000000325280
     279.00000000000    1.0000000325280
     280.00000000000    1.0000000325280
     281.00000000000    1.0000000325280
     282.00000000000    1.0000000325280
     283.00000000000    1.0000000325280
     284.00000000000    1.0000000325280
     285.00000000000    1.0000000325280
     286.00000000000    1.0000000325280
     287.00000000000    1.0000000325280
     288.00000000000    1.0000000325280
     289.00000000000    1.0000000325280
     290.00000000000    1.0000000325280
     291.00000000000    1.0000000325280
     292.00000000000    1.0000000325280
     293.00000000000    1.0000000325280
     294.00000000000    1.0000000325280
     295.00000000000    1.0000000325280
     296.00000000000    1.0000000325280
     297.00000000000    1.0000000325280
     298.00000000000    1.0000000325280
     299.00000000000    1.0000000325280
     300.00000000000    1.0000000325280
     301.00000000000    1.0000000325280
     302.00000000000    1.0000000325280
     303.00000000000    1.0000000325280
     304.00000000000    1.0000000325280
     305.00000000000    1.0000000325280
     306.00000000000    1.0000000325280
     307.00000000000    1.0000000325280
     308.00000000000    1.0000000325280
     309.00000000000    1.0000000325280
     310.00000000000    1.0000000325280
     311.00000000000    1.0000000325280
     312.00000000000    1.0000000325280
     313.00000000000    1.0000000325280
     314.00000000000    1.0000000325280
     315.00000000000    1.0000000325280
     316.00000000000    1.0000000325280
     317.00000000000    1.0000000325280
     318.00000000000    1.0000000325280
     319.00000000000    1.0000000325280
     320.00000000000    1.0000000325280
     321.00000000000    1.0000000325280
     322.00000000000    1.0000000325280
     323.00000000000    1.0000000325280
     324.00000000000    1.0000000325280
     325.00000000000    1.0000000325280
     326.00000000000    1.0000000325280
     327.00000000000    1.0000000325280
     328.00000000000    1.0000000325280
     329.00000000000    1.0000000325280
     330.00000000000    1.0000000325280
     331.00000000000    1.0000000325280
     332.00000000000    1.0000000325280
     333.00000000000    1.0000000325280
     334.00000000000    1.0000000325280
     335.00000000000    1.0000000325280
     336.00000000000    1.0000000325280
     337.00000000000    1.0000000325280
     338.00000000000    1.0000000325280
     339.00000000000    1.0000000325280
     340.00000000000    1.0000000325280
     341.00000000000    1.0000000325280
     342.00000000000    1.0000000325280
     343.00000000000    1.0000000325280
     344.00000000000    1.0000000325280
     345.00000000000    1.0000000325280
     346.00000000000    1.0000000325280
     347.00000000000    1.0000000325280
     348.00000000000    1.0000000325280
     349.00000000000    1.0000000325280
     350.00000000000    1.0000000325280
     351.00000000000    1.0000000325280
     352.00000000000    1.0000000325280
     353.00000000000    1.0000000325280
     354.00000000000    1.0000000325280
     355.00000000000    1.0000000325280
     356.00000000000    1.0000000325280
     357.00000000000    1.0000000325280
     358.00000000000    1.0000000325280
     359.00000000000    1.0000000325280
     360.00000000000    1.0000000325280
     361.00000000000    1.0000000325280
     362.00000000000    1.0000000325280
     363.00000000000    1.0000000325280
     364.00000000000    1.0000000325280
     365.00000000000    1.0000000325280
     366.00000000000    1.0000000325280
     367.00000000000    1.0000000325280
     368.00000000000    1.0000000325280
     369.00000000000    1.0000000325280
     370.00000000000    1.0000000325280
     371.00000000000    1.0000000325280
     372.00000000000    1.0000000325280
     373.00000000000    1.0000000325280
     374.00000000000    1.0000000325280
     375.00000000000    1.0000000325280
     376.00000000000    1.0000000325280
     377.00000000000    1.0000000325280
     378.00000000000    1.0000000325280
     379.00000000000    1.0000000325280
     380.00000000000    1.0000000325280
     381.00000000000    1.0000000325280
     382.00000000000    1.0000000325280
     383.00000000000    1.0000000325280
     384.00000000000    1.0000000325280
     385.00000000000    1.0000000325280
     386.00000000000    1.0000000325280
     387.00000000000    1.0000000325280
     388.00000000000    1.0000000325280
     389.00000000000    1.0000000325280
     390.00000000000    1.0000000325280
     391.00000000000    1.0000000325280
     392.00000000000    1.0000000325280
     393.00000000000    1.0000000325280
     394.00000000000    1.0000000325280
     395.00000000000    1.0000000325280
     396.00000000000    1.0000000325280
     397.00000000000    1.0000000325280
     398.00000000000    1.0000000325280
     399.00000000000    1.0000000325280
     400.00000000000    1.0000000325280
     401.00000000000    1.0000000325280
     402.00000000000    1.0000000325280
     403.00000000000    1.0000000325280
     404.00000000000    1.0000000325280
     405.00000000000    1.0000000325280
     406.00000000000    1.0000000325280
     407.00000000000    1.0000000325280
     408.00000000000    1.0000000325280
     409.00000000000    1.0000000325280
     410.00000000000    1.0000000325280
     411.00000000000    1.0000000325280
     412.00000000000    1.0000000325280
     413.00000000000    1.0000000325280
     414.00000000000    1.0000000325280
     415.00000000000    1.0000000325280
     416.00000000000    1.0000000325280
     417.00000000000    1.0000000325280
     418.00000000000    1.0000000325280
     419.00000000000    1.0000000325280
     420.00000000000    1.0000000325280
     421.00000000000    1.0000000325280
     422.00000000000    1.0000000325280
     423.00000000000    1.0000000325280
     424.00000000000    1.0000000325280
     425.00000000000    1.0000000325280
     426.00000000000    1.0000000325280
     427.00000000000    1.0000000325280
     428.00000000000    1.0000000325280
     429.00000000000    1.0000000325280
     430.00000000000    1.0000000325280
     431.00000000000    1.0000000325280
     432.00000000000    1.0000000325280
     433.00000000000    1.0000000325280
     434.00000000000    1.0000000325280
     435.00000000000    1.0000000325280
     436.00000000000    1.0000000325280
     437.00000000000    1.0000000325280
     438.00000000000    1.0000000325280
     439.00000000000    1.0000000325280
     440.00000000000    1.0000000325280
     441.00000000000    1.0000000325280
     442.00000000000    1.0000000325280
     443.00000000000    1.0000000325280
     444.00000000000    1.0000000325280
     445.00000000000    1.0000000325280
     446.00000000000    1.0000000325280
     447.00000000000    1.0000000325280
     448.00000000000    1.0000000325280
     449.00000000000    1.0000000325280
     450.00000000000    1.0000000325280
     451.00000000000    1.0000000325280
     452.00000000000    1.0000000325280
     453.00000000000    1.0000000325280
     454.00000000000    1.0000000325280
     455.00000000000    1.0000000325280
     456.00000000000    1.0000000325280
     457.00000000000    1.0000000325280
     458.00000000000    1.0000000325280
     459.00000000000    1.0000000325280
     460.00000000000    1.0000000325280
     461.00000000000    1.0000000325280
     462.00000000000    1.0000000325280
     463.00000000000    1.0000000325280
     464.00000000000    1.0000000325280
     465.00000000000    1.0000000325280
     466.00000000000    1.0000000325280
     467.00000000000    1.0000000325280
     468.00000000000    1.0000000325280
     469.00000000000    1.0000000325280
     470.00000000000    1.0000000325280
     471.00000000000    1.0000000325280
     472.00000000000    1.0000000325280
     473.00000000000    1.0000000325280
     474.00000000000    1.0000000325280
     475.00000000000    1.0000000325280
     476.00000000000    1.0000000325280
     477.00000000000    1.0000000325280
     478.00000000000    1.0000000325280
     479.00000000000    1.0000000325280
     480.00000000000    1.0000000325280
     481.00000000000    1.0000000325280
     482.00000000000    1.0000000325280
     483.00000000000    1.0000000325280
     484.00000000000    1.0000000325280
     485.00000000000    1.0000000325280
     486.00000000000    1.0000000325280
     487.00000000000    1.0000000325280
     488.00000000000    1.0000000325280
     489.00000000000    1.0000000325280
     490.00000000000    1.0000000325280
     491.00000000000    1.0000000325280
     492.00000000000    1.0000000325280
     493.00000000000    1.0000000325280
     494.00000000000    1.0000000325280
     495.00000000000    1.0000000325280
     496.00000000000    1.0000000325280
     497.00000000000    1.0000000325280
     498.00000000000    1.0000000325280
     499.00000000000    1.0000000325280
     500.00000000000    1.0000000325280
