    -500.00000000000    1.0000000325280
    -499.00000000000    1.0000000325280
    -498.00000000000    1.0000000325280
    -497.00000000000    1.0000000325280
    -496.00000000000    1.0000000325280
    -495.00000000000    1.0000000325280
    -494.00000000000    1.0000000325280
    -493.00000000000    1.0000000325280
    -492.00000000000    1.0000000325280
    -491.00000000000    1.0000000325280
    -490.00000000000    1.0000000325280
    -489.00000000000    1.0000000325280
    -488.00000000000    1.0000000325280
    -487.00000000000    1.0000000325280
    -486.00000000000    1.0000000325280
    -485.00000000000    1.0000000325280
    -484.00000000000    1.0000000325280
    -483.00000000000    1.0000000325280
    -482.00000000000    1.0000000325280
    -481.00000000000    1.0000000325280
    -480.00000000000    1.0000000325280
    -479.00000000000    1.0000000325280
    -478.00000000000    1.0000000325280
    -477.00000000000    1.0000000325280
    -476.00000000000    1.0000000325280
    -475.00000000000    1.0000000325280
    -474.00000000000    1.0000000325280
    -473.00000000000    1.0000000325280
    -472.00000000000    1.0000000325280
    -471.00000000000    1.0000000325280
    -470.00000000000    1.0000000325280
    -469.00000000000    1.0000000325280
    -468.00000000000    1.0000000325280
    -467.00000000000    1.0000000325280
    -466.00000000000    1.0000000325280
    -465.00000000000    1.0000000325280
    -464.00000000000    1.0000000325280
    -463.00000000000    1.0000000325280
    -462.00000000000    1.0000000325280
    -461.00000000000    1.0000000325280
    -460.00000000000    1.0000000325280
    -459.00000000000    1.0000000325280
    -458.00000000000    1.0000000325280
    -457.00000000000    1.0000000325280
    -456.00000000000    1.0000000325280
    -455.00000000000    1.0000000325280
    -454.00000000000    1.0000000325280
    -453.00000000000    1.0000000325280
    -452.00000000000    1.0000000325280
    -451.00000000000    1.0000000325280
    -450.00000000000    1.0000000325280
    -449.00000000000    1.0000000325280
    -448.00000000000    1.0000000325280
    -447.00000000000    1.0000000325280
    -446.00000000000    1.0000000325280
    -445.00000000000    1.0000000325280
    -444.00000000000    1.0000000325280
    -443.00000000000    1.0000000325280
    -442.00000000000    1.0000000325280
    -441.00000000000    1.0000000325280
    -440.00000000000    1.0000000325280
    -439.00000000000    1.0000000325280
    -438.00000000000    1.0000000325280
    -437.00000000000    1.0000000325280
    -436.00000000000    1.0000000325280
    -435.00000000000    1.0000000325280
    -434.00000000000    1.0000000325280
    -433.00000000000    1.0000000325280
    -432.00000000000    1.0000000325280
    -431.00000000000    1.0000000325280
    -430.00000000000    1.0000000325280
    -429.00000000000    1.0000000325280
    -428.00000000000    1.0000000325280
    -427.00000000000    1.0000000325280
    -426.00000000000    1.0000000325280
    -425.00000000000    1.0000000325280
    -424.00000000000    1.0000000325280
    -423.00000000000    1.0000000325280
    -422.00000000000    1.0000000325280
    -421.00000000000    1.0000000325280
    -420.00000000000    1.0000000325280
    -419.00000000000    1.0000000325280
    -418.00000000000    1.0000000325280
    -417.00000000000    1.0000000325280
    -416.00000000000    1.0000000325280
    -415.00000000000    1.0000000325280
    -414.00000000000    1.0000000325280
    -413.00000000000    1.0000000325280
    -412.00000000000    1.0000000325280
    -411.00000000000    1.0000000325280
    -410.00000000000    1.0000000325280
    -409.00000000000    1.0000000325280
    -408.00000000000    1.0000000325280
    -407.00000000000    1.0000000325280
    -406.00000000000    1.0000000325280
    -405.00000000000    1.0000000325280
    -404.00000000000    1.0000000325280
    -403.00000000000    1.0000000325280
    -402.00000000000    1.0000000325280
    -401.00000000000    1.0000000325280
    -400.00000000000    1.0000000325280
    -399.00000000000    1.0000000325280
    -398.00000000000    1.0000000325280
    -397.00000000000    1.0000000325280
    -396.00000000000    1.0000000325280
    -395.00000000000    1.0000000325280
    -394.00000000000    1.0000000325280
    -393.00000000000    1.0000000325280
    -392.00000000000    1.0000000325280
    -391.00000000000    1.0000000325280
    -390.00000000000    1.0000000325280
    -389.00000000000    1.0000000325280
    -388.00000000000    1.0000000325280
    -387.00000000000    1.0000000325280
    -386.00000000000    1.0000000325280
    -385.00000000000    1.0000000325280
    -384.00000000000    1.0000000325280
    -383.00000000000    1.0000000325280
    -382.00000000000    1.0000000325280
    -381.00000000000    1.0000000325280
    -380.00000000000    1.0000000325280
    -379.00000000000    1.0000000325280
    -378.00000000000    1.0000000325280
    -377.00000000000    1.0000000325280
    -376.00000000000    1.0000000325280
    -375.00000000000    1.0000000325280
    -374.00000000000    1.0000000325280
    -373.00000000000    1.0000000325280
    -372.00000000000    1.0000000325280
    -371.00000000000    1.0000000325280
    -370.00000000000    1.0000000325280
    -369.00000000000    1.0000000325280
    -368.00000000000    1.0000000325280
    -367.00000000000    1.0000000325280
    -366.00000000000    1.0000000325280
    -365.00000000000    1.0000000325280
    -364.00000000000    1.0000000325280
    -363.00000000000    1.0000000325280
    -362.00000000000    1.0000000325280
    -361.00000000000    1.0000000325280
    -360.00000000000    1.0000000325280
    -359.00000000000    1.0000000325280
    -358.00000000000    1.0000000325280
    -357.00000000000    1.0000000325280
    -356.00000000000    1.0000000325280
    -355.00000000000    1.0000000325280
    -354.00000000000    1.0000000325280
    -353.00000000000    1.0000000325280
    -352.00000000000    1.0000000325280
    -351.00000000000    1.0000000325280
    -350.00000000000    1.0000000325280
    -349.00000000000    1.0000000325280
    -348.00000000000    1.0000000325280
    -347.00000000000    1.0000000325280
    -346.00000000000    1.0000000325280
    -345.00000000000    1.0000000325280
    -344.00000000000    1.0000000325280
    -343.00000000000    1.0000000325280
    -342.00000000000    1.0000000325280
    -341.00000000000    1.0000000325280
    -340.00000000000    1.0000000325280
    -339.00000000000    1.0000000325280
    -338.00000000000    1.0000000325280
    -337.00000000000    1.0000000325280
    -336.00000000000    1.0000000325280
    -335.00000000000    1.0000000325280
    -334.00000000000    1.0000000325280
    -333.00000000000    1.0000000325280
    -332.00000000000    1.0000000325280
    -331.00000000000    1.0000000325280
    -330.00000000000    1.0000000325280
    -329.00000000000    1.0000000325280
    -328.00000000000    1.0000000325280
    -327.00000000000    1.0000000325280
    -326.00000000000    1.0000000325280
    -325.00000000000    1.0000000325280
    -324.00000000000    1.0000000325280
    -323.00000000000    1.0000000325280
    -322.00000000000    1.0000000325280
    -321.00000000000    1.0000000325280
    -320.00000000000    1.0000000325280
    -319.00000000000    1.0000000325280
    -318.00000000000    1.0000000325280
    -317.00000000000    1.0000000325280
    -316.00000000000    1.0000000325280
    -315.00000000000    1.0000000325280
    -314.00000000000    1.0000000325280
    -313.00000000000    1.0000000325280
    -312.00000000000    1.0000000325280
    -311.00000000000    1.0000000325280
    -310.00000000000    1.0000000325280
    -309.00000000000    1.0000000325280
    -308.00000000000    1.0000000325280
    -307.00000000000    1.0000000325280
    -306.00000000000    1.0000000325280
    -305.00000000000    1.0000000325280
    -304.00000000000    1.0000000325280
    -303.00000000000    1.0000000325280
    -302.00000000000    1.0000000325280
    -301.00000000000    1.0000000325280
    -300.00000000000    1.0000000325280
    -299.00000000000    1.0000000325280
    -298.00000000000    1.0000000325280
    -297.00000000000    1.0000000325280
    -296.00000000000    1.0000000325280
    -295.00000000000    1.0000000325280
    -294.00000000000    1.0000000325280
    -293.00000000000    1.0000000325280
    -292.00000000000    1.0000000325280
    -291.00000000000    1.0000000325280
    -290.00000000000    1.0000000325280
    -289.00000000000    1.0000000325280
    -288.00000000000    1.0000000325280
    -287.00000000000    1.0000000325280
    -286.00000000000    1.0000000325280
    -285.00000000000    1.0000000325280
    -284.00000000000    1.0000000325280
    -283.00000000000    1.0000000325280
    -282.00000000000    1.0000000325280
    -281.00000000000    1.0000000325280
    -280.00000000000    1.0000000325280
    -279.00000000000    1.0000000325280
    -278.00000000000    1.0000000325280
    -277.00000000000    1.0000000325280
    -276.00000000000    1.0000000325280
    -275.00000000000    1.0000000325280
    -274.00000000000    1.0000000325280
    -273.00000000000    1.0000000325280
    -272.00000000000    1.0000000325280
    -271.00000000000    1.0000000325280
    -270.00000000000    1.0000000325280
    -269.00000000000    1.0000000325280
    -268.00000000000    1.0000000325280
    -267.00000000000    1.0000000325280
    -266.00000000000    1.0000000325280
    -265.00000000000    1.0000000325280
    -264.00000000000    1.0000000325280
    -263.00000000000    1.0000000325280
    -262.00000000000    1.0000000325280
    -261.00000000000    1.0000000325280
    -260.00000000000    1.0000000325280
    -259.00000000000    1.0000000325280
    -258.00000000000    1.0000000325280
    -257.00000000000    1.0000000325280
    -256.00000000000    1.0000000325280
    -255.00000000000    1.0000000325280
    -254.00000000000    1.0000000325280
    -253.00000000000    1.0000000325280
    -252.00000000000    1.0000000325280
    -251.00000000000    1.0000000325280
    -250.00000000000    1.0000000325280
    -249.00000000000    1.0000000325280
    -248.00000000000    1.0000000325280
    -247.00000000000    1.0000000325280
    -246.00000000000    1.0000000325280
    -245.00000000000    1.0000000325280
    -244.00000000000    1.0000000325280
    -243.00000000000    1.0000000325280
    -242.00000000000    1.0000000325280
    -241.00000000000    1.0000000325280
    -240.00000000000    1.0000000325280
    -239.00000000000    1.0000000325280
    -238.00000000000    1.0000000325280
    -237.00000000000    1.0000000325280
    -236.00000000000    1.0000000325280
    -235.00000000000    1.0000000325280
    -234.00000000000    1.0000000325280
    -233.00000000000    1.0000000325280
    -232.00000000000    1.0000000325280
    -231.00000000000    1.0000000325280
    -230.00000000000    1.0000000325280
    -229.00000000000    1.0000000325280
    -228.00000000000    1.0000000325280
    -227.00000000000    1.0000000325280
    -226.00000000000    1.0000000325280
    -225.00000000000    1.0000000325280
    -224.00000000000    1.0000000325280
    -223.00000000000    1.0000000325280
    -222.00000000000    1.0000000325280
    -221.00000000000    1.0000000325280
    -220.00000000000    1.0000000325280
    -219.00000000000    1.0000000325280
    -218.00000000000    1.0000000325280
    -217.00000000000    1.0000000325280
    -216.00000000000    1.0000000325280
    -215.00000000000    1.0000000325280
    -214.00000000000    1.0000000325280
    -213.00000000000    1.0000000325280
    -212.00000000000    1.0000000325280
    -211.00000000000    1.0000000325280
    -210.00000000000    1.0000000325280
    -209.00000000000    1.0000000325280
    -208.00000000000    1.0000000325280
    -207.00000000000    1.0000000325280
    -206.00000000000    1.0000000325280
    -205.00000000000    1.0000000325280
    -204.00000000000    1.0000000325280
    -203.00000000000    1.0000000325280
    -202.00000000000    1.0000000325280
    -201.00000000000    1.0000000325280
    -200.00000000000    1.0000000325280
    -199.00000000000    1.0000000325280
    -198.00000000000    1.0000000325280
    -197.00000000000    1.0000000325280
    -196.00000000000    1.0000000325280
    -195.00000000000    1.0000000325280
    -194.00000000000    1.0000000325280
    -193.00000000000    1.0000000325280
    -192.00000000000    1.0000000325280
    -191.00000000000    1.0000000325280
    -190.00000000000    1.0000000325280
    -189.00000000000    1.0000000325280
    -188.00000000000    1.0000000325280
    -187.00000000000    1.0000000325280
    -186.00000000000    1.0000000325280
    -185.00000000000    1.0000000325280
    -184.00000000000    1.0000000325280
    -183.00000000000    1.0000000325280
    -182.00000000000    1.0000000325280
    -181.00000000000    1.0000000325280
    -180.00000000000    1.0000000325280
    -179.00000000000    1.0000000325280
    -178.00000000000    1.0000000325280
    -177.00000000000    1.0000000325280
    -176.00000000000    1.0000000325280
    -175.00000000000    1.0000000325280
    -174.00000000000    1.0000000325280
    -173.00000000000    1.0000000325280
    -172.00000000000    1.0000000325280
    -171.00000000000    1.0000000325280
    -170.00000000000    1.0000000325280
    -169.00000000000    1.0000000325280
    -168.00000000000    1.0000000325280
    -167.00000000000    1.0000000325280
    -166.00000000000    1.0000000325280
    -165.00000000000    1.0000000325280
    -164.00000000000    1.0000000325280
    -163.00000000000    1.0000000325280
    -162.00000000000    1.0000000325280
    -161.00000000000    1.0000000325280
    -160.00000000000    1.0000000325280
    -159.00000000000    1.0000000325280
    -158.00000000000    1.0000000325280
    -157.00000000000    1.0000000325280
    -156.00000000000    1.0000000325280
    -155.00000000000    1.0000000325280
    -154.00000000000    1.0000000325280
    -153.00000000000    1.0000000325280
    -152.00000000000    1.0000000325280
    -151.00000000000    1.0000000325279
    -150.00000000000    1.0000000325277
    -149.00000000000    1.0000000325267
    -148.00000000000    1.0000000325229
    -147.00000000000    1.0000000325096
    -146.00000000000    1.0000000324638
    -145.00000000000    1.0000000323140
    -144.00000000000    1.0000000318440
    -143.00000000000    1.0000000304338
    -142.00000000000    1.0000000263843
    -141.00000000000    1.0000000152551
    -140.00000000000   0.99999998597920
    -139.00000000000   0.99999991226148
    -138.00000000000   0.99999973455804
    -137.00000000000   0.99999932441896
    -136.00000000000   0.99999841798970
    -135.00000000000   0.99999649946325
    -134.00000000000   0.99999260986007
    -133.00000000000   0.99998505494708
    -132.00000000000   0.99997099331444
    -131.00000000000   0.99994590714498
    -130.00000000000   0.99990299767834
    -129.00000000000   0.99983260281145
    -128.00000000000   0.99972179450726
    -127.00000000000   0.99955435729275
    -126.00000000000   0.99931134853507
    -125.00000000000   0.99897237272341
    -124.00000000000   0.99851755957591
    -123.00000000000   0.99793004213614
    -122.00000000000   0.99719853876555
    -121.00000000000   0.99631952107359
    -120.00000000000   0.99529845767046
    -119.00000000000   0.99414978261100
    -118.00000000000   0.99289551491483
    -117.00000000000   0.99156277129307
    -116.00000000000   0.99018066888149
    -115.00000000000   0.98877722902073
    -114.00000000000   0.98737683853343
    -113.00000000000   0.98599863262946
    -112.00000000000   0.98465590733397
    -111.00000000000   0.98335643324366
    -110.00000000000   0.98210338887929
    -109.00000000000   0.98089658394376
    -108.00000000000   0.97973368522949
    -107.00000000000   0.97861125258304
    -106.00000000000   0.97752549753063
   -105.000000000000   0.97647276237326
   -104.000000000000   0.97544976919701
   -103.000000000000   0.97445370746509
   -102.000000000000   0.97348222518520
   -101.000000000000   0.97253337348373
   -100.000000000000   0.97160553683044
    -99.000000000000   0.97069736636496
    -98.000000000000   0.96980772360422
    -97.000000000000   0.96893563595625
    -96.000000000000   0.96808026273980
    -95.000000000000   0.96724086955501
    -94.000000000000   0.96641680891309
    -93.000000000000   0.96560750543030
    -92.000000000000   0.96481244432884
    -91.000000000000   0.96403116235144
    -90.000000000000   0.96326324046535
    -89.000000000000   0.96250829791798
    -88.000000000000   0.96176598733288
    -87.000000000000   0.96103599062076
    -86.000000000000   0.96031801553824
    -85.000000000000   0.95961179276835
    -84.000000000000   0.95891707342592
    -83.000000000000   0.95823362691233
    -82.000000000000   0.95756123905992
    -81.000000000000   0.95689971051844
    -80.000000000000   0.95624885534528
    -79.000000000000   0.95560849976794
    -78.000000000000   0.95497848109353
    -77.000000000000   0.95435864674374
    -76.000000000000   0.95374885339811
    -75.000000000000   0.95314896623055
    -74.000000000000   0.95255885822710
    -73.000000000000   0.95197840957422
    -72.000000000000   0.95140750710890
    -71.000000000000   0.95084604382304
    -70.000000000000   0.95029391841552
    -69.000000000000   0.94975103488651
    -68.000000000000   0.94921730216914
    -67.000000000000   0.94869263379439
    -66.000000000000   0.94817694758557
    -65.000000000000   0.94767016537928
    -64.000000000000   0.94717221276998
    -63.000000000000   0.94668301887586
    -62.000000000000   0.94620251612381
    -61.000000000000   0.94573064005166
    -60.000000000000   0.94526732912594
    -59.000000000000   0.94481252457378
    -58.000000000000   0.94436617022761
    -57.000000000000   0.94392821238138
    -56.000000000000   0.94349859965754
    -55.000000000000   0.94307728288346
    -54.000000000000   0.94266421497680
    -53.000000000000   0.94225935083889
    -52.000000000000   0.94186264725551
    -51.000000000000   0.94147406280441
    -50.000000000000   0.94109355776911
    -49.000000000000   0.94072109405836
    -48.000000000000   0.94035663513099
    -47.000000000000   0.94000014592550
    -46.000000000000   0.93965159279428
    -45.000000000000   0.93931094344190
    -44.000000000000   0.93897816686732
    -43.000000000000   0.93865323330966
    -42.000000000000   0.93833611419729
    -41.000000000000   0.93802678210002
    -40.000000000000   0.93772521068417
    -39.000000000000   0.93743137467030
    -38.000000000000   0.93714524979352
    -37.000000000000   0.93686681276601
    -36.000000000000   0.93659604124184
    -35.000000000000   0.93633291378377
    -34.000000000000   0.93607740983204
    -33.000000000000   0.93582950967485
    -32.000000000000   0.93558919442065
    -31.000000000000   0.93535644597193
    -30.000000000000   0.93513124700056
    -29.000000000000   0.93491358092454
    -28.000000000000   0.93470343188606
    -27.000000000000   0.93450078473079
    -26.000000000000   0.93430562498849
    -25.000000000000   0.93411793885454
    -24.000000000000   0.93393771317279
    -23.000000000000   0.93376493541916
    -22.000000000000   0.93359959368646
    -21.000000000000   0.93344167666993
    -20.000000000000   0.93329117365377
    -19.000000000000   0.93314807449847
    -18.000000000000   0.93301236962894
    -17.000000000000   0.93288405002345
    -16.000000000000   0.93276310720321
    -15.000000000000   0.93264953322274
    -14.000000000000   0.93254332066093
    -13.000000000000   0.93244446261267
    -12.000000000000   0.93235295268119
    -11.000000000000   0.93226878497101
   -10.0000000000000   0.93219195408141
    -9.0000000000000   0.93212245510059
    -8.0000000000000   0.93206028360028
    -7.0000000000000   0.93200543563100
    -6.0000000000000   0.93195790771775
    -5.0000000000000   0.93191769685636
    -4.0000000000000   0.93188480051018
    -3.0000000000000   0.93185921660748
    -2.0000000000000   0.93184094353915
    -1.0000000000000   0.93182998015707
   0.   0.93182632577283
     1.0000000000000   0.93182998015707
     2.0000000000000   0.93184094353915
     3.0000000000000   0.93185921660748
     4.0000000000000   0.93188480051018
     5.0000000000000   0.93191769685636
     6.0000000000000   0.93195790771775
     7.0000000000000   0.93200543563100
     8.0000000000000   0.93206028360028
     9.0000000000000   0.93212245510059
    10.0000000000000   0.93219195408141
     11.000000000000   0.93226878497101
     12.000000000000   0.93235295268119
     13.000000000000   0.93244446261267
     14.000000000000   0.93254332066093
     15.000000000000   0.93264953322274
     16.000000000000   0.93276310720321
     17.000000000000   0.93288405002345
     18.000000000000   0.93301236962894
     19.000000000000   0.93314807449847
     20.000000000000   0.93329117365377
     21.000000000000   0.93344167666993
     22.000000000000   0.93359959368646
     23.000000000000   0.93376493541916
     24.000000000000   0.93393771317279
     25.000000000000   0.93411793885454
     26.000000000000   0.93430562498849
     27.000000000000   0.93450078473079
     28.000000000000   0.93470343188606
     29.000000000000   0.93491358092454
     30.000000000000   0.93513124700056
     31.000000000000   0.93535644597193
     32.000000000000   0.93558919442065
     33.000000000000   0.93582950967485
     34.000000000000   0.93607740983204
     35.000000000000   0.93633291378377
     36.000000000000   0.93659604124184
     37.000000000000   0.93686681276601
     38.000000000000   0.93714524979352
     39.000000000000   0.93743137467030
     40.000000000000   0.93772521068416
     41.000000000000   0.93802678210002
     42.000000000000   0.93833611419729
     43.000000000000   0.93865323330966
     44.000000000000   0.93897816686732
     45.000000000000   0.93931094344190
     46.000000000000   0.93965159279428
     47.000000000000   0.94000014592550
     48.000000000000   0.94035663513099
     49.000000000000   0.94072109405836
     50.000000000000   0.94109355776911
     51.000000000000   0.94147406280441
     52.000000000000   0.94186264725551
     53.000000000000   0.94225935083889
     54.000000000000   0.94266421497680
     55.000000000000   0.94307728288346
     56.000000000000   0.94349859965754
     57.000000000000   0.94392821238139
     58.000000000000   0.94436617022761
     59.000000000000   0.94481252457378
     60.000000000000   0.94526732912594
     61.000000000000   0.94573064005166
     62.000000000000   0.94620251612381
     63.000000000000   0.94668301887586
     64.000000000000   0.94717221276998
     65.000000000000   0.94767016537928
     66.000000000000   0.94817694758557
     67.000000000000   0.94869263379439
     68.000000000000   0.94921730216914
     69.000000000000   0.94975103488651
     70.000000000000   0.95029391841552
     71.000000000000   0.95084604382304
     72.000000000000   0.95140750710890
     73.000000000000   0.95197840957422
     74.000000000000   0.95255885822710
     75.000000000000   0.95314896623055
     76.000000000000   0.95374885339811
     77.000000000000   0.95435864674374
     78.000000000000   0.95497848109353
     79.000000000000   0.95560849976794
     80.000000000000   0.95624885534528
     81.000000000000   0.95689971051844
     82.000000000000   0.95756123905992
     83.000000000000   0.95823362691233
     84.000000000000   0.95891707342592
     85.000000000000   0.95961179276835
     86.000000000000   0.96031801553824
     87.000000000000   0.96103599062076
     88.000000000000   0.96176598733288
     89.000000000000   0.96250829791798
     90.000000000000   0.96326324046535
     91.000000000000   0.96403116235143
     92.000000000000   0.96481244432884
     93.000000000000   0.96560750543030
     94.000000000000   0.96641680891309
     95.000000000000   0.96724086955501
     96.000000000000   0.96808026273980
     97.000000000000   0.96893563595625
     98.000000000000   0.96980772360422
     99.000000000000   0.97069736636495
    100.000000000000   0.97160553683044
    101.000000000000   0.97253337348373
    102.000000000000   0.97348222518520
    103.000000000000   0.97445370746509
    104.000000000000   0.97544976919701
    105.000000000000   0.97647276237326
     106.00000000000   0.97752549753063
     107.00000000000   0.97861125258304
     108.00000000000   0.97973368522949
     109.00000000000   0.98089658394376
     110.00000000000   0.98210338887929
     111.00000000000   0.98335643324366
     112.00000000000   0.98465590733397
     113.00000000000   0.98599863262946
     114.00000000000   0.98737683853343
     115.00000000000   0.98877722902073
     116.00000000000   0.99018066888149
     117.00000000000   0.99156277129307
     118.00000000000   0.99289551491483
     119.00000000000   0.99414978261100
     120.00000000000   0.99529845767046
     121.00000000000   0.99631952107359
     122.00000000000   0.99719853876555
     123.00000000000   0.99793004213614
     124.00000000000   0.99851755957591
     125.00000000000   0.99897237272341
     126.00000000000   0.99931134853507
     127.00000000000   0.99955435729275
     128.00000000000   0.99972179450726
     129.00000000000   0.99983260281145
     130.00000000000   0.99990299767834
     131.00000000000   0.99994590714498
     132.00000000000   0.99997099331444
     133.00000000000   0.99998505494708
     134.00000000000   0.99999260986007
     135.00000000000   0.99999649946325
     136.00000000000   0.99999841798970
     137.00000000000   0.99999932441896
     138.00000000000   0.99999973455804
     139.00000000000   0.99999991226148
     140.00000000000   0.99999998597920
     141.00000000000    1.0000000152551
     142.00000000000    1.0000000263843
     143.00000000000    1.0000000304338
     144.00000000000    1.0000000318440
     145.00000000000    1.0000000323140
     146.00000000000    1.0000000324638
     147.00000000000    1.0000000325096
     148.00000000000    1.0000000325229
     149.00000000000    1.0000000325267
     150.00000000000    1.0000000325277
     151.00000000000    1.0000000325279
     152.00000000000    1.0000000325280
     153.00000000000    1.0000000325280
     154.00000000000    1.0000000325280
     155.00000000000    1.0000000325280
     156.00000000000    1.0000000325280
     157.00000000000    1.0000000325280
     158.00000000000    1.0000000325280
     159.00000000000    1.0000000325280
     160.00000000000    1.0000000325280
     161.00000000000    1.0000000325280
     162.00000000000    1.0000000325280
     163.00000000000    1.0000000325280
     164.00000000000    1.0000000325280
     165.00000000000    1.0000000325280
     166.00000000000    1.0000000325280
     167.00000000000    1.0000000325280
     168.00000000000    1.0000000325280
     169.00000000000    1.0000000325280
     170.00000000000    1.0000000325280
     171.00000000000    1.0000000325280
     172.00000000000    1.0000000325280
     173.00000000000    1.0000000325280
     174.00000000000    1.0000000325280
     175.00000000000    1.0000000325280
     176.00000000000    1.0000000325280
     177.00000000000    1.0000000325280
     178.00000000000    1.0000000325280
     179.00000000000    1.0000000325280
     180.00000000000    1.0000000325280
     181.00000000000    1.0000000325280
     182.00000000000    1.0000000325280
     183.00000000000    1.0000000325280
     184.00000000000    1.0000000325280
     185.00000000000    1.0000000325280
     186.00000000000    1.0000000325280
     187.00000000000    1.0000000325280
     188.00000000000    1.0000000325280
     189.00000000000    1.0000000325280
     190.00000000000    1.0000000325280
     191.00000000000    1.0000000325280
     192.00000000000    1.0000000325280
     193.00000000000    1.0000000325280
     194.00000000000    1.0000000325280
     195.00000000000    1.0000000325280
     196.00000000000    1.0000000325280
     197.00000000000    1.0000000325280
     198.00000000000    1.0000000325280
     199.00000000000    1.0000000325280
     200.00000000000    1.0000000325280
     201.00000000000    1.0000000325280
     202.00000000000    1.0000000325280
     203.00000000000    1.0000000325280
     204.00000000000    1.0000000325280
     205.00000000000    1.0000000325280
     206.00000000000    1.0000000325280
     207.00000000000    1.0000000325280
     208.00000000000    1.0000000325280
     209.00000000000    1.0000000325280
     210.00000000000    1.0000000325280
     211.00000000000    1.0000000325280
     212.00000000000    1.0000000325280
     213.00000000000    1.0000000325280
     214.00000000000    1.0000000325280
     215.00000000000    1.0000000325280
     216.00000000000    1.0000000325280
     217.00000000000    1.0000000325280
     218.00000000000    1.0000000325280
     219.00000000000    1.0000000325280
     220.00000000000    1.0000000325280
     221.00000000000    1.0000000325280
     222.00000000000    1.0000000325280
     223.00000000000    1.0000000325280
     224.00000000000    1.0000000325280
     225.00000000000    1.0000000325280
     226.00000000000    1.0000000325280
     227.00000000000    1.0000000325280
     228.00000000000    1.0000000325280
     229.00000000000    1.0000000325280
     230.00000000000    1.0000000325280
     231.00000000000    1.0000000325280
     232.00000000000    1.0000000325280
     233.00000000000    1.0000000325280
     234.00000000000    1.0000000325280
     235.00000000000    1.0000000325280
     236.00000000000    1.0000000325280
     237.00000000000    1.0000000325280
     238.00000000000    1.0000000325280
     239.00000000000    1.0000000325280
     240.00000000000    1.0000000325280
     241.00000000000    1.0000000325280
     242.00000000000    1.0000000325280
     243.00000000000    1.0000000325280
     244.00000000000    1.0000000325280
     245.00000000000    1.0000000325280
     246.00000000000    1.0000000325280
     247.00000000000    1.0000000325280
     248.00000000000    1.0000000325280
     249.00000000000    1.0000000325280
     250.00000000000    1.0000000325280
     251.00000000000    1.0000000325280
     252.00000000000    1.0000000325280
     253.00000000000    1.0000000325280
     254.00000000000    1.0000000325280
     255.00000000000    1.0000000325280
     256.00000000000    1.0000000325280
     257.00000000000    1.0000000325280
     258.00000000000    1.0000000325280
     259.00000000000    1.0000000325280
     260.00000000000    1.0000000325280
     261.00000000000    1.0000000325280
     262.00000000000    1.0000000325280
     263.00000000000    1.0000000325280
     264.00000000000    1.0000000325280
     265.00000000000    1.0000000325280
     266.00000000000    1.0000000325280
     267.00000000000    1.0000000325280
     268.00000000000    1.0000000325280
     269.00000000000    1.0000000325280
     270.00000000000    1.0000000325280
     271.00000000000    1.0000000325280
     272.00000000000    1.0000000325280
     273.00000000000    1.0000000325280
     274.00000000000    1.0000000325280
     275.00000000000    1.0000000325280
     276.00000000000    1.0000000325280
     277.00000000000    1.0000000325280
     278.00000000000    1.0000000325280
     279.00000000000    1.0000000325280
     280.00000000000    1.0000000325280
     281.00000000000    1.0000000325280
     282.00000000000    1.0000000325280
     283.00000000000    1.0000000325280
     284.00000000000    1.0000000325280
     285.00000000000    1.0000000325280
     286.00000000000    1.0000000325280
     287.00000000000    1.0000000325280
     288.00000000000    1.0000000325280
     289.00000000000    1.0000000325280
     290.00000000000    1.0000000325280
     291.00000000000    1.0000000325280
     292.00000000000    1.0000000325280
     293.00000000000    1.0000000325280
     294.00000000000    1.0000000325280
     295.00000000000    1.0000000325280
     296.00000000000    1.0000000325280
     297.00000000000    1.0000000325280
     298.00000000000    1.0000000325280
     299.00000000000    1.0000000325280
     300.00000000000    1.0000000325280
     301.00000000000    1.0000000325280
     302.00000000000    1.0000000325280
     303.00000000000    1.0000000325280
     304.00000000000    1.0000000325280
     305.00000000000    1.0000000325280
     306.00000000000    1.0000000325280
     307.00000000000    1.0000000325280
     308.00000000000    1.0000000325280
     309.00000000000    1.0000000325280
     310.00000000000    1.0000000325280
     311.00000000000    1.0000000325280
     312.00000000000    1.0000000325280
     313.00000000000    1.0000000325280
     314.00000000000    1.0000000325280
     315.00000000000    1.0000000325280
     316.00000000000    1.0000000325280
     317.00000000000    1.0000000325280
     318.00000000000    1.0000000325280
     319.00000000000    1.0000000325280
     320.00000000000    1.0000000325280
     321.00000000000    1.0000000325280
     322.00000000000    1.0000000325280
     323.00000000000    1.0000000325280
     324.00000000000    1.0000000325280
     325.00000000000    1.0000000325280
     326.00000000000    1.0000000325280
     327.00000000000    1.0000000325280
     328.00000000000    1.0000000325280
     329.00000000000    1.0000000325280
     330.00000000000    1.0000000325280
     331.00000000000    1.0000000325280
     332.00000000000    1.0000000325280
     333.00000000000    1.0000000325280
     334.00000000000    1.0000000325280
     335.00000000000    1.0000000325280
     336.00000000000    1.0000000325280
     337.00000000000    1.0000000325280
     338.00000000000    1.0000000325280
     339.00000000000    1.0000000325280
     340.00000000000    1.0000000325280
     341.00000000000    1.0000000325280
     342.00000000000    1.0000000325280
     343.00000000000    1.0000000325280
     344.00000000000    1.0000000325280
     345.00000000000    1.0000000325280
     346.00000000000    1.0000000325280
     347.00000000000    1.0000000325280
     348.00000000000    1.0000000325280
     349.00000000000    1.0000000325280
     350.00000000000    1.0000000325280
     351.00000000000    1.0000000325280
     352.00000000000    1.0000000325280
     353.00000000000    1.0000000325280
     354.00000000000    1.0000000325280
     355.00000000000    1.0000000325280
     356.00000000000    1.0000000325280
     357.00000000000    1.0000000325280
     358.00000000000    1.0000000325280
     359.00000000000    1.0000000325280
     360.00000000000    1.0000000325280
     361.00000000000    1.0000000325280
     362.00000000000    1.0000000325280
     363.00000000000    1.0000000325280
     364.00000000000    1.0000000325280
     365.00000000000    1.0000000325280
     366.00000000000    1.0000000325280
     367.00000000000    1.0000000325280
     368.00000000000    1.0000000325280
     369.00000000000    1.0000000325280
     370.00000000000    1.0000000325280
     371.00000000000    1.0000000325280
     372.00000000000    1.0000000325280
     373.00000000000    1.0000000325280
     374.00000000000    1.0000000325280
     375.00000000000    1.0000000325280
     376.00000000000    1.0000000325280
     377.00000000000    1.0000000325280
     378.00000000000    1.0000000325280
     379.00000000000    1.0000000325280
     380.00000000000    1.0000000325280
     381.00000000000    1.0000000325280
     382.00000000000    1.0000000325280
     383.00000000000    1.0000000325280
     384.00000000000    1.0000000325280
     385.00000000000    1.0000000325280
     386.00000000000    1.0000000325280
     387.00000000000    1.0000000325280
     388.00000000000    1.0000000325280
     389.00000000000    1.0000000325280
     390.00000000000    1.0000000325280
     391.00000000000    1.0000000325280
     392.00000000000    1.0000000325280
     393.00000000000    1.0000000325280
     394.00000000000    1.0000000325280
     395.00000000000    1.0000000325280
     396.00000000000    1.0000000325280
     397.00000000000    1.0000000325280
     398.00000000000    1.0000000325280
     399.00000000000    1.0000000325280
     400.00000000000    1.0000000325280
     401.00000000000    1.0000000325280
     402.00000000000    1.0000000325280
     403.00000000000    1.0000000325280
     404.00000000000    1.0000000325280
     405.00000000000    1.0000000325280
     406.00000000000    1.0000000325280
     407.00000000000    1.0000000325280
     408.00000000000    1.0000000325280
     409.00000000000    1.0000000325280
     410.00000000000    1.0000000325280
     411.00000000000    1.0000000325280
     412.00000000000    1.0000000325280
     413.00000000000    1.0000000325280
     414.00000000000    1.0000000325280
     415.00000000000    1.0000000325280
     416.00000000000    1.0000000325280
     417.00000000000    1.0000000325280
     418.00000000000    1.0000000325280
     419.00000000000    1.0000000325280
     420.00000000000    1.0000000325280
     421.00000000000    1.0000000325280
     422.00000000000    1.0000000325280
     423.00000000000    1.0000000325280
     424.00000000000    1.0000000325280
     425.00000000000    1.0000000325280
     426.00000000000    1.0000000325280
     427.00000000000    1.0000000325280
     428.00000000000    1.0000000325280
     429.00000000000    1.0000000325280
     430.00000000000    1.0000000325280
     431.00000000000    1.0000000325280
     432.00000000000    1.0000000325280
     433.00000000000    1.0000000325280
     434.00000000000    1.0000000325280
     435.00000000000    1.0000000325280
     436.00000000000    1.0000000325280
     437.00000000000    1.0000000325280
     438.00000000000    1.0000000325280
     439.00000000000    1.0000000325280
     440.00000000000    1.0000000325280
     441.00000000000    1.0000000325280
     442.00000000000    1.0000000325280
     443.00000000000    1.0000000325280
     444.00000000000    1.0000000325280
     445.00000000000    1.0000000325280
     446.00000000000    1.0000000325280
     447.00000000000    1.0000000325280
     448.00000000000    1.0000000325280
     449.00000000000    1.0000000325280
     450.00000000000    1.0000000325280
     451.00000000000    1.0000000325280
     452.00000000000    1.0000000325280
     453.00000000000    1.0000000325280
     454.00000000000    1.0000000325280
     455.00000000000    1.0000000325280
     456.00000000000    1.0000000325280
     457.00000000000    1.0000000325280
     458.00000000000    1.0000000325280
     459.00000000000    1.0000000325280
     460.00000000000    1.0000000325280
     461.00000000000    1.0000000325280
     462.00000000000    1.0000000325280
     463.00000000000    1.0000000325280
     464.00000000000    1.0000000325280
     465.00000000000    1.0000000325280
     466.00000000000    1.0000000325280
     467.00000000000    1.0000000325280
     468.00000000000    1.0000000325280
     469.00000000000    1.0000000325280
     470.00000000000    1.0000000325280
     471.00000000000    1.0000000325280
     472.00000000000    1.0000000325280
     473.00000000000    1.0000000325280
     474.00000000000    1.0000000325280
     475.00000000000    1.0000000325280
     476.00000000000    1.0000000325280
     477.00000000000    1.0000000325280
     478.00000000000    1.0000000325280
     479.00000000000    1.0000000325280
     480.00000000000    1.0000000325280
     481.00000000000    1.0000000325280
     482.00000000000    1.0000000325280
     483.00000000000    1.0000000325280
     484.00000000000    1.0000000325280
     485.00000000000    1.0000000325280
     486.00000000000    1.0000000325280
     487.00000000000    1.0000000325280
     488.00000000000    1.0000000325280
     489.00000000000    1.0000000325280
     490.00000000000    1.0000000325280
     491.00000000000    1.0000000325280
     492.00000000000    1.0000000325280
     493.00000000000    1.0000000325280
     494.00000000000    1.0000000325280
     495.00000000000    1.0000000325280
     496.00000000000    1.0000000325280
     497.00000000000    1.0000000325280
     498.00000000000    1.0000000325280
     499.00000000000    1.0000000325280
     500.00000000000    1.0000000325280
