    -500.00000000000    1.0000000325280
    -499.00000000000    1.0000000325280
    -498.00000000000    1.0000000325280
    -497.00000000000    1.0000000325280
    -496.00000000000    1.0000000325280
    -495.00000000000    1.0000000325280
    -494.00000000000    1.0000000325280
    -493.00000000000    1.0000000325280
    -492.00000000000    1.0000000325280
    -491.00000000000    1.0000000325280
    -490.00000000000    1.0000000325280
    -489.00000000000    1.0000000325280
    -488.00000000000    1.0000000325280
    -487.00000000000    1.0000000325280
    -486.00000000000    1.0000000325280
    -485.00000000000    1.0000000325280
    -484.00000000000    1.0000000325280
    -483.00000000000    1.0000000325280
    -482.00000000000    1.0000000325280
    -481.00000000000    1.0000000325280
    -480.00000000000    1.0000000325280
    -479.00000000000    1.0000000325280
    -478.00000000000    1.0000000325280
    -477.00000000000    1.0000000325280
    -476.00000000000    1.0000000325280
    -475.00000000000    1.0000000325280
    -474.00000000000    1.0000000325280
    -473.00000000000    1.0000000325280
    -472.00000000000    1.0000000325280
    -471.00000000000    1.0000000325280
    -470.00000000000    1.0000000325280
    -469.00000000000    1.0000000325280
    -468.00000000000    1.0000000325280
    -467.00000000000    1.0000000325280
    -466.00000000000    1.0000000325280
    -465.00000000000    1.0000000325280
    -464.00000000000    1.0000000325280
    -463.00000000000    1.0000000325280
    -462.00000000000    1.0000000325280
    -461.00000000000    1.0000000325280
    -460.00000000000    1.0000000325280
    -459.00000000000    1.0000000325280
    -458.00000000000    1.0000000325280
    -457.00000000000    1.0000000325280
    -456.00000000000    1.0000000325280
    -455.00000000000    1.0000000325280
    -454.00000000000    1.0000000325280
    -453.00000000000    1.0000000325280
    -452.00000000000    1.0000000325280
    -451.00000000000    1.0000000325280
    -450.00000000000    1.0000000325280
    -449.00000000000    1.0000000325280
    -448.00000000000    1.0000000325280
    -447.00000000000    1.0000000325280
    -446.00000000000    1.0000000325280
    -445.00000000000    1.0000000325280
    -444.00000000000    1.0000000325280
    -443.00000000000    1.0000000325280
    -442.00000000000    1.0000000325280
    -441.00000000000    1.0000000325280
    -440.00000000000    1.0000000325280
    -439.00000000000    1.0000000325280
    -438.00000000000    1.0000000325280
    -437.00000000000    1.0000000325280
    -436.00000000000    1.0000000325280
    -435.00000000000    1.0000000325280
    -434.00000000000    1.0000000325280
    -433.00000000000    1.0000000325280
    -432.00000000000    1.0000000325280
    -431.00000000000    1.0000000325280
    -430.00000000000    1.0000000325280
    -429.00000000000    1.0000000325280
    -428.00000000000    1.0000000325280
    -427.00000000000    1.0000000325280
    -426.00000000000    1.0000000325280
    -425.00000000000    1.0000000325280
    -424.00000000000    1.0000000325280
    -423.00000000000    1.0000000325280
    -422.00000000000    1.0000000325280
    -421.00000000000    1.0000000325280
    -420.00000000000    1.0000000325280
    -419.00000000000    1.0000000325280
    -418.00000000000    1.0000000325280
    -417.00000000000    1.0000000325280
    -416.00000000000    1.0000000325280
    -415.00000000000    1.0000000325280
    -414.00000000000    1.0000000325280
    -413.00000000000    1.0000000325280
    -412.00000000000    1.0000000325280
    -411.00000000000    1.0000000325280
    -410.00000000000    1.0000000325280
    -409.00000000000    1.0000000325280
    -408.00000000000    1.0000000325280
    -407.00000000000    1.0000000325280
    -406.00000000000    1.0000000325280
    -405.00000000000    1.0000000325280
    -404.00000000000    1.0000000325280
    -403.00000000000    1.0000000325280
    -402.00000000000    1.0000000325280
    -401.00000000000    1.0000000325280
    -400.00000000000    1.0000000325280
    -399.00000000000    1.0000000325280
    -398.00000000000    1.0000000325280
    -397.00000000000    1.0000000325280
    -396.00000000000    1.0000000325280
    -395.00000000000    1.0000000325280
    -394.00000000000    1.0000000325280
    -393.00000000000    1.0000000325280
    -392.00000000000    1.0000000325280
    -391.00000000000    1.0000000325280
    -390.00000000000    1.0000000325280
    -389.00000000000    1.0000000325280
    -388.00000000000    1.0000000325280
    -387.00000000000    1.0000000325280
    -386.00000000000    1.0000000325280
    -385.00000000000    1.0000000325280
    -384.00000000000    1.0000000325280
    -383.00000000000    1.0000000325280
    -382.00000000000    1.0000000325280
    -381.00000000000    1.0000000325280
    -380.00000000000    1.0000000325280
    -379.00000000000    1.0000000325280
    -378.00000000000    1.0000000325280
    -377.00000000000    1.0000000325280
    -376.00000000000    1.0000000325280
    -375.00000000000    1.0000000325280
    -374.00000000000    1.0000000325280
    -373.00000000000    1.0000000325280
    -372.00000000000    1.0000000325280
    -371.00000000000    1.0000000325280
    -370.00000000000    1.0000000325280
    -369.00000000000    1.0000000325280
    -368.00000000000    1.0000000325280
    -367.00000000000    1.0000000325280
    -366.00000000000    1.0000000325280
    -365.00000000000    1.0000000325280
    -364.00000000000    1.0000000325280
    -363.00000000000    1.0000000325280
    -362.00000000000    1.0000000325280
    -361.00000000000    1.0000000325280
    -360.00000000000    1.0000000325280
    -359.00000000000    1.0000000325280
    -358.00000000000    1.0000000325280
    -357.00000000000    1.0000000325280
    -356.00000000000    1.0000000325280
    -355.00000000000    1.0000000325280
    -354.00000000000    1.0000000325280
    -353.00000000000    1.0000000325280
    -352.00000000000    1.0000000325280
    -351.00000000000    1.0000000325280
    -350.00000000000    1.0000000325280
    -349.00000000000    1.0000000325280
    -348.00000000000    1.0000000325280
    -347.00000000000    1.0000000325280
    -346.00000000000    1.0000000325280
    -345.00000000000    1.0000000325280
    -344.00000000000    1.0000000325280
    -343.00000000000    1.0000000325280
    -342.00000000000    1.0000000325280
    -341.00000000000    1.0000000325280
    -340.00000000000    1.0000000325280
    -339.00000000000    1.0000000325280
    -338.00000000000    1.0000000325280
    -337.00000000000    1.0000000325280
    -336.00000000000    1.0000000325280
    -335.00000000000    1.0000000325280
    -334.00000000000    1.0000000325280
    -333.00000000000    1.0000000325280
    -332.00000000000    1.0000000325280
    -331.00000000000    1.0000000325280
    -330.00000000000    1.0000000325280
    -329.00000000000    1.0000000325280
    -328.00000000000    1.0000000325280
    -327.00000000000    1.0000000325280
    -326.00000000000    1.0000000325280
    -325.00000000000    1.0000000325280
    -324.00000000000    1.0000000325280
    -323.00000000000    1.0000000325280
    -322.00000000000    1.0000000325280
    -321.00000000000    1.0000000325280
    -320.00000000000    1.0000000325280
    -319.00000000000    1.0000000325280
    -318.00000000000    1.0000000325280
    -317.00000000000    1.0000000325280
    -316.00000000000    1.0000000325280
    -315.00000000000    1.0000000325280
    -314.00000000000    1.0000000325280
    -313.00000000000    1.0000000325280
    -312.00000000000    1.0000000325280
    -311.00000000000    1.0000000325280
    -310.00000000000    1.0000000325280
    -309.00000000000    1.0000000325280
    -308.00000000000    1.0000000325280
    -307.00000000000    1.0000000325280
    -306.00000000000    1.0000000325280
    -305.00000000000    1.0000000325280
    -304.00000000000    1.0000000325280
    -303.00000000000    1.0000000325280
    -302.00000000000    1.0000000325280
    -301.00000000000    1.0000000325280
    -300.00000000000    1.0000000325280
    -299.00000000000    1.0000000325280
    -298.00000000000    1.0000000325280
    -297.00000000000    1.0000000325280
    -296.00000000000    1.0000000325280
    -295.00000000000    1.0000000325280
    -294.00000000000    1.0000000325280
    -293.00000000000    1.0000000325280
    -292.00000000000    1.0000000325280
    -291.00000000000    1.0000000325280
    -290.00000000000    1.0000000325280
    -289.00000000000    1.0000000325280
    -288.00000000000    1.0000000325280
    -287.00000000000    1.0000000325280
    -286.00000000000    1.0000000325280
    -285.00000000000    1.0000000325280
    -284.00000000000    1.0000000325280
    -283.00000000000    1.0000000325280
    -282.00000000000    1.0000000325280
    -281.00000000000    1.0000000325280
    -280.00000000000    1.0000000325280
    -279.00000000000    1.0000000325280
    -278.00000000000    1.0000000325280
    -277.00000000000    1.0000000325280
    -276.00000000000    1.0000000325280
    -275.00000000000    1.0000000325280
    -274.00000000000    1.0000000325280
    -273.00000000000    1.0000000325280
    -272.00000000000    1.0000000325280
    -271.00000000000    1.0000000325280
    -270.00000000000    1.0000000325280
    -269.00000000000    1.0000000325280
    -268.00000000000    1.0000000325280
    -267.00000000000    1.0000000325280
    -266.00000000000    1.0000000325280
    -265.00000000000    1.0000000325280
    -264.00000000000    1.0000000325280
    -263.00000000000    1.0000000325280
    -262.00000000000    1.0000000325280
    -261.00000000000    1.0000000325280
    -260.00000000000    1.0000000325280
    -259.00000000000    1.0000000325280
    -258.00000000000    1.0000000325280
    -257.00000000000    1.0000000325280
    -256.00000000000    1.0000000325280
    -255.00000000000    1.0000000325280
    -254.00000000000    1.0000000325280
    -253.00000000000    1.0000000325280
    -252.00000000000    1.0000000325280
    -251.00000000000    1.0000000325280
    -250.00000000000    1.0000000325280
    -249.00000000000    1.0000000325280
    -248.00000000000    1.0000000325280
    -247.00000000000    1.0000000325280
    -246.00000000000    1.0000000325280
    -245.00000000000    1.0000000325280
    -244.00000000000    1.0000000325280
    -243.00000000000    1.0000000325280
    -242.00000000000    1.0000000325280
    -241.00000000000    1.0000000325280
    -240.00000000000    1.0000000325280
    -239.00000000000    1.0000000325280
    -238.00000000000    1.0000000325280
    -237.00000000000    1.0000000325280
    -236.00000000000    1.0000000325280
    -235.00000000000    1.0000000325280
    -234.00000000000    1.0000000325280
    -233.00000000000    1.0000000325280
    -232.00000000000    1.0000000325280
    -231.00000000000    1.0000000325280
    -230.00000000000    1.0000000325280
    -229.00000000000    1.0000000325280
    -228.00000000000    1.0000000325280
    -227.00000000000    1.0000000325280
    -226.00000000000    1.0000000325280
    -225.00000000000    1.0000000325280
    -224.00000000000    1.0000000325280
    -223.00000000000    1.0000000325280
    -222.00000000000    1.0000000325280
    -221.00000000000    1.0000000325280
    -220.00000000000    1.0000000325280
    -219.00000000000    1.0000000325280
    -218.00000000000    1.0000000325280
    -217.00000000000    1.0000000325280
    -216.00000000000    1.0000000325280
    -215.00000000000    1.0000000325280
    -214.00000000000    1.0000000325280
    -213.00000000000    1.0000000325280
    -212.00000000000    1.0000000325280
    -211.00000000000    1.0000000325280
    -210.00000000000    1.0000000325280
    -209.00000000000    1.0000000325280
    -208.00000000000    1.0000000325280
    -207.00000000000    1.0000000325280
    -206.00000000000    1.0000000325280
    -205.00000000000    1.0000000325280
    -204.00000000000    1.0000000325280
    -203.00000000000    1.0000000325280
    -202.00000000000    1.0000000325280
    -201.00000000000    1.0000000325280
    -200.00000000000    1.0000000325280
    -199.00000000000    1.0000000325279
    -198.00000000000    1.0000000325278
    -197.00000000000    1.0000000325272
    -196.00000000000    1.0000000325250
    -195.00000000000    1.0000000325171
    -194.00000000000    1.0000000324900
    -193.00000000000    1.0000000324014
    -192.00000000000    1.0000000321234
    -191.00000000000    1.0000000312897
    -190.00000000000    1.0000000288965
    -189.00000000000    1.0000000223215
    -188.00000000000    1.0000000050321
    -187.00000000000   0.99999996151395
    -186.00000000000   0.99999985665275
    -185.00000000000   0.99999961473898
    -184.00000000000   0.99999908034323
    -183.00000000000   0.99999794980652
    -182.00000000000   0.99999565895430
    -181.00000000000   0.99999121180205
    -180.00000000000   0.99998293936406
    -179.00000000000   0.99996819044037
    -178.00000000000   0.99994297952786
    -177.00000000000   0.99990164953740
    -176.00000000000   0.99983664213442
    -175.00000000000   0.99973849360931
    -174.00000000000   0.99959617304283
    -173.00000000000   0.99939783842105
    -172.00000000000   0.99913200200971
    -171.00000000000   0.99878898244183
    -170.00000000000   0.99836240883468
    -169.00000000000   0.99785047241447
    -168.00000000000   0.99725662810246
    -167.00000000000   0.99658954422240
    -166.00000000000   0.99586226296086
    -165.00000000000   0.99509071965405
    -164.00000000000   0.99429191690414
    -163.00000000000   0.99348211376649
    -162.00000000000   0.99267535498208
    -161.00000000000   0.99188254970295
    -160.00000000000   0.99111115742969
    -159.00000000000   0.99036540052344
    -158.00000000000   0.98964683400144
    -157.00000000000   0.98895507725461
    -156.00000000000   0.98828853923403
    -155.00000000000   0.98764502564067
    -154.00000000000   0.98702217905202
    -153.00000000000   0.98641775289891
    -152.00000000000   0.98582975004438
    -151.00000000000   0.98525646736620
    -150.00000000000   0.98469648500453
    -149.00000000000   0.98414862961228
    -148.00000000000   0.98361193037750
    -147.00000000000   0.98308557780681
    -146.00000000000   0.98256888928490
    -145.00000000000   0.98206128203131
    -144.00000000000   0.98156225253150
    -143.00000000000   0.98107136106750
    -142.00000000000   0.98058822004920
    -141.00000000000   0.98011248510667
    -140.00000000000   0.97964384817809
    -139.00000000000   0.97918203205171
    -138.00000000000   0.97872678598478
    -137.00000000000   0.97827788213524
    -136.00000000000   0.97783511261889
    -135.00000000000   0.97739828705625
    -134.00000000000   0.97696723050852
    -133.00000000000   0.97654178172691
    -132.00000000000   0.97612179165716
    -131.00000000000   0.97570712215365
    -130.00000000000   0.97529764486745
    -129.00000000000   0.97489324027961
    -128.00000000000   0.97449379685660
    -127.00000000000   0.97409921030921
    -126.00000000000   0.97370938293950
    -125.00000000000   0.97332422306298
    -124.00000000000   0.97294364449580
    -123.00000000000   0.97256756609770
    -122.00000000000   0.97219591136373
    -121.00000000000   0.97182860805813
    -120.00000000000   0.97146558788536
    -119.00000000000   0.97110678619346
    -118.00000000000   0.97075214170612
    -117.00000000000   0.97040159627988
    -116.00000000000   0.97005509468381
    -115.00000000000   0.96971258439898
    -114.00000000000   0.96937401543566
    -113.00000000000   0.96903934016633
    -112.00000000000   0.96870851317281
    -111.00000000000   0.96838149110613
    -110.00000000000   0.96805823255782
    -109.00000000000   0.96773869794142
    -108.00000000000   0.96742284938339
    -107.00000000000   0.96711065062237
    -106.00000000000   0.96680206691605
   -105.000000000000   0.96649706495505
   -104.000000000000   0.96619561278299
   -103.000000000000   0.96589767972243
   -102.000000000000   0.96560323630593
   -101.000000000000   0.96531225421201
   -100.000000000000   0.96502470620542
    -99.000000000000   0.96474056608149
    -98.000000000000   0.96445980861418
    -97.000000000000   0.96418240950747
    -96.000000000000   0.96390834534995
    -95.000000000000   0.96363759357227
    -94.000000000000   0.96337013240724
    -93.000000000000   0.96310594085243
    -92.000000000000   0.96284499863502
    -91.000000000000   0.96258728617876
    -90.000000000000   0.96233278457290
    -89.000000000000   0.96208147554296
    -88.000000000000   0.96183334142315
    -87.000000000000   0.96158836513037
    -86.000000000000   0.96134653013970
    -85.000000000000   0.96110782046124
    -84.000000000000   0.96087222061820
    -83.000000000000   0.96063971562622
    -82.000000000000   0.96041029097378
    -81.000000000000   0.96018393260362
    -80.000000000000   0.95996062689522
    -79.000000000000   0.95974036064810
    -78.000000000000   0.95952312106600
    -77.000000000000   0.95930889574191
    -76.000000000000   0.95909767264380
    -75.000000000000   0.95888944010108
    -74.000000000000   0.95868418679172
    -73.000000000000   0.95848190173002
    -72.000000000000   0.95828257425492
    -71.000000000000   0.95808619401895
    -70.000000000000   0.95789275097760
    -69.000000000000   0.95770223537932
    -68.000000000000   0.95751463775583
    -67.000000000000   0.95732994891301
    -66.000000000000   0.95714815992214
    -65.000000000000   0.95696926211155
    -64.000000000000   0.95679324705868
    -63.000000000000   0.95662010658240
    -62.000000000000   0.95644983273581
    -61.000000000000   0.95628241779922
    -60.000000000000   0.95611785427353
    -59.000000000000   0.95595613487386
    -58.000000000000   0.95579725252348
    -57.000000000000   0.95564120034795
    -56.000000000000   0.95548797166955
    -55.000000000000   0.95533756000197
    -54.000000000000   0.95518995904516
    -53.000000000000   0.95504516268042
    -52.000000000000   0.95490316496575
    -51.000000000000   0.95476396013131
    -50.000000000000   0.95462754257513
    -49.000000000000   0.95449390685894
    -48.000000000000   0.95436304770426
    -47.000000000000   0.95423495998855
    -46.000000000000   0.95410963874159
    -45.000000000000   0.95398707914197
    -44.000000000000   0.95386727651375
    -43.000000000000   0.95375022632325
    -42.000000000000   0.95363592417594
    -41.000000000000   0.95352436581351
    -40.000000000000   0.95341554711102
    -39.000000000000   0.95330946407420
    -38.000000000000   0.95320611283680
    -37.000000000000   0.95310548965814
    -36.000000000000   0.95300759092069
    -35.000000000000   0.95291241312778
    -34.000000000000   0.95281995290139
    -33.000000000000   0.95273020698008
    -32.000000000000   0.95264317221692
    -31.000000000000   0.95255884557761
    -30.000000000000   0.95247722413859
    -29.000000000000   0.95239830508534
    -28.000000000000   0.95232208571060
    -27.000000000000   0.95224856341286
    -26.000000000000   0.95217773569474
    -25.000000000000   0.95210960016160
    -24.000000000000   0.95204415452006
    -23.000000000000   0.95198139657676
    -22.000000000000   0.95192132423703
    -21.000000000000   0.95186393550371
    -20.000000000000   0.95180922847604
    -19.000000000000   0.95175720134855
    -18.000000000000   0.95170785241005
    -17.000000000000   0.95166118004268
    -16.000000000000   0.95161718272099
    -15.000000000000   0.95157585901113
    -14.000000000000   0.95153720757001
    -13.000000000000   0.95150122714458
    -12.000000000000   0.95146791657114
    -11.000000000000   0.95143727477472
   -10.0000000000000   0.95140930076845
    -9.0000000000000   0.95138399365308
    -8.0000000000000   0.95136135261643
    -7.0000000000000   0.95134137693301
    -6.0000000000000   0.95132406596357
    -5.0000000000000   0.95130941915482
    -4.0000000000000   0.95129743603906
    -3.0000000000000   0.95128811623400
    -2.0000000000000   0.95128145944249
    -1.0000000000000   0.95127746545240
   0.   0.95127613413650
     1.0000000000000   0.95127746545240
     2.0000000000000   0.95128145944249
     3.0000000000000   0.95128811623400
     4.0000000000000   0.95129743603906
     5.0000000000000   0.95130941915482
     6.0000000000000   0.95132406596357
     7.0000000000000   0.95134137693300
     8.0000000000000   0.95136135261643
     9.0000000000000   0.95138399365308
    10.0000000000000   0.95140930076845
     11.000000000000   0.95143727477472
     12.000000000000   0.95146791657114
     13.000000000000   0.95150122714458
     14.000000000000   0.95153720757001
     15.000000000000   0.95157585901113
     16.000000000000   0.95161718272099
     17.000000000000   0.95166118004268
     18.000000000000   0.95170785241005
     19.000000000000   0.95175720134855
     20.000000000000   0.95180922847604
     21.000000000000   0.95186393550371
     22.000000000000   0.95192132423703
     23.000000000000   0.95198139657676
     24.000000000000   0.95204415452006
     25.000000000000   0.95210960016160
     26.000000000000   0.95217773569474
     27.000000000000   0.95224856341285
     28.000000000000   0.95232208571060
     29.000000000000   0.95239830508534
     30.000000000000   0.95247722413859
     31.000000000000   0.95255884557761
     32.000000000000   0.95264317221692
     33.000000000000   0.95273020698008
     34.000000000000   0.95281995290139
     35.000000000000   0.95291241312778
     36.000000000000   0.95300759092069
     37.000000000000   0.95310548965814
     38.000000000000   0.95320611283680
     39.000000000000   0.95330946407420
     40.000000000000   0.95341554711102
     41.000000000000   0.95352436581351
     42.000000000000   0.95363592417594
     43.000000000000   0.95375022632325
     44.000000000000   0.95386727651375
     45.000000000000   0.95398707914197
     46.000000000000   0.95410963874159
     47.000000000000   0.95423495998855
     48.000000000000   0.95436304770426
     49.000000000000   0.95449390685894
     50.000000000000   0.95462754257513
     51.000000000000   0.95476396013131
     52.000000000000   0.95490316496575
     53.000000000000   0.95504516268042
     54.000000000000   0.95518995904516
     55.000000000000   0.95533756000197
     56.000000000000   0.95548797166955
     57.000000000000   0.95564120034795
     58.000000000000   0.95579725252348
     59.000000000000   0.95595613487386
     60.000000000000   0.95611785427352
     61.000000000000   0.95628241779922
     62.000000000000   0.95644983273581
     63.000000000000   0.95662010658240
     64.000000000000   0.95679324705868
     65.000000000000   0.95696926211155
     66.000000000000   0.95714815992214
     67.000000000000   0.95732994891301
     68.000000000000   0.95751463775583
     69.000000000000   0.95770223537932
     70.000000000000   0.95789275097760
     71.000000000000   0.95808619401895
     72.000000000000   0.95828257425492
     73.000000000000   0.95848190173002
     74.000000000000   0.95868418679172
     75.000000000000   0.95888944010108
     76.000000000000   0.95909767264380
     77.000000000000   0.95930889574191
     78.000000000000   0.95952312106600
     79.000000000000   0.95974036064810
     80.000000000000   0.95996062689522
     81.000000000000   0.96018393260362
     82.000000000000   0.96041029097378
     83.000000000000   0.96063971562622
     84.000000000000   0.96087222061820
     85.000000000000   0.96110782046124
     86.000000000000   0.96134653013970
     87.000000000000   0.96158836513037
     88.000000000000   0.96183334142315
     89.000000000000   0.96208147554296
     90.000000000000   0.96233278457290
     91.000000000000   0.96258728617876
     92.000000000000   0.96284499863502
     93.000000000000   0.96310594085243
     94.000000000000   0.96337013240724
     95.000000000000   0.96363759357227
     96.000000000000   0.96390834534995
     97.000000000000   0.96418240950747
     98.000000000000   0.96445980861418
     99.000000000000   0.96474056608149
    100.000000000000   0.96502470620542
    101.000000000000   0.96531225421201
    102.000000000000   0.96560323630593
    103.000000000000   0.96589767972243
    104.000000000000   0.96619561278299
    105.000000000000   0.96649706495505
     106.00000000000   0.96680206691605
     107.00000000000   0.96711065062237
     108.00000000000   0.96742284938339
     109.00000000000   0.96773869794142
     110.00000000000   0.96805823255782
     111.00000000000   0.96838149110613
     112.00000000000   0.96870851317281
     113.00000000000   0.96903934016633
     114.00000000000   0.96937401543566
     115.00000000000   0.96971258439898
     116.00000000000   0.97005509468381
     117.00000000000   0.97040159627988
     118.00000000000   0.97075214170612
     119.00000000000   0.97110678619346
     120.00000000000   0.97146558788536
     121.00000000000   0.97182860805813
     122.00000000000   0.97219591136373
     123.00000000000   0.97256756609770
     124.00000000000   0.97294364449580
     125.00000000000   0.97332422306298
     126.00000000000   0.97370938293950
     127.00000000000   0.97409921030921
     128.00000000000   0.97449379685660
     129.00000000000   0.97489324027961
     130.00000000000   0.97529764486746
     131.00000000000   0.97570712215365
     132.00000000000   0.97612179165716
     133.00000000000   0.97654178172691
     134.00000000000   0.97696723050852
     135.00000000000   0.97739828705625
     136.00000000000   0.97783511261889
     137.00000000000   0.97827788213524
     138.00000000000   0.97872678598478
     139.00000000000   0.97918203205171
     140.00000000000   0.97964384817809
     141.00000000000   0.98011248510667
     142.00000000000   0.98058822004920
     143.00000000000   0.98107136106750
     144.00000000000   0.98156225253150
     145.00000000000   0.98206128203131
     146.00000000000   0.98256888928490
     147.00000000000   0.98308557780681
     148.00000000000   0.98361193037750
     149.00000000000   0.98414862961228
     150.00000000000   0.98469648500453
     151.00000000000   0.98525646736620
     152.00000000000   0.98582975004438
     153.00000000000   0.98641775289891
     154.00000000000   0.98702217905202
     155.00000000000   0.98764502564067
     156.00000000000   0.98828853923403
     157.00000000000   0.98895507725461
     158.00000000000   0.98964683400144
     159.00000000000   0.99036540052344
     160.00000000000   0.99111115742969
     161.00000000000   0.99188254970295
     162.00000000000   0.99267535498208
     163.00000000000   0.99348211376649
     164.00000000000   0.99429191690414
     165.00000000000   0.99509071965405
     166.00000000000   0.99586226296086
     167.00000000000   0.99658954422240
     168.00000000000   0.99725662810246
     169.00000000000   0.99785047241447
     170.00000000000   0.99836240883468
     171.00000000000   0.99878898244183
     172.00000000000   0.99913200200971
     173.00000000000   0.99939783842105
     174.00000000000   0.99959617304283
     175.00000000000   0.99973849360931
     176.00000000000   0.99983664213442
     177.00000000000   0.99990164953740
     178.00000000000   0.99994297952786
     179.00000000000   0.99996819044037
     180.00000000000   0.99998293936406
     181.00000000000   0.99999121180205
     182.00000000000   0.99999565895430
     183.00000000000   0.99999794980652
     184.00000000000   0.99999908034323
     185.00000000000   0.99999961473898
     186.00000000000   0.99999985665275
     187.00000000000   0.99999996151395
     188.00000000000    1.0000000050321
     189.00000000000    1.0000000223215
     190.00000000000    1.0000000288965
     191.00000000000    1.0000000312897
     192.00000000000    1.0000000321234
     193.00000000000    1.0000000324014
     194.00000000000    1.0000000324900
     195.00000000000    1.0000000325171
     196.00000000000    1.0000000325250
     197.00000000000    1.0000000325272
     198.00000000000    1.0000000325278
     199.00000000000    1.0000000325279
     200.00000000000    1.0000000325280
     201.00000000000    1.0000000325280
     202.00000000000    1.0000000325280
     203.00000000000    1.0000000325280
     204.00000000000    1.0000000325280
     205.00000000000    1.0000000325280
     206.00000000000    1.0000000325280
     207.00000000000    1.0000000325280
     208.00000000000    1.0000000325280
     209.00000000000    1.0000000325280
     210.00000000000    1.0000000325280
     211.00000000000    1.0000000325280
     212.00000000000    1.0000000325280
     213.00000000000    1.0000000325280
     214.00000000000    1.0000000325280
     215.00000000000    1.0000000325280
     216.00000000000    1.0000000325280
     217.00000000000    1.0000000325280
     218.00000000000    1.0000000325280
     219.00000000000    1.0000000325280
     220.00000000000    1.0000000325280
     221.00000000000    1.0000000325280
     222.00000000000    1.0000000325280
     223.00000000000    1.0000000325280
     224.00000000000    1.0000000325280
     225.00000000000    1.0000000325280
     226.00000000000    1.0000000325280
     227.00000000000    1.0000000325280
     228.00000000000    1.0000000325280
     229.00000000000    1.0000000325280
     230.00000000000    1.0000000325280
     231.00000000000    1.0000000325280
     232.00000000000    1.0000000325280
     233.00000000000    1.0000000325280
     234.00000000000    1.0000000325280
     235.00000000000    1.0000000325280
     236.00000000000    1.0000000325280
     237.00000000000    1.0000000325280
     238.00000000000    1.0000000325280
     239.00000000000    1.0000000325280
     240.00000000000    1.0000000325280
     241.00000000000    1.0000000325280
     242.00000000000    1.0000000325280
     243.00000000000    1.0000000325280
     244.00000000000    1.0000000325280
     245.00000000000    1.0000000325280
     246.00000000000    1.0000000325280
     247.00000000000    1.0000000325280
     248.00000000000    1.0000000325280
     249.00000000000    1.0000000325280
     250.00000000000    1.0000000325280
     251.00000000000    1.0000000325280
     252.00000000000    1.0000000325280
     253.00000000000    1.0000000325280
     254.00000000000    1.0000000325280
     255.00000000000    1.0000000325280
     256.00000000000    1.0000000325280
     257.00000000000    1.0000000325280
     258.00000000000    1.0000000325280
     259.00000000000    1.0000000325280
     260.00000000000    1.0000000325280
     261.00000000000    1.0000000325280
     262.00000000000    1.0000000325280
     263.00000000000    1.0000000325280
     264.00000000000    1.0000000325280
     265.00000000000    1.0000000325280
     266.00000000000    1.0000000325280
     267.00000000000    1.0000000325280
     268.00000000000    1.0000000325280
     269.00000000000    1.0000000325280
     270.00000000000    1.0000000325280
     271.00000000000    1.0000000325280
     272.00000000000    1.0000000325280
     273.00000000000    1.0000000325280
     274.00000000000    1.0000000325280
     275.00000000000    1.0000000325280
     276.00000000000    1.0000000325280
     277.00000000000    1.0000000325280
     278.00000000000    1.0000000325280
     279.00000000000    1.0000000325280
     280.00000000000    1.0000000325280
     281.00000000000    1.0000000325280
     282.00000000000    1.0000000325280
     283.00000000000    1.0000000325280
     284.00000000000    1.0000000325280
     285.00000000000    1.0000000325280
     286.00000000000    1.0000000325280
     287.00000000000    1.0000000325280
     288.00000000000    1.0000000325280
     289.00000000000    1.0000000325280
     290.00000000000    1.0000000325280
     291.00000000000    1.0000000325280
     292.00000000000    1.0000000325280
     293.00000000000    1.0000000325280
     294.00000000000    1.0000000325280
     295.00000000000    1.0000000325280
     296.00000000000    1.0000000325280
     297.00000000000    1.0000000325280
     298.00000000000    1.0000000325280
     299.00000000000    1.0000000325280
     300.00000000000    1.0000000325280
     301.00000000000    1.0000000325280
     302.00000000000    1.0000000325280
     303.00000000000    1.0000000325280
     304.00000000000    1.0000000325280
     305.00000000000    1.0000000325280
     306.00000000000    1.0000000325280
     307.00000000000    1.0000000325280
     308.00000000000    1.0000000325280
     309.00000000000    1.0000000325280
     310.00000000000    1.0000000325280
     311.00000000000    1.0000000325280
     312.00000000000    1.0000000325280
     313.00000000000    1.0000000325280
     314.00000000000    1.0000000325280
     315.00000000000    1.0000000325280
     316.00000000000    1.0000000325280
     317.00000000000    1.0000000325280
     318.00000000000    1.0000000325280
     319.00000000000    1.0000000325280
     320.00000000000    1.0000000325280
     321.00000000000    1.0000000325280
     322.00000000000    1.0000000325280
     323.00000000000    1.0000000325280
     324.00000000000    1.0000000325280
     325.00000000000    1.0000000325280
     326.00000000000    1.0000000325280
     327.00000000000    1.0000000325280
     328.00000000000    1.0000000325280
     329.00000000000    1.0000000325280
     330.00000000000    1.0000000325280
     331.00000000000    1.0000000325280
     332.00000000000    1.0000000325280
     333.00000000000    1.0000000325280
     334.00000000000    1.0000000325280
     335.00000000000    1.0000000325280
     336.00000000000    1.0000000325280
     337.00000000000    1.0000000325280
     338.00000000000    1.0000000325280
     339.00000000000    1.0000000325280
     340.00000000000    1.0000000325280
     341.00000000000    1.0000000325280
     342.00000000000    1.0000000325280
     343.00000000000    1.0000000325280
     344.00000000000    1.0000000325280
     345.00000000000    1.0000000325280
     346.00000000000    1.0000000325280
     347.00000000000    1.0000000325280
     348.00000000000    1.0000000325280
     349.00000000000    1.0000000325280
     350.00000000000    1.0000000325280
     351.00000000000    1.0000000325280
     352.00000000000    1.0000000325280
     353.00000000000    1.0000000325280
     354.00000000000    1.0000000325280
     355.00000000000    1.0000000325280
     356.00000000000    1.0000000325280
     357.00000000000    1.0000000325280
     358.00000000000    1.0000000325280
     359.00000000000    1.0000000325280
     360.00000000000    1.0000000325280
     361.00000000000    1.0000000325280
     362.00000000000    1.0000000325280
     363.00000000000    1.0000000325280
     364.00000000000    1.0000000325280
     365.00000000000    1.0000000325280
     366.00000000000    1.0000000325280
     367.00000000000    1.0000000325280
     368.00000000000    1.0000000325280
     369.00000000000    1.0000000325280
     370.00000000000    1.0000000325280
     371.00000000000    1.0000000325280
     372.00000000000    1.0000000325280
     373.00000000000    1.0000000325280
     374.00000000000    1.0000000325280
     375.00000000000    1.0000000325280
     376.00000000000    1.0000000325280
     377.00000000000    1.0000000325280
     378.00000000000    1.0000000325280
     379.00000000000    1.0000000325280
     380.00000000000    1.0000000325280
     381.00000000000    1.0000000325280
     382.00000000000    1.0000000325280
     383.00000000000    1.0000000325280
     384.00000000000    1.0000000325280
     385.00000000000    1.0000000325280
     386.00000000000    1.0000000325280
     387.00000000000    1.0000000325280
     388.00000000000    1.0000000325280
     389.00000000000    1.0000000325280
     390.00000000000    1.0000000325280
     391.00000000000    1.0000000325280
     392.00000000000    1.0000000325280
     393.00000000000    1.0000000325280
     394.00000000000    1.0000000325280
     395.00000000000    1.0000000325280
     396.00000000000    1.0000000325280
     397.00000000000    1.0000000325280
     398.00000000000    1.0000000325280
     399.00000000000    1.0000000325280
     400.00000000000    1.0000000325280
     401.00000000000    1.0000000325280
     402.00000000000    1.0000000325280
     403.00000000000    1.0000000325280
     404.00000000000    1.0000000325280
     405.00000000000    1.0000000325280
     406.00000000000    1.0000000325280
     407.00000000000    1.0000000325280
     408.00000000000    1.0000000325280
     409.00000000000    1.0000000325280
     410.00000000000    1.0000000325280
     411.00000000000    1.0000000325280
     412.00000000000    1.0000000325280
     413.00000000000    1.0000000325280
     414.00000000000    1.0000000325280
     415.00000000000    1.0000000325280
     416.00000000000    1.0000000325280
     417.00000000000    1.0000000325280
     418.00000000000    1.0000000325280
     419.00000000000    1.0000000325280
     420.00000000000    1.0000000325280
     421.00000000000    1.0000000325280
     422.00000000000    1.0000000325280
     423.00000000000    1.0000000325280
     424.00000000000    1.0000000325280
     425.00000000000    1.0000000325280
     426.00000000000    1.0000000325280
     427.00000000000    1.0000000325280
     428.00000000000    1.0000000325280
     429.00000000000    1.0000000325280
     430.00000000000    1.0000000325280
     431.00000000000    1.0000000325280
     432.00000000000    1.0000000325280
     433.00000000000    1.0000000325280
     434.00000000000    1.0000000325280
     435.00000000000    1.0000000325280
     436.00000000000    1.0000000325280
     437.00000000000    1.0000000325280
     438.00000000000    1.0000000325280
     439.00000000000    1.0000000325280
     440.00000000000    1.0000000325280
     441.00000000000    1.0000000325280
     442.00000000000    1.0000000325280
     443.00000000000    1.0000000325280
     444.00000000000    1.0000000325280
     445.00000000000    1.0000000325280
     446.00000000000    1.0000000325280
     447.00000000000    1.0000000325280
     448.00000000000    1.0000000325280
     449.00000000000    1.0000000325280
     450.00000000000    1.0000000325280
     451.00000000000    1.0000000325280
     452.00000000000    1.0000000325280
     453.00000000000    1.0000000325280
     454.00000000000    1.0000000325280
     455.00000000000    1.0000000325280
     456.00000000000    1.0000000325280
     457.00000000000    1.0000000325280
     458.00000000000    1.0000000325280
     459.00000000000    1.0000000325280
     460.00000000000    1.0000000325280
     461.00000000000    1.0000000325280
     462.00000000000    1.0000000325280
     463.00000000000    1.0000000325280
     464.00000000000    1.0000000325280
     465.00000000000    1.0000000325280
     466.00000000000    1.0000000325280
     467.00000000000    1.0000000325280
     468.00000000000    1.0000000325280
     469.00000000000    1.0000000325280
     470.00000000000    1.0000000325280
     471.00000000000    1.0000000325280
     472.00000000000    1.0000000325280
     473.00000000000    1.0000000325280
     474.00000000000    1.0000000325280
     475.00000000000    1.0000000325280
     476.00000000000    1.0000000325280
     477.00000000000    1.0000000325280
     478.00000000000    1.0000000325280
     479.00000000000    1.0000000325280
     480.00000000000    1.0000000325280
     481.00000000000    1.0000000325280
     482.00000000000    1.0000000325280
     483.00000000000    1.0000000325280
     484.00000000000    1.0000000325280
     485.00000000000    1.0000000325280
     486.00000000000    1.0000000325280
     487.00000000000    1.0000000325280
     488.00000000000    1.0000000325280
     489.00000000000    1.0000000325280
     490.00000000000    1.0000000325280
     491.00000000000    1.0000000325280
     492.00000000000    1.0000000325280
     493.00000000000    1.0000000325280
     494.00000000000    1.0000000325280
     495.00000000000    1.0000000325280
     496.00000000000    1.0000000325280
     497.00000000000    1.0000000325280
     498.00000000000    1.0000000325280
     499.00000000000    1.0000000325280
     500.00000000000    1.0000000325280
