    -500.00000000000    1.0000000325280
    -499.00000000000    1.0000000325280
    -498.00000000000    1.0000000325280
    -497.00000000000    1.0000000325280
    -496.00000000000    1.0000000325280
    -495.00000000000    1.0000000325280
    -494.00000000000    1.0000000325280
    -493.00000000000    1.0000000325280
    -492.00000000000    1.0000000325280
    -491.00000000000    1.0000000325280
    -490.00000000000    1.0000000325280
    -489.00000000000    1.0000000325280
    -488.00000000000    1.0000000325280
    -487.00000000000    1.0000000325280
    -486.00000000000    1.0000000325280
    -485.00000000000    1.0000000325280
    -484.00000000000    1.0000000325280
    -483.00000000000    1.0000000325280
    -482.00000000000    1.0000000325280
    -481.00000000000    1.0000000325280
    -480.00000000000    1.0000000325280
    -479.00000000000    1.0000000325280
    -478.00000000000    1.0000000325280
    -477.00000000000    1.0000000325280
    -476.00000000000    1.0000000325280
    -475.00000000000    1.0000000325280
    -474.00000000000    1.0000000325280
    -473.00000000000    1.0000000325280
    -472.00000000000    1.0000000325280
    -471.00000000000    1.0000000325280
    -470.00000000000    1.0000000325280
    -469.00000000000    1.0000000325280
    -468.00000000000    1.0000000325280
    -467.00000000000    1.0000000325280
    -466.00000000000    1.0000000325280
    -465.00000000000    1.0000000325280
    -464.00000000000    1.0000000325280
    -463.00000000000    1.0000000325280
    -462.00000000000    1.0000000325280
    -461.00000000000    1.0000000325280
    -460.00000000000    1.0000000325280
    -459.00000000000    1.0000000325280
    -458.00000000000    1.0000000325280
    -457.00000000000    1.0000000325280
    -456.00000000000    1.0000000325280
    -455.00000000000    1.0000000325280
    -454.00000000000    1.0000000325280
    -453.00000000000    1.0000000325280
    -452.00000000000    1.0000000325280
    -451.00000000000    1.0000000325280
    -450.00000000000    1.0000000325280
    -449.00000000000    1.0000000325280
    -448.00000000000    1.0000000325280
    -447.00000000000    1.0000000325280
    -446.00000000000    1.0000000325280
    -445.00000000000    1.0000000325280
    -444.00000000000    1.0000000325280
    -443.00000000000    1.0000000325280
    -442.00000000000    1.0000000325280
    -441.00000000000    1.0000000325280
    -440.00000000000    1.0000000325280
    -439.00000000000    1.0000000325280
    -438.00000000000    1.0000000325280
    -437.00000000000    1.0000000325280
    -436.00000000000    1.0000000325280
    -435.00000000000    1.0000000325280
    -434.00000000000    1.0000000325280
    -433.00000000000    1.0000000325280
    -432.00000000000    1.0000000325280
    -431.00000000000    1.0000000325280
    -430.00000000000    1.0000000325280
    -429.00000000000    1.0000000325280
    -428.00000000000    1.0000000325280
    -427.00000000000    1.0000000325280
    -426.00000000000    1.0000000325280
    -425.00000000000    1.0000000325280
    -424.00000000000    1.0000000325280
    -423.00000000000    1.0000000325280
    -422.00000000000    1.0000000325280
    -421.00000000000    1.0000000325280
    -420.00000000000    1.0000000325280
    -419.00000000000    1.0000000325280
    -418.00000000000    1.0000000325280
    -417.00000000000    1.0000000325280
    -416.00000000000    1.0000000325280
    -415.00000000000    1.0000000325280
    -414.00000000000    1.0000000325280
    -413.00000000000    1.0000000325280
    -412.00000000000    1.0000000325280
    -411.00000000000    1.0000000325280
    -410.00000000000    1.0000000325280
    -409.00000000000    1.0000000325280
    -408.00000000000    1.0000000325280
    -407.00000000000    1.0000000325280
    -406.00000000000    1.0000000325280
    -405.00000000000    1.0000000325280
    -404.00000000000    1.0000000325280
    -403.00000000000    1.0000000325280
    -402.00000000000    1.0000000325280
    -401.00000000000    1.0000000325280
    -400.00000000000    1.0000000325280
    -399.00000000000    1.0000000325280
    -398.00000000000    1.0000000325280
    -397.00000000000    1.0000000325280
    -396.00000000000    1.0000000325280
    -395.00000000000    1.0000000325280
    -394.00000000000    1.0000000325280
    -393.00000000000    1.0000000325280
    -392.00000000000    1.0000000325280
    -391.00000000000    1.0000000325280
    -390.00000000000    1.0000000325280
    -389.00000000000    1.0000000325280
    -388.00000000000    1.0000000325280
    -387.00000000000    1.0000000325280
    -386.00000000000    1.0000000325280
    -385.00000000000    1.0000000325280
    -384.00000000000    1.0000000325280
    -383.00000000000    1.0000000325280
    -382.00000000000    1.0000000325280
    -381.00000000000    1.0000000325280
    -380.00000000000    1.0000000325280
    -379.00000000000    1.0000000325280
    -378.00000000000    1.0000000325280
    -377.00000000000    1.0000000325280
    -376.00000000000    1.0000000325280
    -375.00000000000    1.0000000325280
    -374.00000000000    1.0000000325280
    -373.00000000000    1.0000000325280
    -372.00000000000    1.0000000325280
    -371.00000000000    1.0000000325280
    -370.00000000000    1.0000000325280
    -369.00000000000    1.0000000325280
    -368.00000000000    1.0000000325280
    -367.00000000000    1.0000000325280
    -366.00000000000    1.0000000325280
    -365.00000000000    1.0000000325280
    -364.00000000000    1.0000000325280
    -363.00000000000    1.0000000325280
    -362.00000000000    1.0000000325280
    -361.00000000000    1.0000000325280
    -360.00000000000    1.0000000325280
    -359.00000000000    1.0000000325280
    -358.00000000000    1.0000000325280
    -357.00000000000    1.0000000325280
    -356.00000000000    1.0000000325280
    -355.00000000000    1.0000000325280
    -354.00000000000    1.0000000325280
    -353.00000000000    1.0000000325280
    -352.00000000000    1.0000000325280
    -351.00000000000    1.0000000325280
    -350.00000000000    1.0000000325280
    -349.00000000000    1.0000000325280
    -348.00000000000    1.0000000325280
    -347.00000000000    1.0000000325280
    -346.00000000000    1.0000000325280
    -345.00000000000    1.0000000325280
    -344.00000000000    1.0000000325280
    -343.00000000000    1.0000000325280
    -342.00000000000    1.0000000325280
    -341.00000000000    1.0000000325280
    -340.00000000000    1.0000000325280
    -339.00000000000    1.0000000325280
    -338.00000000000    1.0000000325280
    -337.00000000000    1.0000000325280
    -336.00000000000    1.0000000325280
    -335.00000000000    1.0000000325280
    -334.00000000000    1.0000000325280
    -333.00000000000    1.0000000325280
    -332.00000000000    1.0000000325280
    -331.00000000000    1.0000000325280
    -330.00000000000    1.0000000325280
    -329.00000000000    1.0000000325280
    -328.00000000000    1.0000000325280
    -327.00000000000    1.0000000325280
    -326.00000000000    1.0000000325280
    -325.00000000000    1.0000000325280
    -324.00000000000    1.0000000325280
    -323.00000000000    1.0000000325280
    -322.00000000000    1.0000000325280
    -321.00000000000    1.0000000325280
    -320.00000000000    1.0000000325280
    -319.00000000000    1.0000000325280
    -318.00000000000    1.0000000325280
    -317.00000000000    1.0000000325280
    -316.00000000000    1.0000000325280
    -315.00000000000    1.0000000325280
    -314.00000000000    1.0000000325280
    -313.00000000000    1.0000000325280
    -312.00000000000    1.0000000325280
    -311.00000000000    1.0000000325280
    -310.00000000000    1.0000000325280
    -309.00000000000    1.0000000325280
    -308.00000000000    1.0000000325280
    -307.00000000000    1.0000000325280
    -306.00000000000    1.0000000325280
    -305.00000000000    1.0000000325280
    -304.00000000000    1.0000000325280
    -303.00000000000    1.0000000325280
    -302.00000000000    1.0000000325280
    -301.00000000000    1.0000000325280
    -300.00000000000    1.0000000325280
    -299.00000000000    1.0000000325280
    -298.00000000000    1.0000000325280
    -297.00000000000    1.0000000325280
    -296.00000000000    1.0000000325280
    -295.00000000000    1.0000000325280
    -294.00000000000    1.0000000325280
    -293.00000000000    1.0000000325280
    -292.00000000000    1.0000000325280
    -291.00000000000    1.0000000325280
    -290.00000000000    1.0000000325280
    -289.00000000000    1.0000000325280
    -288.00000000000    1.0000000325280
    -287.00000000000    1.0000000325280
    -286.00000000000    1.0000000325280
    -285.00000000000    1.0000000325280
    -284.00000000000    1.0000000325280
    -283.00000000000    1.0000000325280
    -282.00000000000    1.0000000325280
    -281.00000000000    1.0000000325280
    -280.00000000000    1.0000000325280
    -279.00000000000    1.0000000325280
    -278.00000000000    1.0000000325280
    -277.00000000000    1.0000000325280
    -276.00000000000    1.0000000325280
    -275.00000000000    1.0000000325280
    -274.00000000000    1.0000000325280
    -273.00000000000    1.0000000325280
    -272.00000000000    1.0000000325280
    -271.00000000000    1.0000000325280
    -270.00000000000    1.0000000325280
    -269.00000000000    1.0000000325280
    -268.00000000000    1.0000000325280
    -267.00000000000    1.0000000325280
    -266.00000000000    1.0000000325280
    -265.00000000000    1.0000000325280
    -264.00000000000    1.0000000325280
    -263.00000000000    1.0000000325280
    -262.00000000000    1.0000000325280
    -261.00000000000    1.0000000325280
    -260.00000000000    1.0000000325280
    -259.00000000000    1.0000000325280
    -258.00000000000    1.0000000325280
    -257.00000000000    1.0000000325280
    -256.00000000000    1.0000000325280
    -255.00000000000    1.0000000325280
    -254.00000000000    1.0000000325280
    -253.00000000000    1.0000000325280
    -252.00000000000    1.0000000325280
    -251.00000000000    1.0000000325280
    -250.00000000000    1.0000000325280
    -249.00000000000    1.0000000325280
    -248.00000000000    1.0000000325280
    -247.00000000000    1.0000000325280
    -246.00000000000    1.0000000325280
    -245.00000000000    1.0000000325280
    -244.00000000000    1.0000000325280
    -243.00000000000    1.0000000325280
    -242.00000000000    1.0000000325280
    -241.00000000000    1.0000000325280
    -240.00000000000    1.0000000325280
    -239.00000000000    1.0000000325280
    -238.00000000000    1.0000000325280
    -237.00000000000    1.0000000325280
    -236.00000000000    1.0000000325280
    -235.00000000000    1.0000000325280
    -234.00000000000    1.0000000325280
    -233.00000000000    1.0000000325280
    -232.00000000000    1.0000000325280
    -231.00000000000    1.0000000325280
    -230.00000000000    1.0000000325280
    -229.00000000000    1.0000000325280
    -228.00000000000    1.0000000325280
    -227.00000000000    1.0000000325280
    -226.00000000000    1.0000000325280
    -225.00000000000    1.0000000325280
    -224.00000000000    1.0000000325280
    -223.00000000000    1.0000000325280
    -222.00000000000    1.0000000325280
    -221.00000000000    1.0000000325280
    -220.00000000000    1.0000000325280
    -219.00000000000    1.0000000325280
    -218.00000000000    1.0000000325280
    -217.00000000000    1.0000000325280
    -216.00000000000    1.0000000325280
    -215.00000000000    1.0000000325280
    -214.00000000000    1.0000000325280
    -213.00000000000    1.0000000325280
    -212.00000000000    1.0000000325280
    -211.00000000000    1.0000000325280
    -210.00000000000    1.0000000325280
    -209.00000000000    1.0000000325280
    -208.00000000000    1.0000000325280
    -207.00000000000    1.0000000325280
    -206.00000000000    1.0000000325280
    -205.00000000000    1.0000000325280
    -204.00000000000    1.0000000325280
    -203.00000000000    1.0000000325280
    -202.00000000000    1.0000000325280
    -201.00000000000    1.0000000325280
    -200.00000000000    1.0000000325280
    -199.00000000000    1.0000000325280
    -198.00000000000    1.0000000325280
    -197.00000000000    1.0000000325280
    -196.00000000000    1.0000000325280
    -195.00000000000    1.0000000325280
    -194.00000000000    1.0000000325280
    -193.00000000000    1.0000000325280
    -192.00000000000    1.0000000325280
    -191.00000000000    1.0000000325280
    -190.00000000000    1.0000000325280
    -189.00000000000    1.0000000325280
    -188.00000000000    1.0000000325280
    -187.00000000000    1.0000000325280
    -186.00000000000    1.0000000325280
    -185.00000000000    1.0000000325280
    -184.00000000000    1.0000000325280
    -183.00000000000    1.0000000325280
    -182.00000000000    1.0000000325280
    -181.00000000000    1.0000000325280
    -180.00000000000    1.0000000325280
    -179.00000000000    1.0000000325280
    -178.00000000000    1.0000000325280
    -177.00000000000    1.0000000325280
    -176.00000000000    1.0000000325280
    -175.00000000000    1.0000000325280
    -174.00000000000    1.0000000325280
    -173.00000000000    1.0000000325280
    -172.00000000000    1.0000000325280
    -171.00000000000    1.0000000325280
    -170.00000000000    1.0000000325280
    -169.00000000000    1.0000000325280
    -168.00000000000    1.0000000325280
    -167.00000000000    1.0000000325280
    -166.00000000000    1.0000000325280
    -165.00000000000    1.0000000325279
    -164.00000000000    1.0000000325277
    -163.00000000000    1.0000000325269
    -162.00000000000    1.0000000325237
    -161.00000000000    1.0000000325125
    -160.00000000000    1.0000000324740
    -159.00000000000    1.0000000323479
    -158.00000000000    1.0000000319524
    -157.00000000000    1.0000000307659
    -156.00000000000    1.0000000273590
    -155.00000000000    1.0000000179971
    -154.00000000000   0.99999999337327
    -153.00000000000   0.99999993137781
    -152.00000000000   0.99999978195275
    -151.00000000000   0.99999943713070
    -150.00000000000   0.99999867517361
    -149.00000000000   0.99999706269783
    -148.00000000000   0.99999379414677
    -147.00000000000   0.99998744669564
    -146.00000000000   0.99997563477584
    -145.00000000000   0.99995456653025
    -144.00000000000   0.99991853768694
    -143.00000000000   0.99985944486959
    -142.00000000000   0.99976645081254
    -141.00000000000   0.99962597030894
    -140.00000000000   0.99942214484451
    -139.00000000000   0.99913791596579
    -138.00000000000   0.99875668754301
    -137.00000000000   0.99826440445975
    -136.00000000000   0.99765171423543
    -135.00000000000   0.99691577661506
    -134.00000000000   0.99606129387983
    -133.00000000000   0.99510046921475
    -132.00000000000   0.99405183414900
    -131.00000000000   0.99293815114375
    -130.00000000000   0.99178381040088
    -129.00000000000   0.99061223449227
    -128.00000000000   0.98944375704076
    -127.00000000000   0.98829427899869
    -126.00000000000   0.98717479037459
    -125.00000000000   0.98609164721727
    -124.00000000000   0.98504736551357
    -123.00000000000   0.98404165440921
    -122.00000000000   0.98307244774317
    -121.00000000000   0.98213677302375
    -120.00000000000   0.98123138557820
    -119.00000000000   0.98035316710235
    -118.00000000000   0.97949933094585
    -117.00000000000   0.97866749229387
    -116.00000000000   0.97785565804004
    -115.00000000000   0.97706217821452
    -114.00000000000   0.97628568595159
    -113.00000000000   0.97552504051879
    -112.00000000000   0.97477927939130
    -111.00000000000   0.97404758046270
    -110.00000000000   0.97332923322298
    -109.00000000000   0.97262361704155
    -108.00000000000   0.97193018476510
    -107.00000000000   0.97124845018595
    -106.00000000000   0.97057797831236
   -105.000000000000   0.96991837768271
   -104.000000000000   0.96926929419441
   -103.000000000000   0.96863040607655
   -102.000000000000   0.96800141974306
   -101.000000000000   0.96738206633515
   -100.000000000000   0.96677209881183
    -99.000000000000   0.96617128948175
    -98.000000000000   0.96557942789438
    -97.000000000000   0.96499631902667
    -96.000000000000   0.96442178171460
    -95.000000000000   0.96385564728953
    -94.000000000000   0.96329775838668
    -93.000000000000   0.96274796789940
    -92.000000000000   0.96220613805752
    -91.000000000000   0.96167213961206
    -90.000000000000   0.96114585111114
    -89.000000000000   0.96062715825501
    -88.000000000000   0.96011595331950
    -87.000000000000   0.95961213463923
    -86.000000000000   0.95911560614297
    -85.000000000000   0.95862627693486
    -84.000000000000   0.95814406091594
    -83.000000000000   0.95766887644136
    -82.000000000000   0.95720064600914
    -81.000000000000   0.95673929597696
    -80.000000000000   0.95628475630399
    -79.000000000000   0.95583696031499
    -78.000000000000   0.95539584448448
    -77.000000000000   0.95496134823872
    -76.000000000000   0.95453341377400
    -75.000000000000   0.95411198588928
    -74.000000000000   0.95369701183214
    -73.000000000000   0.95328844115654
    -72.000000000000   0.95288622559134
    -71.000000000000   0.95249031891871
    -70.000000000000   0.95210067686135
    -69.000000000000   0.95171725697795
    -68.000000000000   0.95134001856593
    -67.000000000000   0.95096892257115
    -66.000000000000   0.95060393150365
    -65.000000000000   0.95024500935923
    -64.000000000000   0.94989212154621
    -63.000000000000   0.94954523481704
    -62.000000000000   0.94920431720430
    -61.000000000000   0.94886933796084
    -60.000000000000   0.94854026750370
    -59.000000000000   0.94821707736150
    -58.000000000000   0.94789974012512
    -57.000000000000   0.94758822940127
    -56.000000000000   0.94728251976900
    -55.000000000000   0.94698258673866
    -54.000000000000   0.94668840671336
    -53.000000000000   0.94639995695259
    -52.000000000000   0.94611721553800
    -51.000000000000   0.94584016134108
    -50.000000000000   0.94556877399267
    -49.000000000000   0.94530303385417
    -48.000000000000   0.94504292199035
    -47.000000000000   0.94478842014364
    -46.000000000000   0.94453951070980
    -45.000000000000   0.94429617671494
    -44.000000000000   0.94405840179372
    -43.000000000000   0.94382617016875
    -42.000000000000   0.94359946663106
    -41.000000000000   0.94337827652160
    -40.000000000000   0.94316258571366
    -39.000000000000   0.94295238059631
    -38.000000000000   0.94274764805857
    -37.000000000000   0.94254837547449
    -36.000000000000   0.94235455068895
    -35.000000000000   0.94216616200420
    -34.000000000000   0.94198319816712
    -33.000000000000   0.94180564835707
    -32.000000000000   0.94163350217442
    -31.000000000000   0.94146674962963
    -30.000000000000   0.94130538113294
    -29.000000000000   0.94114938748455
    -28.000000000000   0.94099875986532
    -27.000000000000   0.94085348982797
    -26.000000000000   0.94071356928875
    -25.000000000000   0.94057899051949
    -24.000000000000   0.94044974614019
    -23.000000000000   0.94032582911193
    -22.000000000000   0.94020723273016
    -21.000000000000   0.94009395061846
    -20.000000000000   0.93998597672253
    -19.000000000000   0.93988330530467
    -18.000000000000   0.93978593093846
    -17.000000000000   0.93969384850386
    -16.000000000000   0.93960705318257
    -15.000000000000   0.93952554045372
    -14.000000000000   0.93944930608983
    -13.000000000000   0.93937834615308
    -12.000000000000   0.93931265699182
    -11.000000000000   0.93925223523739
   -10.0000000000000   0.93919707780121
    -9.0000000000000   0.93914718187202
    -8.0000000000000   0.93910254491354
    -7.0000000000000   0.93906316466222
    -6.0000000000000   0.93902903912536
    -5.0000000000000   0.93900016657932
    -4.0000000000000   0.93897654556816
    -3.0000000000000   0.93895817490230
    -2.0000000000000   0.93894505365757
    -1.0000000000000   0.93893718117440
   0.   0.93893455705727
     1.0000000000000   0.93893718117440
     2.0000000000000   0.93894505365757
     3.0000000000000   0.93895817490230
     4.0000000000000   0.93897654556816
     5.0000000000000   0.93900016657932
     6.0000000000000   0.93902903912536
     7.0000000000000   0.93906316466222
     8.0000000000000   0.93910254491354
     9.0000000000000   0.93914718187202
    10.0000000000000   0.93919707780121
     11.000000000000   0.93925223523739
     12.000000000000   0.93931265699181
     13.000000000000   0.93937834615308
     14.000000000000   0.93944930608983
     15.000000000000   0.93952554045372
     16.000000000000   0.93960705318257
     17.000000000000   0.93969384850386
     18.000000000000   0.93978593093846
     19.000000000000   0.93988330530467
     20.000000000000   0.93998597672253
     21.000000000000   0.94009395061846
     22.000000000000   0.94020723273016
     23.000000000000   0.94032582911193
     24.000000000000   0.94044974614019
     25.000000000000   0.94057899051949
     26.000000000000   0.94071356928875
     27.000000000000   0.94085348982797
     28.000000000000   0.94099875986532
     29.000000000000   0.94114938748455
     30.000000000000   0.94130538113294
     31.000000000000   0.94146674962963
     32.000000000000   0.94163350217442
     33.000000000000   0.94180564835707
     34.000000000000   0.94198319816712
     35.000000000000   0.94216616200420
     36.000000000000   0.94235455068895
     37.000000000000   0.94254837547449
     38.000000000000   0.94274764805857
     39.000000000000   0.94295238059631
     40.000000000000   0.94316258571366
     41.000000000000   0.94337827652160
     42.000000000000   0.94359946663106
     43.000000000000   0.94382617016875
     44.000000000000   0.94405840179372
     45.000000000000   0.94429617671494
     46.000000000000   0.94453951070980
     47.000000000000   0.94478842014364
     48.000000000000   0.94504292199035
     49.000000000000   0.94530303385417
     50.000000000000   0.94556877399267
     51.000000000000   0.94584016134108
     52.000000000000   0.94611721553800
     53.000000000000   0.94639995695259
     54.000000000000   0.94668840671336
     55.000000000000   0.94698258673866
     56.000000000000   0.94728251976900
     57.000000000000   0.94758822940127
     58.000000000000   0.94789974012512
     59.000000000000   0.94821707736150
     60.000000000000   0.94854026750370
     61.000000000000   0.94886933796084
     62.000000000000   0.94920431720430
     63.000000000000   0.94954523481704
     64.000000000000   0.94989212154621
     65.000000000000   0.95024500935923
     66.000000000000   0.95060393150365
     67.000000000000   0.95096892257115
     68.000000000000   0.95134001856593
     69.000000000000   0.95171725697795
     70.000000000000   0.95210067686135
     71.000000000000   0.95249031891871
     72.000000000000   0.95288622559134
     73.000000000000   0.95328844115654
     74.000000000000   0.95369701183214
     75.000000000000   0.95411198588928
     76.000000000000   0.95453341377400
     77.000000000000   0.95496134823872
     78.000000000000   0.95539584448448
     79.000000000000   0.95583696031499
     80.000000000000   0.95628475630399
     81.000000000000   0.95673929597696
     82.000000000000   0.95720064600914
     83.000000000000   0.95766887644136
     84.000000000000   0.95814406091594
     85.000000000000   0.95862627693486
     86.000000000000   0.95911560614297
     87.000000000000   0.95961213463923
     88.000000000000   0.96011595331950
     89.000000000000   0.96062715825501
     90.000000000000   0.96114585111114
     91.000000000000   0.96167213961206
     92.000000000000   0.96220613805752
     93.000000000000   0.96274796789940
     94.000000000000   0.96329775838668
     95.000000000000   0.96385564728953
     96.000000000000   0.96442178171460
     97.000000000000   0.96499631902667
     98.000000000000   0.96557942789438
     99.000000000000   0.96617128948175
    100.000000000000   0.96677209881183
    101.000000000000   0.96738206633515
    102.000000000000   0.96800141974306
    103.000000000000   0.96863040607655
    104.000000000000   0.96926929419441
    105.000000000000   0.96991837768271
     106.00000000000   0.97057797831236
     107.00000000000   0.97124845018595
     108.00000000000   0.97193018476510
     109.00000000000   0.97262361704155
     110.00000000000   0.97332923322298
     111.00000000000   0.97404758046270
     112.00000000000   0.97477927939130
     113.00000000000   0.97552504051879
     114.00000000000   0.97628568595159
     115.00000000000   0.97706217821452
     116.00000000000   0.97785565804004
     117.00000000000   0.97866749229387
     118.00000000000   0.97949933094585
     119.00000000000   0.98035316710235
     120.00000000000   0.98123138557820
     121.00000000000   0.98213677302375
     122.00000000000   0.98307244774317
     123.00000000000   0.98404165440921
     124.00000000000   0.98504736551357
     125.00000000000   0.98609164721727
     126.00000000000   0.98717479037459
     127.00000000000   0.98829427899869
     128.00000000000   0.98944375704076
     129.00000000000   0.99061223449227
     130.00000000000   0.99178381040087
     131.00000000000   0.99293815114375
     132.00000000000   0.99405183414900
     133.00000000000   0.99510046921475
     134.00000000000   0.99606129387983
     135.00000000000   0.99691577661506
     136.00000000000   0.99765171423543
     137.00000000000   0.99826440445975
     138.00000000000   0.99875668754301
     139.00000000000   0.99913791596579
     140.00000000000   0.99942214484451
     141.00000000000   0.99962597030894
     142.00000000000   0.99976645081254
     143.00000000000   0.99985944486959
     144.00000000000   0.99991853768694
     145.00000000000   0.99995456653025
     146.00000000000   0.99997563477584
     147.00000000000   0.99998744669564
     148.00000000000   0.99999379414677
     149.00000000000   0.99999706269783
     150.00000000000   0.99999867517361
     151.00000000000   0.99999943713070
     152.00000000000   0.99999978195275
     153.00000000000   0.99999993137781
     154.00000000000   0.99999999337327
     155.00000000000    1.0000000179971
     156.00000000000    1.0000000273590
     157.00000000000    1.0000000307659
     158.00000000000    1.0000000319524
     159.00000000000    1.0000000323479
     160.00000000000    1.0000000324740
     161.00000000000    1.0000000325125
     162.00000000000    1.0000000325237
     163.00000000000    1.0000000325269
     164.00000000000    1.0000000325277
     165.00000000000    1.0000000325279
     166.00000000000    1.0000000325280
     167.00000000000    1.0000000325280
     168.00000000000    1.0000000325280
     169.00000000000    1.0000000325280
     170.00000000000    1.0000000325280
     171.00000000000    1.0000000325280
     172.00000000000    1.0000000325280
     173.00000000000    1.0000000325280
     174.00000000000    1.0000000325280
     175.00000000000    1.0000000325280
     176.00000000000    1.0000000325280
     177.00000000000    1.0000000325280
     178.00000000000    1.0000000325280
     179.00000000000    1.0000000325280
     180.00000000000    1.0000000325280
     181.00000000000    1.0000000325280
     182.00000000000    1.0000000325280
     183.00000000000    1.0000000325280
     184.00000000000    1.0000000325280
     185.00000000000    1.0000000325280
     186.00000000000    1.0000000325280
     187.00000000000    1.0000000325280
     188.00000000000    1.0000000325280
     189.00000000000    1.0000000325280
     190.00000000000    1.0000000325280
     191.00000000000    1.0000000325280
     192.00000000000    1.0000000325280
     193.00000000000    1.0000000325280
     194.00000000000    1.0000000325280
     195.00000000000    1.0000000325280
     196.00000000000    1.0000000325280
     197.00000000000    1.0000000325280
     198.00000000000    1.0000000325280
     199.00000000000    1.0000000325280
     200.00000000000    1.0000000325280
     201.00000000000    1.0000000325280
     202.00000000000    1.0000000325280
     203.00000000000    1.0000000325280
     204.00000000000    1.0000000325280
     205.00000000000    1.0000000325280
     206.00000000000    1.0000000325280
     207.00000000000    1.0000000325280
     208.00000000000    1.0000000325280
     209.00000000000    1.0000000325280
     210.00000000000    1.0000000325280
     211.00000000000    1.0000000325280
     212.00000000000    1.0000000325280
     213.00000000000    1.0000000325280
     214.00000000000    1.0000000325280
     215.00000000000    1.0000000325280
     216.00000000000    1.0000000325280
     217.00000000000    1.0000000325280
     218.00000000000    1.0000000325280
     219.00000000000    1.0000000325280
     220.00000000000    1.0000000325280
     221.00000000000    1.0000000325280
     222.00000000000    1.0000000325280
     223.00000000000    1.0000000325280
     224.00000000000    1.0000000325280
     225.00000000000    1.0000000325280
     226.00000000000    1.0000000325280
     227.00000000000    1.0000000325280
     228.00000000000    1.0000000325280
     229.00000000000    1.0000000325280
     230.00000000000    1.0000000325280
     231.00000000000    1.0000000325280
     232.00000000000    1.0000000325280
     233.00000000000    1.0000000325280
     234.00000000000    1.0000000325280
     235.00000000000    1.0000000325280
     236.00000000000    1.0000000325280
     237.00000000000    1.0000000325280
     238.00000000000    1.0000000325280
     239.00000000000    1.0000000325280
     240.00000000000    1.0000000325280
     241.00000000000    1.0000000325280
     242.00000000000    1.0000000325280
     243.00000000000    1.0000000325280
     244.00000000000    1.0000000325280
     245.00000000000    1.0000000325280
     246.00000000000    1.0000000325280
     247.00000000000    1.0000000325280
     248.00000000000    1.0000000325280
     249.00000000000    1.0000000325280
     250.00000000000    1.0000000325280
     251.00000000000    1.0000000325280
     252.00000000000    1.0000000325280
     253.00000000000    1.0000000325280
     254.00000000000    1.0000000325280
     255.00000000000    1.0000000325280
     256.00000000000    1.0000000325280
     257.00000000000    1.0000000325280
     258.00000000000    1.0000000325280
     259.00000000000    1.0000000325280
     260.00000000000    1.0000000325280
     261.00000000000    1.0000000325280
     262.00000000000    1.0000000325280
     263.00000000000    1.0000000325280
     264.00000000000    1.0000000325280
     265.00000000000    1.0000000325280
     266.00000000000    1.0000000325280
     267.00000000000    1.0000000325280
     268.00000000000    1.0000000325280
     269.00000000000    1.0000000325280
     270.00000000000    1.0000000325280
     271.00000000000    1.0000000325280
     272.00000000000    1.0000000325280
     273.00000000000    1.0000000325280
     274.00000000000    1.0000000325280
     275.00000000000    1.0000000325280
     276.00000000000    1.0000000325280
     277.00000000000    1.0000000325280
     278.00000000000    1.0000000325280
     279.00000000000    1.0000000325280
     280.00000000000    1.0000000325280
     281.00000000000    1.0000000325280
     282.00000000000    1.0000000325280
     283.00000000000    1.0000000325280
     284.00000000000    1.0000000325280
     285.00000000000    1.0000000325280
     286.00000000000    1.0000000325280
     287.00000000000    1.0000000325280
     288.00000000000    1.0000000325280
     289.00000000000    1.0000000325280
     290.00000000000    1.0000000325280
     291.00000000000    1.0000000325280
     292.00000000000    1.0000000325280
     293.00000000000    1.0000000325280
     294.00000000000    1.0000000325280
     295.00000000000    1.0000000325280
     296.00000000000    1.0000000325280
     297.00000000000    1.0000000325280
     298.00000000000    1.0000000325280
     299.00000000000    1.0000000325280
     300.00000000000    1.0000000325280
     301.00000000000    1.0000000325280
     302.00000000000    1.0000000325280
     303.00000000000    1.0000000325280
     304.00000000000    1.0000000325280
     305.00000000000    1.0000000325280
     306.00000000000    1.0000000325280
     307.00000000000    1.0000000325280
     308.00000000000    1.0000000325280
     309.00000000000    1.0000000325280
     310.00000000000    1.0000000325280
     311.00000000000    1.0000000325280
     312.00000000000    1.0000000325280
     313.00000000000    1.0000000325280
     314.00000000000    1.0000000325280
     315.00000000000    1.0000000325280
     316.00000000000    1.0000000325280
     317.00000000000    1.0000000325280
     318.00000000000    1.0000000325280
     319.00000000000    1.0000000325280
     320.00000000000    1.0000000325280
     321.00000000000    1.0000000325280
     322.00000000000    1.0000000325280
     323.00000000000    1.0000000325280
     324.00000000000    1.0000000325280
     325.00000000000    1.0000000325280
     326.00000000000    1.0000000325280
     327.00000000000    1.0000000325280
     328.00000000000    1.0000000325280
     329.00000000000    1.0000000325280
     330.00000000000    1.0000000325280
     331.00000000000    1.0000000325280
     332.00000000000    1.0000000325280
     333.00000000000    1.0000000325280
     334.00000000000    1.0000000325280
     335.00000000000    1.0000000325280
     336.00000000000    1.0000000325280
     337.00000000000    1.0000000325280
     338.00000000000    1.0000000325280
     339.00000000000    1.0000000325280
     340.00000000000    1.0000000325280
     341.00000000000    1.0000000325280
     342.00000000000    1.0000000325280
     343.00000000000    1.0000000325280
     344.00000000000    1.0000000325280
     345.00000000000    1.0000000325280
     346.00000000000    1.0000000325280
     347.00000000000    1.0000000325280
     348.00000000000    1.0000000325280
     349.00000000000    1.0000000325280
     350.00000000000    1.0000000325280
     351.00000000000    1.0000000325280
     352.00000000000    1.0000000325280
     353.00000000000    1.0000000325280
     354.00000000000    1.0000000325280
     355.00000000000    1.0000000325280
     356.00000000000    1.0000000325280
     357.00000000000    1.0000000325280
     358.00000000000    1.0000000325280
     359.00000000000    1.0000000325280
     360.00000000000    1.0000000325280
     361.00000000000    1.0000000325280
     362.00000000000    1.0000000325280
     363.00000000000    1.0000000325280
     364.00000000000    1.0000000325280
     365.00000000000    1.0000000325280
     366.00000000000    1.0000000325280
     367.00000000000    1.0000000325280
     368.00000000000    1.0000000325280
     369.00000000000    1.0000000325280
     370.00000000000    1.0000000325280
     371.00000000000    1.0000000325280
     372.00000000000    1.0000000325280
     373.00000000000    1.0000000325280
     374.00000000000    1.0000000325280
     375.00000000000    1.0000000325280
     376.00000000000    1.0000000325280
     377.00000000000    1.0000000325280
     378.00000000000    1.0000000325280
     379.00000000000    1.0000000325280
     380.00000000000    1.0000000325280
     381.00000000000    1.0000000325280
     382.00000000000    1.0000000325280
     383.00000000000    1.0000000325280
     384.00000000000    1.0000000325280
     385.00000000000    1.0000000325280
     386.00000000000    1.0000000325280
     387.00000000000    1.0000000325280
     388.00000000000    1.0000000325280
     389.00000000000    1.0000000325280
     390.00000000000    1.0000000325280
     391.00000000000    1.0000000325280
     392.00000000000    1.0000000325280
     393.00000000000    1.0000000325280
     394.00000000000    1.0000000325280
     395.00000000000    1.0000000325280
     396.00000000000    1.0000000325280
     397.00000000000    1.0000000325280
     398.00000000000    1.0000000325280
     399.00000000000    1.0000000325280
     400.00000000000    1.0000000325280
     401.00000000000    1.0000000325280
     402.00000000000    1.0000000325280
     403.00000000000    1.0000000325280
     404.00000000000    1.0000000325280
     405.00000000000    1.0000000325280
     406.00000000000    1.0000000325280
     407.00000000000    1.0000000325280
     408.00000000000    1.0000000325280
     409.00000000000    1.0000000325280
     410.00000000000    1.0000000325280
     411.00000000000    1.0000000325280
     412.00000000000    1.0000000325280
     413.00000000000    1.0000000325280
     414.00000000000    1.0000000325280
     415.00000000000    1.0000000325280
     416.00000000000    1.0000000325280
     417.00000000000    1.0000000325280
     418.00000000000    1.0000000325280
     419.00000000000    1.0000000325280
     420.00000000000    1.0000000325280
     421.00000000000    1.0000000325280
     422.00000000000    1.0000000325280
     423.00000000000    1.0000000325280
     424.00000000000    1.0000000325280
     425.00000000000    1.0000000325280
     426.00000000000    1.0000000325280
     427.00000000000    1.0000000325280
     428.00000000000    1.0000000325280
     429.00000000000    1.0000000325280
     430.00000000000    1.0000000325280
     431.00000000000    1.0000000325280
     432.00000000000    1.0000000325280
     433.00000000000    1.0000000325280
     434.00000000000    1.0000000325280
     435.00000000000    1.0000000325280
     436.00000000000    1.0000000325280
     437.00000000000    1.0000000325280
     438.00000000000    1.0000000325280
     439.00000000000    1.0000000325280
     440.00000000000    1.0000000325280
     441.00000000000    1.0000000325280
     442.00000000000    1.0000000325280
     443.00000000000    1.0000000325280
     444.00000000000    1.0000000325280
     445.00000000000    1.0000000325280
     446.00000000000    1.0000000325280
     447.00000000000    1.0000000325280
     448.00000000000    1.0000000325280
     449.00000000000    1.0000000325280
     450.00000000000    1.0000000325280
     451.00000000000    1.0000000325280
     452.00000000000    1.0000000325280
     453.00000000000    1.0000000325280
     454.00000000000    1.0000000325280
     455.00000000000    1.0000000325280
     456.00000000000    1.0000000325280
     457.00000000000    1.0000000325280
     458.00000000000    1.0000000325280
     459.00000000000    1.0000000325280
     460.00000000000    1.0000000325280
     461.00000000000    1.0000000325280
     462.00000000000    1.0000000325280
     463.00000000000    1.0000000325280
     464.00000000000    1.0000000325280
     465.00000000000    1.0000000325280
     466.00000000000    1.0000000325280
     467.00000000000    1.0000000325280
     468.00000000000    1.0000000325280
     469.00000000000    1.0000000325280
     470.00000000000    1.0000000325280
     471.00000000000    1.0000000325280
     472.00000000000    1.0000000325280
     473.00000000000    1.0000000325280
     474.00000000000    1.0000000325280
     475.00000000000    1.0000000325280
     476.00000000000    1.0000000325280
     477.00000000000    1.0000000325280
     478.00000000000    1.0000000325280
     479.00000000000    1.0000000325280
     480.00000000000    1.0000000325280
     481.00000000000    1.0000000325280
     482.00000000000    1.0000000325280
     483.00000000000    1.0000000325280
     484.00000000000    1.0000000325280
     485.00000000000    1.0000000325280
     486.00000000000    1.0000000325280
     487.00000000000    1.0000000325280
     488.00000000000    1.0000000325280
     489.00000000000    1.0000000325280
     490.00000000000    1.0000000325280
     491.00000000000    1.0000000325280
     492.00000000000    1.0000000325280
     493.00000000000    1.0000000325280
     494.00000000000    1.0000000325280
     495.00000000000    1.0000000325280
     496.00000000000    1.0000000325280
     497.00000000000    1.0000000325280
     498.00000000000    1.0000000325280
     499.00000000000    1.0000000325280
     500.00000000000    1.0000000325280
