    -500.00000000000    1.0000000325280
    -499.00000000000    1.0000000325280
    -498.00000000000    1.0000000325280
    -497.00000000000    1.0000000325280
    -496.00000000000    1.0000000325280
    -495.00000000000    1.0000000325280
    -494.00000000000    1.0000000325280
    -493.00000000000    1.0000000325280
    -492.00000000000    1.0000000325280
    -491.00000000000    1.0000000325280
    -490.00000000000    1.0000000325280
    -489.00000000000    1.0000000325280
    -488.00000000000    1.0000000325280
    -487.00000000000    1.0000000325280
    -486.00000000000    1.0000000325280
    -485.00000000000    1.0000000325280
    -484.00000000000    1.0000000325280
    -483.00000000000    1.0000000325280
    -482.00000000000    1.0000000325280
    -481.00000000000    1.0000000325280
    -480.00000000000    1.0000000325280
    -479.00000000000    1.0000000325280
    -478.00000000000    1.0000000325280
    -477.00000000000    1.0000000325280
    -476.00000000000    1.0000000325280
    -475.00000000000    1.0000000325280
    -474.00000000000    1.0000000325280
    -473.00000000000    1.0000000325280
    -472.00000000000    1.0000000325280
    -471.00000000000    1.0000000325280
    -470.00000000000    1.0000000325280
    -469.00000000000    1.0000000325280
    -468.00000000000    1.0000000325280
    -467.00000000000    1.0000000325280
    -466.00000000000    1.0000000325280
    -465.00000000000    1.0000000325280
    -464.00000000000    1.0000000325280
    -463.00000000000    1.0000000325280
    -462.00000000000    1.0000000325280
    -461.00000000000    1.0000000325280
    -460.00000000000    1.0000000325280
    -459.00000000000    1.0000000325280
    -458.00000000000    1.0000000325280
    -457.00000000000    1.0000000325280
    -456.00000000000    1.0000000325280
    -455.00000000000    1.0000000325280
    -454.00000000000    1.0000000325280
    -453.00000000000    1.0000000325280
    -452.00000000000    1.0000000325280
    -451.00000000000    1.0000000325280
    -450.00000000000    1.0000000325280
    -449.00000000000    1.0000000325280
    -448.00000000000    1.0000000325280
    -447.00000000000    1.0000000325280
    -446.00000000000    1.0000000325280
    -445.00000000000    1.0000000325280
    -444.00000000000    1.0000000325280
    -443.00000000000    1.0000000325280
    -442.00000000000    1.0000000325280
    -441.00000000000    1.0000000325280
    -440.00000000000    1.0000000325280
    -439.00000000000    1.0000000325280
    -438.00000000000    1.0000000325280
    -437.00000000000    1.0000000325280
    -436.00000000000    1.0000000325280
    -435.00000000000    1.0000000325280
    -434.00000000000    1.0000000325280
    -433.00000000000    1.0000000325280
    -432.00000000000    1.0000000325280
    -431.00000000000    1.0000000325280
    -430.00000000000    1.0000000325280
    -429.00000000000    1.0000000325280
    -428.00000000000    1.0000000325280
    -427.00000000000    1.0000000325280
    -426.00000000000    1.0000000325280
    -425.00000000000    1.0000000325280
    -424.00000000000    1.0000000325280
    -423.00000000000    1.0000000325280
    -422.00000000000    1.0000000325280
    -421.00000000000    1.0000000325280
    -420.00000000000    1.0000000325280
    -419.00000000000    1.0000000325280
    -418.00000000000    1.0000000325280
    -417.00000000000    1.0000000325280
    -416.00000000000    1.0000000325280
    -415.00000000000    1.0000000325280
    -414.00000000000    1.0000000325280
    -413.00000000000    1.0000000325280
    -412.00000000000    1.0000000325280
    -411.00000000000    1.0000000325280
    -410.00000000000    1.0000000325280
    -409.00000000000    1.0000000325280
    -408.00000000000    1.0000000325280
    -407.00000000000    1.0000000325280
    -406.00000000000    1.0000000325280
    -405.00000000000    1.0000000325280
    -404.00000000000    1.0000000325280
    -403.00000000000    1.0000000325280
    -402.00000000000    1.0000000325280
    -401.00000000000    1.0000000325280
    -400.00000000000    1.0000000325280
    -399.00000000000    1.0000000325280
    -398.00000000000    1.0000000325280
    -397.00000000000    1.0000000325280
    -396.00000000000    1.0000000325280
    -395.00000000000    1.0000000325280
    -394.00000000000    1.0000000325280
    -393.00000000000    1.0000000325280
    -392.00000000000    1.0000000325280
    -391.00000000000    1.0000000325280
    -390.00000000000    1.0000000325280
    -389.00000000000    1.0000000325280
    -388.00000000000    1.0000000325280
    -387.00000000000    1.0000000325280
    -386.00000000000    1.0000000325280
    -385.00000000000    1.0000000325280
    -384.00000000000    1.0000000325280
    -383.00000000000    1.0000000325280
    -382.00000000000    1.0000000325280
    -381.00000000000    1.0000000325280
    -380.00000000000    1.0000000325280
    -379.00000000000    1.0000000325280
    -378.00000000000    1.0000000325280
    -377.00000000000    1.0000000325280
    -376.00000000000    1.0000000325280
    -375.00000000000    1.0000000325280
    -374.00000000000    1.0000000325280
    -373.00000000000    1.0000000325280
    -372.00000000000    1.0000000325280
    -371.00000000000    1.0000000325280
    -370.00000000000    1.0000000325280
    -369.00000000000    1.0000000325280
    -368.00000000000    1.0000000325280
    -367.00000000000    1.0000000325280
    -366.00000000000    1.0000000325280
    -365.00000000000    1.0000000325280
    -364.00000000000    1.0000000325280
    -363.00000000000    1.0000000325280
    -362.00000000000    1.0000000325280
    -361.00000000000    1.0000000325280
    -360.00000000000    1.0000000325280
    -359.00000000000    1.0000000325280
    -358.00000000000    1.0000000325280
    -357.00000000000    1.0000000325280
    -356.00000000000    1.0000000325280
    -355.00000000000    1.0000000325280
    -354.00000000000    1.0000000325280
    -353.00000000000    1.0000000325280
    -352.00000000000    1.0000000325280
    -351.00000000000    1.0000000325280
    -350.00000000000    1.0000000325280
    -349.00000000000    1.0000000325280
    -348.00000000000    1.0000000325280
    -347.00000000000    1.0000000325280
    -346.00000000000    1.0000000325280
    -345.00000000000    1.0000000325280
    -344.00000000000    1.0000000325280
    -343.00000000000    1.0000000325280
    -342.00000000000    1.0000000325280
    -341.00000000000    1.0000000325280
    -340.00000000000    1.0000000325280
    -339.00000000000    1.0000000325280
    -338.00000000000    1.0000000325280
    -337.00000000000    1.0000000325280
    -336.00000000000    1.0000000325280
    -335.00000000000    1.0000000325280
    -334.00000000000    1.0000000325280
    -333.00000000000    1.0000000325280
    -332.00000000000    1.0000000325280
    -331.00000000000    1.0000000325280
    -330.00000000000    1.0000000325280
    -329.00000000000    1.0000000325280
    -328.00000000000    1.0000000325280
    -327.00000000000    1.0000000325280
    -326.00000000000    1.0000000325280
    -325.00000000000    1.0000000325280
    -324.00000000000    1.0000000325280
    -323.00000000000    1.0000000325280
    -322.00000000000    1.0000000325280
    -321.00000000000    1.0000000325280
    -320.00000000000    1.0000000325280
    -319.00000000000    1.0000000325280
    -318.00000000000    1.0000000325280
    -317.00000000000    1.0000000325280
    -316.00000000000    1.0000000325280
    -315.00000000000    1.0000000325280
    -314.00000000000    1.0000000325280
    -313.00000000000    1.0000000325280
    -312.00000000000    1.0000000325280
    -311.00000000000    1.0000000325280
    -310.00000000000    1.0000000325280
    -309.00000000000    1.0000000325280
    -308.00000000000    1.0000000325280
    -307.00000000000    1.0000000325280
    -306.00000000000    1.0000000325280
    -305.00000000000    1.0000000325280
    -304.00000000000    1.0000000325280
    -303.00000000000    1.0000000325280
    -302.00000000000    1.0000000325280
    -301.00000000000    1.0000000325280
    -300.00000000000    1.0000000325280
    -299.00000000000    1.0000000325280
    -298.00000000000    1.0000000325280
    -297.00000000000    1.0000000325280
    -296.00000000000    1.0000000325280
    -295.00000000000    1.0000000325280
    -294.00000000000    1.0000000325280
    -293.00000000000    1.0000000325280
    -292.00000000000    1.0000000325280
    -291.00000000000    1.0000000325280
    -290.00000000000    1.0000000325280
    -289.00000000000    1.0000000325280
    -288.00000000000    1.0000000325280
    -287.00000000000    1.0000000325280
    -286.00000000000    1.0000000325280
    -285.00000000000    1.0000000325280
    -284.00000000000    1.0000000325280
    -283.00000000000    1.0000000325280
    -282.00000000000    1.0000000325280
    -281.00000000000    1.0000000325280
    -280.00000000000    1.0000000325280
    -279.00000000000    1.0000000325280
    -278.00000000000    1.0000000325280
    -277.00000000000    1.0000000325280
    -276.00000000000    1.0000000325280
    -275.00000000000    1.0000000325280
    -274.00000000000    1.0000000325280
    -273.00000000000    1.0000000325280
    -272.00000000000    1.0000000325280
    -271.00000000000    1.0000000325280
    -270.00000000000    1.0000000325280
    -269.00000000000    1.0000000325280
    -268.00000000000    1.0000000325280
    -267.00000000000    1.0000000325280
    -266.00000000000    1.0000000325280
    -265.00000000000    1.0000000325280
    -264.00000000000    1.0000000325280
    -263.00000000000    1.0000000325280
    -262.00000000000    1.0000000325280
    -261.00000000000    1.0000000325280
    -260.00000000000    1.0000000325280
    -259.00000000000    1.0000000325280
    -258.00000000000    1.0000000325280
    -257.00000000000    1.0000000325280
    -256.00000000000    1.0000000325280
    -255.00000000000    1.0000000325280
    -254.00000000000    1.0000000325280
    -253.00000000000    1.0000000325280
    -252.00000000000    1.0000000325280
    -251.00000000000    1.0000000325280
    -250.00000000000    1.0000000325280
    -249.00000000000    1.0000000325280
    -248.00000000000    1.0000000325280
    -247.00000000000    1.0000000325280
    -246.00000000000    1.0000000325280
    -245.00000000000    1.0000000325280
    -244.00000000000    1.0000000325280
    -243.00000000000    1.0000000325280
    -242.00000000000    1.0000000325280
    -241.00000000000    1.0000000325280
    -240.00000000000    1.0000000325280
    -239.00000000000    1.0000000325280
    -238.00000000000    1.0000000325280
    -237.00000000000    1.0000000325280
    -236.00000000000    1.0000000325280
    -235.00000000000    1.0000000325280
    -234.00000000000    1.0000000325280
    -233.00000000000    1.0000000325280
    -232.00000000000    1.0000000325280
    -231.00000000000    1.0000000325280
    -230.00000000000    1.0000000325280
    -229.00000000000    1.0000000325280
    -228.00000000000    1.0000000325280
    -227.00000000000    1.0000000325280
    -226.00000000000    1.0000000325280
    -225.00000000000    1.0000000325280
    -224.00000000000    1.0000000325280
    -223.00000000000    1.0000000325280
    -222.00000000000    1.0000000325280
    -221.00000000000    1.0000000325280
    -220.00000000000    1.0000000325280
    -219.00000000000    1.0000000325280
    -218.00000000000    1.0000000325280
    -217.00000000000    1.0000000325280
    -216.00000000000    1.0000000325280
    -215.00000000000    1.0000000325280
    -214.00000000000    1.0000000325280
    -213.00000000000    1.0000000325280
    -212.00000000000    1.0000000325280
    -211.00000000000    1.0000000325280
    -210.00000000000    1.0000000325280
    -209.00000000000    1.0000000325280
    -208.00000000000    1.0000000325280
    -207.00000000000    1.0000000325280
    -206.00000000000    1.0000000325280
    -205.00000000000    1.0000000325280
    -204.00000000000    1.0000000325280
    -203.00000000000    1.0000000325280
    -202.00000000000    1.0000000325280
    -201.00000000000    1.0000000325280
    -200.00000000000    1.0000000325280
    -199.00000000000    1.0000000325280
    -198.00000000000    1.0000000325280
    -197.00000000000    1.0000000325280
    -196.00000000000    1.0000000325280
    -195.00000000000    1.0000000325280
    -194.00000000000    1.0000000325280
    -193.00000000000    1.0000000325280
    -192.00000000000    1.0000000325280
    -191.00000000000    1.0000000325280
    -190.00000000000    1.0000000325280
    -189.00000000000    1.0000000325280
    -188.00000000000    1.0000000325280
    -187.00000000000    1.0000000325280
    -186.00000000000    1.0000000325280
    -185.00000000000    1.0000000325280
    -184.00000000000    1.0000000325280
    -183.00000000000    1.0000000325280
    -182.00000000000    1.0000000325280
    -181.00000000000    1.0000000325280
    -180.00000000000    1.0000000325280
    -179.00000000000    1.0000000325280
    -178.00000000000    1.0000000325280
    -177.00000000000    1.0000000325280
    -176.00000000000    1.0000000325280
    -175.00000000000    1.0000000325280
    -174.00000000000    1.0000000325280
    -173.00000000000    1.0000000325280
    -172.00000000000    1.0000000325280
    -171.00000000000    1.0000000325280
    -170.00000000000    1.0000000325280
    -169.00000000000    1.0000000325280
    -168.00000000000    1.0000000325280
    -167.00000000000    1.0000000325280
    -166.00000000000    1.0000000325280
    -165.00000000000    1.0000000325280
    -164.00000000000    1.0000000325280
    -163.00000000000    1.0000000325280
    -162.00000000000    1.0000000325279
    -161.00000000000    1.0000000325277
    -160.00000000000    1.0000000325268
    -159.00000000000    1.0000000325236
    -158.00000000000    1.0000000325119
    -157.00000000000    1.0000000324720
    -156.00000000000    1.0000000323414
    -155.00000000000    1.0000000319317
    -154.00000000000    1.0000000307024
    -153.00000000000    1.0000000271726
    -152.00000000000    1.0000000174728
    -151.00000000000   0.99999999195962
    -150.00000000000   0.99999992772321
    -149.00000000000   0.99999977289253
    -148.00000000000   0.99999941558548
    -147.00000000000   0.99999862601528
    -146.00000000000   0.99999695504808
    -145.00000000000   0.99999356781283
    -144.00000000000   0.99998698963263
    -143.00000000000   0.99997474786172
    -142.00000000000   0.99995291198491
    -141.00000000000   0.99991556871493
    -140.00000000000   0.99985431705496
    -139.00000000000   0.99975792060988
    -138.00000000000   0.99961229217064
    -137.00000000000   0.99940098476824
    -136.00000000000   0.99910630346673
    -135.00000000000   0.99871102796975
    -134.00000000000   0.99820056755998
    -133.00000000000   0.99756520290659
    -132.00000000000   0.99680196392254
    -131.00000000000   0.99591570061570
    -130.00000000000   0.99491904313851
    -129.00000000000   0.99383118930442
    -128.00000000000   0.99267573257813
    -127.00000000000   0.99147796448985
    -126.00000000000   0.99026218369238
    -125.00000000000   0.98904949510546
    -124.00000000000   0.98785641422699
    -123.00000000000   0.98669436824305
    -122.00000000000   0.98556998026431
    -121.00000000000   0.98448589002815
    -120.00000000000   0.98344182351294
    -119.00000000000   0.98243566162639
    -118.00000000000   0.98146434105263
    -117.00000000000   0.98052451212049
    -116.00000000000   0.97961295266708
    -115.00000000000   0.97872678160454
    -114.00000000000   0.97786353236582
    -113.00000000000   0.97702114297601
    -112.00000000000   0.97619790613480
    -111.00000000000   0.97539240729741
    -110.00000000000   0.97460346583303
    -109.00000000000   0.97383008548943
    -108.00000000000   0.97307141531701
    -107.00000000000   0.97232671985642
    -106.00000000000   0.97159535667094
   -105.000000000000   0.97087675937500
   -104.000000000000   0.97017042466646
   -103.000000000000   0.96947590225764
   -102.000000000000   0.96879278692126
   -101.000000000000   0.96812071210363
   -100.000000000000   0.96745934472166
    -99.000000000000   0.96680838087081
    -98.000000000000   0.96616754224655
    -97.000000000000   0.96553657313298
    -96.000000000000   0.96491523784815
    -95.000000000000   0.96430331856139
    -94.000000000000   0.96370061341623
    -93.000000000000   0.96310693490707
    -92.000000000000   0.96252210846757
    -91.000000000000   0.96194597123730
    -90.000000000000   0.96137837097930
    -89.000000000000   0.96081916512608
    -88.000000000000   0.96026821993555
    -87.000000000000   0.95972540974162
    -86.000000000000   0.95919061628646
    -85.000000000000   0.95866372812371
    -84.000000000000   0.95814464008348
    -83.000000000000   0.95763325279138
    -82.000000000000   0.95712947223501
    -81.000000000000   0.95663320937219
    -80.000000000000   0.95614437977608
    -79.000000000000   0.95566290331298
    -78.000000000000   0.95518870384921
    -77.000000000000   0.95472170898380
    -76.000000000000   0.95426184980436
    -75.000000000000   0.95380906066361
    -74.000000000000   0.95336327897445
    -73.000000000000   0.95292444502181
    -72.000000000000   0.95249250178951
    -71.000000000000   0.95206739480071
    -70.000000000000   0.95164907197077
    -69.000000000000   0.95123748347112
    -68.000000000000   0.95083258160345
    -67.000000000000   0.95043432068297
    -66.000000000000   0.95004265693024
    -65.000000000000   0.94965754837054
    -64.000000000000   0.94927895474041
    -63.000000000000   0.94890683740052
    -62.000000000000   0.94854115925450
    -61.000000000000   0.94818188467319
    -60.000000000000   0.94782897942388
    -59.000000000000   0.94748241060417
    -58.000000000000   0.94714214658001
    -57.000000000000   0.94680815692775
    -56.000000000000   0.94648041237974
    -55.000000000000   0.94615888477330
    -54.000000000000   0.94584354700284
    -53.000000000000   0.94553437297483
    -52.000000000000   0.94523133756543
    -51.000000000000   0.94493441658068
    -50.000000000000   0.94464358671896
    -49.000000000000   0.94435882553563
    -48.000000000000   0.94408011140969
    -47.000000000000   0.94380742351232
    -46.000000000000   0.94354074177719
    -45.000000000000   0.94328004687244
    -44.000000000000   0.94302532017414
    -43.000000000000   0.94277654374131
    -42.000000000000   0.94253370029217
    -41.000000000000   0.94229677318178
    -40.000000000000   0.94206574638083
    -39.000000000000   0.94184060445555
    -38.000000000000   0.94162133254872
    -37.000000000000   0.94140791636167
    -36.000000000000   0.94120034213723
    -35.000000000000   0.94099859664356
    -34.000000000000   0.94080266715887
    -33.000000000000   0.94061254145690
    -32.000000000000   0.94042820779317
    -31.000000000000   0.94024965489200
    -30.000000000000   0.94007687193411
    -29.000000000000   0.93990984854498
    -28.000000000000   0.93974857478378
    -27.000000000000   0.93959304113287
    -26.000000000000   0.93944323848792
    -25.000000000000   0.93929915814848
    -24.000000000000   0.93916079180917
    -23.000000000000   0.93902813155127
    -22.000000000000   0.93890116983483
    -21.000000000000   0.93877989949121
    -20.000000000000   0.93866431371602
    -19.000000000000   0.93855440606260
    -18.000000000000   0.93845017043570
    -17.000000000000   0.93835160108574
    -16.000000000000   0.93825869260332
    -15.000000000000   0.93817143991414
    -14.000000000000   0.93808983827423
    -13.000000000000   0.93801388326559
    -12.000000000000   0.93794357079206
    -11.000000000000   0.93787889707558
   -10.0000000000000   0.93781985865273
    -9.0000000000000   0.93776645237161
    -8.0000000000000   0.93771867538892
    -7.0000000000000   0.93767652516748
    -6.0000000000000   0.93763999947386
    -5.0000000000000   0.93760909637647
    -4.0000000000000   0.93758381424377
    -3.0000000000000   0.93756415174283
    -2.0000000000000   0.93755010783815
    -1.0000000000000   0.93754168179075
   0.   0.93753887315750
     1.0000000000000   0.93754168179075
     2.0000000000000   0.93755010783815
     3.0000000000000   0.93756415174282
     4.0000000000000   0.93758381424377
     5.0000000000000   0.93760909637648
     6.0000000000000   0.93763999947386
     7.0000000000000   0.93767652516748
     8.0000000000000   0.93771867538892
     9.0000000000000   0.93776645237161
    10.0000000000000   0.93781985865273
     11.000000000000   0.93787889707558
     12.000000000000   0.93794357079206
     13.000000000000   0.93801388326559
     14.000000000000   0.93808983827423
     15.000000000000   0.93817143991414
     16.000000000000   0.93825869260332
     17.000000000000   0.93835160108574
     18.000000000000   0.93845017043570
     19.000000000000   0.93855440606260
     20.000000000000   0.93866431371602
     21.000000000000   0.93877989949121
     22.000000000000   0.93890116983483
     23.000000000000   0.93902813155127
     24.000000000000   0.93916079180917
     25.000000000000   0.93929915814848
     26.000000000000   0.93944323848791
     27.000000000000   0.93959304113287
     28.000000000000   0.93974857478378
     29.000000000000   0.93990984854498
     30.000000000000   0.94007687193411
     31.000000000000   0.94024965489200
     32.000000000000   0.94042820779317
     33.000000000000   0.94061254145690
     34.000000000000   0.94080266715887
     35.000000000000   0.94099859664356
     36.000000000000   0.94120034213723
     37.000000000000   0.94140791636167
     38.000000000000   0.94162133254872
     39.000000000000   0.94184060445555
     40.000000000000   0.94206574638083
     41.000000000000   0.94229677318178
     42.000000000000   0.94253370029216
     43.000000000000   0.94277654374131
     44.000000000000   0.94302532017414
     45.000000000000   0.94328004687244
     46.000000000000   0.94354074177719
     47.000000000000   0.94380742351232
     48.000000000000   0.94408011140969
     49.000000000000   0.94435882553563
     50.000000000000   0.94464358671896
     51.000000000000   0.94493441658068
     52.000000000000   0.94523133756543
     53.000000000000   0.94553437297483
     54.000000000000   0.94584354700284
     55.000000000000   0.94615888477330
     56.000000000000   0.94648041237974
     57.000000000000   0.94680815692775
     58.000000000000   0.94714214658001
     59.000000000000   0.94748241060417
     60.000000000000   0.94782897942388
     61.000000000000   0.94818188467319
     62.000000000000   0.94854115925450
     63.000000000000   0.94890683740052
     64.000000000000   0.94927895474041
     65.000000000000   0.94965754837054
     66.000000000000   0.95004265693024
     67.000000000000   0.95043432068297
     68.000000000000   0.95083258160345
     69.000000000000   0.95123748347112
     70.000000000000   0.95164907197077
     71.000000000000   0.95206739480071
     72.000000000000   0.95249250178951
     73.000000000000   0.95292444502181
     74.000000000000   0.95336327897445
     75.000000000000   0.95380906066361
     76.000000000000   0.95426184980437
     77.000000000000   0.95472170898380
     78.000000000000   0.95518870384921
     79.000000000000   0.95566290331298
     80.000000000000   0.95614437977608
     81.000000000000   0.95663320937219
     82.000000000000   0.95712947223501
     83.000000000000   0.95763325279138
     84.000000000000   0.95814464008348
     85.000000000000   0.95866372812371
     86.000000000000   0.95919061628646
     87.000000000000   0.95972540974162
     88.000000000000   0.96026821993555
     89.000000000000   0.96081916512608
     90.000000000000   0.96137837097930
     91.000000000000   0.96194597123730
     92.000000000000   0.96252210846757
     93.000000000000   0.96310693490707
     94.000000000000   0.96370061341623
     95.000000000000   0.96430331856139
     96.000000000000   0.96491523784815
     97.000000000000   0.96553657313298
     98.000000000000   0.96616754224655
     99.000000000000   0.96680838087081
    100.000000000000   0.96745934472166
    101.000000000000   0.96812071210363
    102.000000000000   0.96879278692126
    103.000000000000   0.96947590225764
    104.000000000000   0.97017042466646
    105.000000000000   0.97087675937500
     106.00000000000   0.97159535667094
     107.00000000000   0.97232671985642
     108.00000000000   0.97307141531701
     109.00000000000   0.97383008548943
     110.00000000000   0.97460346583303
     111.00000000000   0.97539240729741
     112.00000000000   0.97619790613480
     113.00000000000   0.97702114297601
     114.00000000000   0.97786353236582
     115.00000000000   0.97872678160454
     116.00000000000   0.97961295266708
     117.00000000000   0.98052451212049
     118.00000000000   0.98146434105263
     119.00000000000   0.98243566162639
     120.00000000000   0.98344182351294
     121.00000000000   0.98448589002815
     122.00000000000   0.98556998026431
     123.00000000000   0.98669436824305
     124.00000000000   0.98785641422699
     125.00000000000   0.98904949510546
     126.00000000000   0.99026218369238
     127.00000000000   0.99147796448985
     128.00000000000   0.99267573257813
     129.00000000000   0.99383118930442
     130.00000000000   0.99491904313851
     131.00000000000   0.99591570061570
     132.00000000000   0.99680196392254
     133.00000000000   0.99756520290659
     134.00000000000   0.99820056755998
     135.00000000000   0.99871102796975
     136.00000000000   0.99910630346673
     137.00000000000   0.99940098476824
     138.00000000000   0.99961229217064
     139.00000000000   0.99975792060988
     140.00000000000   0.99985431705496
     141.00000000000   0.99991556871493
     142.00000000000   0.99995291198491
     143.00000000000   0.99997474786172
     144.00000000000   0.99998698963263
     145.00000000000   0.99999356781283
     146.00000000000   0.99999695504808
     147.00000000000   0.99999862601528
     148.00000000000   0.99999941558548
     149.00000000000   0.99999977289253
     150.00000000000   0.99999992772321
     151.00000000000   0.99999999195962
     152.00000000000    1.0000000174728
     153.00000000000    1.0000000271726
     154.00000000000    1.0000000307024
     155.00000000000    1.0000000319317
     156.00000000000    1.0000000323414
     157.00000000000    1.0000000324720
     158.00000000000    1.0000000325119
     159.00000000000    1.0000000325236
     160.00000000000    1.0000000325268
     161.00000000000    1.0000000325277
     162.00000000000    1.0000000325279
     163.00000000000    1.0000000325280
     164.00000000000    1.0000000325280
     165.00000000000    1.0000000325280
     166.00000000000    1.0000000325280
     167.00000000000    1.0000000325280
     168.00000000000    1.0000000325280
     169.00000000000    1.0000000325280
     170.00000000000    1.0000000325280
     171.00000000000    1.0000000325280
     172.00000000000    1.0000000325280
     173.00000000000    1.0000000325280
     174.00000000000    1.0000000325280
     175.00000000000    1.0000000325280
     176.00000000000    1.0000000325280
     177.00000000000    1.0000000325280
     178.00000000000    1.0000000325280
     179.00000000000    1.0000000325280
     180.00000000000    1.0000000325280
     181.00000000000    1.0000000325280
     182.00000000000    1.0000000325280
     183.00000000000    1.0000000325280
     184.00000000000    1.0000000325280
     185.00000000000    1.0000000325280
     186.00000000000    1.0000000325280
     187.00000000000    1.0000000325280
     188.00000000000    1.0000000325280
     189.00000000000    1.0000000325280
     190.00000000000    1.0000000325280
     191.00000000000    1.0000000325280
     192.00000000000    1.0000000325280
     193.00000000000    1.0000000325280
     194.00000000000    1.0000000325280
     195.00000000000    1.0000000325280
     196.00000000000    1.0000000325280
     197.00000000000    1.0000000325280
     198.00000000000    1.0000000325280
     199.00000000000    1.0000000325280
     200.00000000000    1.0000000325280
     201.00000000000    1.0000000325280
     202.00000000000    1.0000000325280
     203.00000000000    1.0000000325280
     204.00000000000    1.0000000325280
     205.00000000000    1.0000000325280
     206.00000000000    1.0000000325280
     207.00000000000    1.0000000325280
     208.00000000000    1.0000000325280
     209.00000000000    1.0000000325280
     210.00000000000    1.0000000325280
     211.00000000000    1.0000000325280
     212.00000000000    1.0000000325280
     213.00000000000    1.0000000325280
     214.00000000000    1.0000000325280
     215.00000000000    1.0000000325280
     216.00000000000    1.0000000325280
     217.00000000000    1.0000000325280
     218.00000000000    1.0000000325280
     219.00000000000    1.0000000325280
     220.00000000000    1.0000000325280
     221.00000000000    1.0000000325280
     222.00000000000    1.0000000325280
     223.00000000000    1.0000000325280
     224.00000000000    1.0000000325280
     225.00000000000    1.0000000325280
     226.00000000000    1.0000000325280
     227.00000000000    1.0000000325280
     228.00000000000    1.0000000325280
     229.00000000000    1.0000000325280
     230.00000000000    1.0000000325280
     231.00000000000    1.0000000325280
     232.00000000000    1.0000000325280
     233.00000000000    1.0000000325280
     234.00000000000    1.0000000325280
     235.00000000000    1.0000000325280
     236.00000000000    1.0000000325280
     237.00000000000    1.0000000325280
     238.00000000000    1.0000000325280
     239.00000000000    1.0000000325280
     240.00000000000    1.0000000325280
     241.00000000000    1.0000000325280
     242.00000000000    1.0000000325280
     243.00000000000    1.0000000325280
     244.00000000000    1.0000000325280
     245.00000000000    1.0000000325280
     246.00000000000    1.0000000325280
     247.00000000000    1.0000000325280
     248.00000000000    1.0000000325280
     249.00000000000    1.0000000325280
     250.00000000000    1.0000000325280
     251.00000000000    1.0000000325280
     252.00000000000    1.0000000325280
     253.00000000000    1.0000000325280
     254.00000000000    1.0000000325280
     255.00000000000    1.0000000325280
     256.00000000000    1.0000000325280
     257.00000000000    1.0000000325280
     258.00000000000    1.0000000325280
     259.00000000000    1.0000000325280
     260.00000000000    1.0000000325280
     261.00000000000    1.0000000325280
     262.00000000000    1.0000000325280
     263.00000000000    1.0000000325280
     264.00000000000    1.0000000325280
     265.00000000000    1.0000000325280
     266.00000000000    1.0000000325280
     267.00000000000    1.0000000325280
     268.00000000000    1.0000000325280
     269.00000000000    1.0000000325280
     270.00000000000    1.0000000325280
     271.00000000000    1.0000000325280
     272.00000000000    1.0000000325280
     273.00000000000    1.0000000325280
     274.00000000000    1.0000000325280
     275.00000000000    1.0000000325280
     276.00000000000    1.0000000325280
     277.00000000000    1.0000000325280
     278.00000000000    1.0000000325280
     279.00000000000    1.0000000325280
     280.00000000000    1.0000000325280
     281.00000000000    1.0000000325280
     282.00000000000    1.0000000325280
     283.00000000000    1.0000000325280
     284.00000000000    1.0000000325280
     285.00000000000    1.0000000325280
     286.00000000000    1.0000000325280
     287.00000000000    1.0000000325280
     288.00000000000    1.0000000325280
     289.00000000000    1.0000000325280
     290.00000000000    1.0000000325280
     291.00000000000    1.0000000325280
     292.00000000000    1.0000000325280
     293.00000000000    1.0000000325280
     294.00000000000    1.0000000325280
     295.00000000000    1.0000000325280
     296.00000000000    1.0000000325280
     297.00000000000    1.0000000325280
     298.00000000000    1.0000000325280
     299.00000000000    1.0000000325280
     300.00000000000    1.0000000325280
     301.00000000000    1.0000000325280
     302.00000000000    1.0000000325280
     303.00000000000    1.0000000325280
     304.00000000000    1.0000000325280
     305.00000000000    1.0000000325280
     306.00000000000    1.0000000325280
     307.00000000000    1.0000000325280
     308.00000000000    1.0000000325280
     309.00000000000    1.0000000325280
     310.00000000000    1.0000000325280
     311.00000000000    1.0000000325280
     312.00000000000    1.0000000325280
     313.00000000000    1.0000000325280
     314.00000000000    1.0000000325280
     315.00000000000    1.0000000325280
     316.00000000000    1.0000000325280
     317.00000000000    1.0000000325280
     318.00000000000    1.0000000325280
     319.00000000000    1.0000000325280
     320.00000000000    1.0000000325280
     321.00000000000    1.0000000325280
     322.00000000000    1.0000000325280
     323.00000000000    1.0000000325280
     324.00000000000    1.0000000325280
     325.00000000000    1.0000000325280
     326.00000000000    1.0000000325280
     327.00000000000    1.0000000325280
     328.00000000000    1.0000000325280
     329.00000000000    1.0000000325280
     330.00000000000    1.0000000325280
     331.00000000000    1.0000000325280
     332.00000000000    1.0000000325280
     333.00000000000    1.0000000325280
     334.00000000000    1.0000000325280
     335.00000000000    1.0000000325280
     336.00000000000    1.0000000325280
     337.00000000000    1.0000000325280
     338.00000000000    1.0000000325280
     339.00000000000    1.0000000325280
     340.00000000000    1.0000000325280
     341.00000000000    1.0000000325280
     342.00000000000    1.0000000325280
     343.00000000000    1.0000000325280
     344.00000000000    1.0000000325280
     345.00000000000    1.0000000325280
     346.00000000000    1.0000000325280
     347.00000000000    1.0000000325280
     348.00000000000    1.0000000325280
     349.00000000000    1.0000000325280
     350.00000000000    1.0000000325280
     351.00000000000    1.0000000325280
     352.00000000000    1.0000000325280
     353.00000000000    1.0000000325280
     354.00000000000    1.0000000325280
     355.00000000000    1.0000000325280
     356.00000000000    1.0000000325280
     357.00000000000    1.0000000325280
     358.00000000000    1.0000000325280
     359.00000000000    1.0000000325280
     360.00000000000    1.0000000325280
     361.00000000000    1.0000000325280
     362.00000000000    1.0000000325280
     363.00000000000    1.0000000325280
     364.00000000000    1.0000000325280
     365.00000000000    1.0000000325280
     366.00000000000    1.0000000325280
     367.00000000000    1.0000000325280
     368.00000000000    1.0000000325280
     369.00000000000    1.0000000325280
     370.00000000000    1.0000000325280
     371.00000000000    1.0000000325280
     372.00000000000    1.0000000325280
     373.00000000000    1.0000000325280
     374.00000000000    1.0000000325280
     375.00000000000    1.0000000325280
     376.00000000000    1.0000000325280
     377.00000000000    1.0000000325280
     378.00000000000    1.0000000325280
     379.00000000000    1.0000000325280
     380.00000000000    1.0000000325280
     381.00000000000    1.0000000325280
     382.00000000000    1.0000000325280
     383.00000000000    1.0000000325280
     384.00000000000    1.0000000325280
     385.00000000000    1.0000000325280
     386.00000000000    1.0000000325280
     387.00000000000    1.0000000325280
     388.00000000000    1.0000000325280
     389.00000000000    1.0000000325280
     390.00000000000    1.0000000325280
     391.00000000000    1.0000000325280
     392.00000000000    1.0000000325280
     393.00000000000    1.0000000325280
     394.00000000000    1.0000000325280
     395.00000000000    1.0000000325280
     396.00000000000    1.0000000325280
     397.00000000000    1.0000000325280
     398.00000000000    1.0000000325280
     399.00000000000    1.0000000325280
     400.00000000000    1.0000000325280
     401.00000000000    1.0000000325280
     402.00000000000    1.0000000325280
     403.00000000000    1.0000000325280
     404.00000000000    1.0000000325280
     405.00000000000    1.0000000325280
     406.00000000000    1.0000000325280
     407.00000000000    1.0000000325280
     408.00000000000    1.0000000325280
     409.00000000000    1.0000000325280
     410.00000000000    1.0000000325280
     411.00000000000    1.0000000325280
     412.00000000000    1.0000000325280
     413.00000000000    1.0000000325280
     414.00000000000    1.0000000325280
     415.00000000000    1.0000000325280
     416.00000000000    1.0000000325280
     417.00000000000    1.0000000325280
     418.00000000000    1.0000000325280
     419.00000000000    1.0000000325280
     420.00000000000    1.0000000325280
     421.00000000000    1.0000000325280
     422.00000000000    1.0000000325280
     423.00000000000    1.0000000325280
     424.00000000000    1.0000000325280
     425.00000000000    1.0000000325280
     426.00000000000    1.0000000325280
     427.00000000000    1.0000000325280
     428.00000000000    1.0000000325280
     429.00000000000    1.0000000325280
     430.00000000000    1.0000000325280
     431.00000000000    1.0000000325280
     432.00000000000    1.0000000325280
     433.00000000000    1.0000000325280
     434.00000000000    1.0000000325280
     435.00000000000    1.0000000325280
     436.00000000000    1.0000000325280
     437.00000000000    1.0000000325280
     438.00000000000    1.0000000325280
     439.00000000000    1.0000000325280
     440.00000000000    1.0000000325280
     441.00000000000    1.0000000325280
     442.00000000000    1.0000000325280
     443.00000000000    1.0000000325280
     444.00000000000    1.0000000325280
     445.00000000000    1.0000000325280
     446.00000000000    1.0000000325280
     447.00000000000    1.0000000325280
     448.00000000000    1.0000000325280
     449.00000000000    1.0000000325280
     450.00000000000    1.0000000325280
     451.00000000000    1.0000000325280
     452.00000000000    1.0000000325280
     453.00000000000    1.0000000325280
     454.00000000000    1.0000000325280
     455.00000000000    1.0000000325280
     456.00000000000    1.0000000325280
     457.00000000000    1.0000000325280
     458.00000000000    1.0000000325280
     459.00000000000    1.0000000325280
     460.00000000000    1.0000000325280
     461.00000000000    1.0000000325280
     462.00000000000    1.0000000325280
     463.00000000000    1.0000000325280
     464.00000000000    1.0000000325280
     465.00000000000    1.0000000325280
     466.00000000000    1.0000000325280
     467.00000000000    1.0000000325280
     468.00000000000    1.0000000325280
     469.00000000000    1.0000000325280
     470.00000000000    1.0000000325280
     471.00000000000    1.0000000325280
     472.00000000000    1.0000000325280
     473.00000000000    1.0000000325280
     474.00000000000    1.0000000325280
     475.00000000000    1.0000000325280
     476.00000000000    1.0000000325280
     477.00000000000    1.0000000325280
     478.00000000000    1.0000000325280
     479.00000000000    1.0000000325280
     480.00000000000    1.0000000325280
     481.00000000000    1.0000000325280
     482.00000000000    1.0000000325280
     483.00000000000    1.0000000325280
     484.00000000000    1.0000000325280
     485.00000000000    1.0000000325280
     486.00000000000    1.0000000325280
     487.00000000000    1.0000000325280
     488.00000000000    1.0000000325280
     489.00000000000    1.0000000325280
     490.00000000000    1.0000000325280
     491.00000000000    1.0000000325280
     492.00000000000    1.0000000325280
     493.00000000000    1.0000000325280
     494.00000000000    1.0000000325280
     495.00000000000    1.0000000325280
     496.00000000000    1.0000000325280
     497.00000000000    1.0000000325280
     498.00000000000    1.0000000325280
     499.00000000000    1.0000000325280
     500.00000000000    1.0000000325280
