    -500.00000000000    1.0000000325280
    -499.00000000000    1.0000000325280
    -498.00000000000    1.0000000325280
    -497.00000000000    1.0000000325280
    -496.00000000000    1.0000000325280
    -495.00000000000    1.0000000325280
    -494.00000000000    1.0000000325280
    -493.00000000000    1.0000000325280
    -492.00000000000    1.0000000325280
    -491.00000000000    1.0000000325280
    -490.00000000000    1.0000000325280
    -489.00000000000    1.0000000325280
    -488.00000000000    1.0000000325280
    -487.00000000000    1.0000000325280
    -486.00000000000    1.0000000325280
    -485.00000000000    1.0000000325280
    -484.00000000000    1.0000000325280
    -483.00000000000    1.0000000325280
    -482.00000000000    1.0000000325280
    -481.00000000000    1.0000000325280
    -480.00000000000    1.0000000325280
    -479.00000000000    1.0000000325280
    -478.00000000000    1.0000000325280
    -477.00000000000    1.0000000325280
    -476.00000000000    1.0000000325280
    -475.00000000000    1.0000000325280
    -474.00000000000    1.0000000325280
    -473.00000000000    1.0000000325280
    -472.00000000000    1.0000000325280
    -471.00000000000    1.0000000325280
    -470.00000000000    1.0000000325280
    -469.00000000000    1.0000000325280
    -468.00000000000    1.0000000325280
    -467.00000000000    1.0000000325280
    -466.00000000000    1.0000000325280
    -465.00000000000    1.0000000325280
    -464.00000000000    1.0000000325280
    -463.00000000000    1.0000000325280
    -462.00000000000    1.0000000325280
    -461.00000000000    1.0000000325280
    -460.00000000000    1.0000000325280
    -459.00000000000    1.0000000325280
    -458.00000000000    1.0000000325280
    -457.00000000000    1.0000000325280
    -456.00000000000    1.0000000325280
    -455.00000000000    1.0000000325280
    -454.00000000000    1.0000000325280
    -453.00000000000    1.0000000325280
    -452.00000000000    1.0000000325280
    -451.00000000000    1.0000000325280
    -450.00000000000    1.0000000325280
    -449.00000000000    1.0000000325280
    -448.00000000000    1.0000000325280
    -447.00000000000    1.0000000325280
    -446.00000000000    1.0000000325280
    -445.00000000000    1.0000000325280
    -444.00000000000    1.0000000325280
    -443.00000000000    1.0000000325280
    -442.00000000000    1.0000000325280
    -441.00000000000    1.0000000325280
    -440.00000000000    1.0000000325280
    -439.00000000000    1.0000000325280
    -438.00000000000    1.0000000325280
    -437.00000000000    1.0000000325280
    -436.00000000000    1.0000000325280
    -435.00000000000    1.0000000325280
    -434.00000000000    1.0000000325280
    -433.00000000000    1.0000000325280
    -432.00000000000    1.0000000325280
    -431.00000000000    1.0000000325280
    -430.00000000000    1.0000000325280
    -429.00000000000    1.0000000325280
    -428.00000000000    1.0000000325280
    -427.00000000000    1.0000000325280
    -426.00000000000    1.0000000325280
    -425.00000000000    1.0000000325280
    -424.00000000000    1.0000000325280
    -423.00000000000    1.0000000325280
    -422.00000000000    1.0000000325280
    -421.00000000000    1.0000000325280
    -420.00000000000    1.0000000325280
    -419.00000000000    1.0000000325280
    -418.00000000000    1.0000000325280
    -417.00000000000    1.0000000325280
    -416.00000000000    1.0000000325280
    -415.00000000000    1.0000000325280
    -414.00000000000    1.0000000325280
    -413.00000000000    1.0000000325280
    -412.00000000000    1.0000000325280
    -411.00000000000    1.0000000325280
    -410.00000000000    1.0000000325280
    -409.00000000000    1.0000000325280
    -408.00000000000    1.0000000325280
    -407.00000000000    1.0000000325280
    -406.00000000000    1.0000000325280
    -405.00000000000    1.0000000325280
    -404.00000000000    1.0000000325280
    -403.00000000000    1.0000000325280
    -402.00000000000    1.0000000325280
    -401.00000000000    1.0000000325280
    -400.00000000000    1.0000000325280
    -399.00000000000    1.0000000325280
    -398.00000000000    1.0000000325280
    -397.00000000000    1.0000000325280
    -396.00000000000    1.0000000325280
    -395.00000000000    1.0000000325280
    -394.00000000000    1.0000000325280
    -393.00000000000    1.0000000325280
    -392.00000000000    1.0000000325280
    -391.00000000000    1.0000000325280
    -390.00000000000    1.0000000325280
    -389.00000000000    1.0000000325280
    -388.00000000000    1.0000000325280
    -387.00000000000    1.0000000325280
    -386.00000000000    1.0000000325280
    -385.00000000000    1.0000000325280
    -384.00000000000    1.0000000325280
    -383.00000000000    1.0000000325280
    -382.00000000000    1.0000000325280
    -381.00000000000    1.0000000325280
    -380.00000000000    1.0000000325280
    -379.00000000000    1.0000000325280
    -378.00000000000    1.0000000325280
    -377.00000000000    1.0000000325280
    -376.00000000000    1.0000000325280
    -375.00000000000    1.0000000325280
    -374.00000000000    1.0000000325280
    -373.00000000000    1.0000000325280
    -372.00000000000    1.0000000325280
    -371.00000000000    1.0000000325280
    -370.00000000000    1.0000000325280
    -369.00000000000    1.0000000325280
    -368.00000000000    1.0000000325280
    -367.00000000000    1.0000000325280
    -366.00000000000    1.0000000325280
    -365.00000000000    1.0000000325280
    -364.00000000000    1.0000000325280
    -363.00000000000    1.0000000325280
    -362.00000000000    1.0000000325280
    -361.00000000000    1.0000000325280
    -360.00000000000    1.0000000325280
    -359.00000000000    1.0000000325280
    -358.00000000000    1.0000000325280
    -357.00000000000    1.0000000325280
    -356.00000000000    1.0000000325280
    -355.00000000000    1.0000000325280
    -354.00000000000    1.0000000325280
    -353.00000000000    1.0000000325280
    -352.00000000000    1.0000000325280
    -351.00000000000    1.0000000325280
    -350.00000000000    1.0000000325280
    -349.00000000000    1.0000000325280
    -348.00000000000    1.0000000325280
    -347.00000000000    1.0000000325280
    -346.00000000000    1.0000000325280
    -345.00000000000    1.0000000325280
    -344.00000000000    1.0000000325280
    -343.00000000000    1.0000000325280
    -342.00000000000    1.0000000325280
    -341.00000000000    1.0000000325280
    -340.00000000000    1.0000000325280
    -339.00000000000    1.0000000325280
    -338.00000000000    1.0000000325280
    -337.00000000000    1.0000000325280
    -336.00000000000    1.0000000325280
    -335.00000000000    1.0000000325280
    -334.00000000000    1.0000000325280
    -333.00000000000    1.0000000325280
    -332.00000000000    1.0000000325280
    -331.00000000000    1.0000000325280
    -330.00000000000    1.0000000325280
    -329.00000000000    1.0000000325280
    -328.00000000000    1.0000000325280
    -327.00000000000    1.0000000325280
    -326.00000000000    1.0000000325280
    -325.00000000000    1.0000000325280
    -324.00000000000    1.0000000325280
    -323.00000000000    1.0000000325280
    -322.00000000000    1.0000000325280
    -321.00000000000    1.0000000325280
    -320.00000000000    1.0000000325280
    -319.00000000000    1.0000000325280
    -318.00000000000    1.0000000325280
    -317.00000000000    1.0000000325280
    -316.00000000000    1.0000000325280
    -315.00000000000    1.0000000325280
    -314.00000000000    1.0000000325280
    -313.00000000000    1.0000000325280
    -312.00000000000    1.0000000325280
    -311.00000000000    1.0000000325280
    -310.00000000000    1.0000000325280
    -309.00000000000    1.0000000325280
    -308.00000000000    1.0000000325280
    -307.00000000000    1.0000000325280
    -306.00000000000    1.0000000325280
    -305.00000000000    1.0000000325280
    -304.00000000000    1.0000000325280
    -303.00000000000    1.0000000325280
    -302.00000000000    1.0000000325280
    -301.00000000000    1.0000000325280
    -300.00000000000    1.0000000325280
    -299.00000000000    1.0000000325280
    -298.00000000000    1.0000000325280
    -297.00000000000    1.0000000325280
    -296.00000000000    1.0000000325280
    -295.00000000000    1.0000000325280
    -294.00000000000    1.0000000325280
    -293.00000000000    1.0000000325280
    -292.00000000000    1.0000000325280
    -291.00000000000    1.0000000325280
    -290.00000000000    1.0000000325280
    -289.00000000000    1.0000000325280
    -288.00000000000    1.0000000325280
    -287.00000000000    1.0000000325280
    -286.00000000000    1.0000000325280
    -285.00000000000    1.0000000325280
    -284.00000000000    1.0000000325280
    -283.00000000000    1.0000000325280
    -282.00000000000    1.0000000325280
    -281.00000000000    1.0000000325280
    -280.00000000000    1.0000000325280
    -279.00000000000    1.0000000325280
    -278.00000000000    1.0000000325280
    -277.00000000000    1.0000000325280
    -276.00000000000    1.0000000325280
    -275.00000000000    1.0000000325280
    -274.00000000000    1.0000000325280
    -273.00000000000    1.0000000325280
    -272.00000000000    1.0000000325280
    -271.00000000000    1.0000000325280
    -270.00000000000    1.0000000325280
    -269.00000000000    1.0000000325280
    -268.00000000000    1.0000000325280
    -267.00000000000    1.0000000325280
    -266.00000000000    1.0000000325280
    -265.00000000000    1.0000000325280
    -264.00000000000    1.0000000325280
    -263.00000000000    1.0000000325280
    -262.00000000000    1.0000000325280
    -261.00000000000    1.0000000325280
    -260.00000000000    1.0000000325280
    -259.00000000000    1.0000000325280
    -258.00000000000    1.0000000325280
    -257.00000000000    1.0000000325280
    -256.00000000000    1.0000000325280
    -255.00000000000    1.0000000325280
    -254.00000000000    1.0000000325280
    -253.00000000000    1.0000000325280
    -252.00000000000    1.0000000325280
    -251.00000000000    1.0000000325280
    -250.00000000000    1.0000000325280
    -249.00000000000    1.0000000325280
    -248.00000000000    1.0000000325280
    -247.00000000000    1.0000000325280
    -246.00000000000    1.0000000325280
    -245.00000000000    1.0000000325280
    -244.00000000000    1.0000000325280
    -243.00000000000    1.0000000325280
    -242.00000000000    1.0000000325280
    -241.00000000000    1.0000000325280
    -240.00000000000    1.0000000325280
    -239.00000000000    1.0000000325280
    -238.00000000000    1.0000000325280
    -237.00000000000    1.0000000325280
    -236.00000000000    1.0000000325280
    -235.00000000000    1.0000000325280
    -234.00000000000    1.0000000325280
    -233.00000000000    1.0000000325280
    -232.00000000000    1.0000000325280
    -231.00000000000    1.0000000325280
    -230.00000000000    1.0000000325280
    -229.00000000000    1.0000000325280
    -228.00000000000    1.0000000325280
    -227.00000000000    1.0000000325280
    -226.00000000000    1.0000000325280
    -225.00000000000    1.0000000325280
    -224.00000000000    1.0000000325280
    -223.00000000000    1.0000000325280
    -222.00000000000    1.0000000325280
    -221.00000000000    1.0000000325280
    -220.00000000000    1.0000000325280
    -219.00000000000    1.0000000325280
    -218.00000000000    1.0000000325280
    -217.00000000000    1.0000000325280
    -216.00000000000    1.0000000325280
    -215.00000000000    1.0000000325280
    -214.00000000000    1.0000000325280
    -213.00000000000    1.0000000325280
    -212.00000000000    1.0000000325280
    -211.00000000000    1.0000000325280
    -210.00000000000    1.0000000325280
    -209.00000000000    1.0000000325280
    -208.00000000000    1.0000000325280
    -207.00000000000    1.0000000325280
    -206.00000000000    1.0000000325280
    -205.00000000000    1.0000000325280
    -204.00000000000    1.0000000325280
    -203.00000000000    1.0000000325280
    -202.00000000000    1.0000000325280
    -201.00000000000    1.0000000325280
    -200.00000000000    1.0000000325280
    -199.00000000000    1.0000000325280
    -198.00000000000    1.0000000325280
    -197.00000000000    1.0000000325280
    -196.00000000000    1.0000000325280
    -195.00000000000    1.0000000325280
    -194.00000000000    1.0000000325280
    -193.00000000000    1.0000000325280
    -192.00000000000    1.0000000325280
    -191.00000000000    1.0000000325280
    -190.00000000000    1.0000000325280
    -189.00000000000    1.0000000325280
    -188.00000000000    1.0000000325280
    -187.00000000000    1.0000000325280
    -186.00000000000    1.0000000325280
    -185.00000000000    1.0000000325280
    -184.00000000000    1.0000000325280
    -183.00000000000    1.0000000325280
    -182.00000000000    1.0000000325280
    -181.00000000000    1.0000000325280
    -180.00000000000    1.0000000325280
    -179.00000000000    1.0000000325280
    -178.00000000000    1.0000000325280
    -177.00000000000    1.0000000325280
    -176.00000000000    1.0000000325280
    -175.00000000000    1.0000000325280
    -174.00000000000    1.0000000325280
    -173.00000000000    1.0000000325279
    -172.00000000000    1.0000000325277
    -171.00000000000    1.0000000325270
    -170.00000000000    1.0000000325241
    -169.00000000000    1.0000000325138
    -168.00000000000    1.0000000324787
    -167.00000000000    1.0000000323634
    -166.00000000000    1.0000000320022
    -165.00000000000    1.0000000309185
    -164.00000000000    1.0000000278070
    -163.00000000000    1.0000000192572
    -162.00000000000   0.99999999677089
    -161.00000000000   0.99999994016092
    -160.00000000000   0.99999980372610
    -159.00000000000   0.99999948890494
    -158.00000000000   0.99999879329682
    -157.00000000000   0.99999732135543
    -156.00000000000   0.99999433794124
    -155.00000000000   0.99998854477277
    -154.00000000000   0.99997776540924
    -153.00000000000   0.99995854096034
    -152.00000000000   0.99992566900693
    -151.00000000000   0.99987176066116
    -150.00000000000   0.99978693666731
    -149.00000000000   0.99965881649777
    -148.00000000000   0.99947295342101
    -147.00000000000   0.99921381548726
    -146.00000000000   0.99886630284257
    -145.00000000000   0.99841764338650
    -144.00000000000   0.99785936205907
    -143.00000000000   0.99718892686067
    -142.00000000000   0.99641068228713
    -141.00000000000   0.99553580417131
    -140.00000000000   0.99458122344587
    -139.00000000000   0.99356770815944
    -138.00000000000   0.99251748702674
    -137.00000000000   0.99145188338486
    -136.00000000000   0.99038938448667
    -135.00000000000   0.98934442206059
    -134.00000000000   0.98832694300422
    -133.00000000000   0.98734266847312
    -132.00000000000   0.98639382305515
    -131.00000000000   0.98548008039055
    -130.00000000000   0.98459950542105
    -129.00000000000   0.98374934687644
    -128.00000000000   0.98292661458087
    -127.00000000000   0.98212844137160
    -126.00000000000   0.98135226864164
    -125.00000000000   0.98059590880968
    -124.00000000000   0.97985753481830
    -123.00000000000   0.97913563486897
    -122.00000000000   0.97842895697373
    -121.00000000000   0.97773645651336
    -120.00000000000   0.97705725220150
    -119.00000000000   0.97639059140149
    -118.00000000000   0.97573582369306
    -117.00000000000   0.97509238096526
    -116.00000000000   0.97445976238631
    -115.00000000000   0.97383752292294
    -114.00000000000   0.97322526442788
    -113.00000000000   0.97262262860048
    -112.00000000000   0.97202929133493
    -111.00000000000   0.97144495811638
    -110.00000000000   0.97086936022348
    -109.00000000000   0.97030225156239
    -108.00000000000   0.96974340600265
    -107.00000000000   0.96919261511741
    -106.00000000000   0.96864968625256
   -105.000000000000   0.96811444086654
   -104.000000000000   0.96758671309452
   -103.000000000000   0.96706634849989
   -102.000000000000   0.96655320298355
   -101.000000000000   0.96604714182664
   -100.000000000000   0.96554803884688
    -99.000000000000   0.96505577565221
    -98.000000000000   0.96457024097810
    -97.000000000000   0.96409133009713
    -96.000000000000   0.96361894429130
    -95.000000000000   0.96315299037900
    -94.000000000000   0.96269338028978
    -93.000000000000   0.96224003068099
    -92.000000000000   0.96179286259147
    -91.000000000000   0.96135180112772
    -90.000000000000   0.96091677517912
    -89.000000000000   0.96048771715865
    -88.000000000000   0.96006456276665
    -87.000000000000   0.95964725077491
    -86.000000000000   0.95923572282904
    -85.000000000000   0.95882992326736
    -84.000000000000   0.95842979895441
    -83.000000000000   0.95803529912791
    -82.000000000000   0.95764637525763
    -81.000000000000   0.95726298091520
    -80.000000000000   0.95688507165378
    -79.000000000000   0.95651260489667
    -78.000000000000   0.95614553983409
    -77.000000000000   0.95578383732740
    -76.000000000000   0.95542745982009
    -75.000000000000   0.95507637125498
    -74.000000000000   0.95473053699714
    -73.000000000000   0.95438992376197
    -72.000000000000   0.95405449954809
    -71.000000000000   0.95372423357468
    -70.000000000000   0.95339909622279
    -69.000000000000   0.95307905898046
    -68.000000000000   0.95276409439131
    -67.000000000000   0.95245417600621
    -66.000000000000   0.95214927833806
    -65.000000000000   0.95184937681921
    -64.000000000000   0.95155444776143
    -63.000000000000   0.95126446831829
    -62.000000000000   0.95097941644966
    -61.000000000000   0.95069927088835
    -60.000000000000   0.95042401110856
    -59.000000000000   0.95015361729614
    -58.000000000000   0.94988807032053
    -57.000000000000   0.94962735170822
    -56.000000000000   0.94937144361766
    -55.000000000000   0.94912032881552
    -54.000000000000   0.94887399065427
    -53.000000000000   0.94863241305084
    -52.000000000000   0.94839558046654
    -51.000000000000   0.94816347788790
    -50.000000000000   0.94793609080859
    -49.000000000000   0.94771340521222
    -48.000000000000   0.94749540755601
    -47.000000000000   0.94728208475533
    -46.000000000000   0.94707342416895
    -45.000000000000   0.94686941358512
    -44.000000000000   0.94667004120823
    -43.000000000000   0.94647529564618
    -42.000000000000   0.94628516589844
    -41.000000000000   0.94609964134453
    -40.000000000000   0.94591871173323
    -39.000000000000   0.94574236717224
    -38.000000000000   0.94557059811828
    -37.000000000000   0.94540339536782
    -36.000000000000   0.94524075004810
    -35.000000000000   0.94508265360870
    -34.000000000000   0.94492909781347
    -33.000000000000   0.94478007473284
    -32.000000000000   0.94463557673653
    -31.000000000000   0.94449559648662
    -30.000000000000   0.94436012693093
    -29.000000000000   0.94422916129674
    -28.000000000000   0.94410269308486
    -27.000000000000   0.94398071606392
    -26.000000000000   0.94386322426502
    -25.000000000000   0.94375021197661
    -24.000000000000   0.94364167373967
    -23.000000000000   0.94353760434311
    -22.000000000000   0.94343799881942
    -21.000000000000   0.94334285244061
    -20.000000000000   0.94325216071429
    -19.000000000000   0.94316591938004
    -18.000000000000   0.94308412440595
    -17.000000000000   0.94300677198540
    -16.000000000000   0.94293385853404
    -15.000000000000   0.94286538068690
    -14.000000000000   0.94280133529581
    -13.000000000000   0.94274171942686
    -12.000000000000   0.94268653035816
    -11.000000000000   0.94263576557772
   -10.0000000000000   0.94258942278151
    -9.0000000000000   0.94254749987167
    -8.0000000000000   0.94250999495490
    -7.0000000000000   0.94247690634107
    -6.0000000000000   0.94244823254186
    -5.0000000000000   0.94242397226965
    -4.0000000000000   0.94240412443659
    -3.0000000000000   0.94238868815370
    -2.0000000000000   0.94237766273029
    -1.0000000000000   0.94237104767333
   0.   0.94236884268719
     1.0000000000000   0.94237104767333
     2.0000000000000   0.94237766273028
     3.0000000000000   0.94238868815370
     4.0000000000000   0.94240412443659
     5.0000000000000   0.94242397226965
     6.0000000000000   0.94244823254186
     7.0000000000000   0.94247690634107
     8.0000000000000   0.94250999495490
     9.0000000000000   0.94254749987167
    10.0000000000000   0.94258942278151
     11.000000000000   0.94263576557772
     12.000000000000   0.94268653035816
     13.000000000000   0.94274171942686
     14.000000000000   0.94280133529581
     15.000000000000   0.94286538068690
     16.000000000000   0.94293385853404
     17.000000000000   0.94300677198540
     18.000000000000   0.94308412440595
     19.000000000000   0.94316591938004
     20.000000000000   0.94325216071429
     21.000000000000   0.94334285244061
     22.000000000000   0.94343799881942
     23.000000000000   0.94353760434311
     24.000000000000   0.94364167373967
     25.000000000000   0.94375021197661
     26.000000000000   0.94386322426502
     27.000000000000   0.94398071606392
     28.000000000000   0.94410269308486
     29.000000000000   0.94422916129674
     30.000000000000   0.94436012693093
     31.000000000000   0.94449559648662
     32.000000000000   0.94463557673653
     33.000000000000   0.94478007473284
     34.000000000000   0.94492909781347
     35.000000000000   0.94508265360870
     36.000000000000   0.94524075004810
     37.000000000000   0.94540339536782
     38.000000000000   0.94557059811828
     39.000000000000   0.94574236717224
     40.000000000000   0.94591871173323
     41.000000000000   0.94609964134453
     42.000000000000   0.94628516589844
     43.000000000000   0.94647529564618
     44.000000000000   0.94667004120823
     45.000000000000   0.94686941358512
     46.000000000000   0.94707342416895
     47.000000000000   0.94728208475533
     48.000000000000   0.94749540755601
     49.000000000000   0.94771340521222
     50.000000000000   0.94793609080859
     51.000000000000   0.94816347788790
     52.000000000000   0.94839558046654
     53.000000000000   0.94863241305084
     54.000000000000   0.94887399065427
     55.000000000000   0.94912032881552
     56.000000000000   0.94937144361766
     57.000000000000   0.94962735170822
     58.000000000000   0.94988807032053
     59.000000000000   0.95015361729614
     60.000000000000   0.95042401110856
     61.000000000000   0.95069927088835
     62.000000000000   0.95097941644966
     63.000000000000   0.95126446831829
     64.000000000000   0.95155444776143
     65.000000000000   0.95184937681921
     66.000000000000   0.95214927833806
     67.000000000000   0.95245417600621
     68.000000000000   0.95276409439131
     69.000000000000   0.95307905898046
     70.000000000000   0.95339909622279
     71.000000000000   0.95372423357468
     72.000000000000   0.95405449954809
     73.000000000000   0.95438992376197
     74.000000000000   0.95473053699714
     75.000000000000   0.95507637125498
     76.000000000000   0.95542745982009
     77.000000000000   0.95578383732740
     78.000000000000   0.95614553983409
     79.000000000000   0.95651260489667
     80.000000000000   0.95688507165378
     81.000000000000   0.95726298091520
     82.000000000000   0.95764637525763
     83.000000000000   0.95803529912791
     84.000000000000   0.95842979895441
     85.000000000000   0.95882992326736
     86.000000000000   0.95923572282904
     87.000000000000   0.95964725077491
     88.000000000000   0.96006456276665
     89.000000000000   0.96048771715865
     90.000000000000   0.96091677517912
     91.000000000000   0.96135180112772
     92.000000000000   0.96179286259147
     93.000000000000   0.96224003068099
     94.000000000000   0.96269338028978
     95.000000000000   0.96315299037900
     96.000000000000   0.96361894429130
     97.000000000000   0.96409133009713
     98.000000000000   0.96457024097810
     99.000000000000   0.96505577565221
    100.000000000000   0.96554803884688
    101.000000000000   0.96604714182664
    102.000000000000   0.96655320298355
    103.000000000000   0.96706634849989
    104.000000000000   0.96758671309452
    105.000000000000   0.96811444086654
     106.00000000000   0.96864968625256
     107.00000000000   0.96919261511741
     108.00000000000   0.96974340600265
     109.00000000000   0.97030225156238
     110.00000000000   0.97086936022348
     111.00000000000   0.97144495811638
     112.00000000000   0.97202929133493
     113.00000000000   0.97262262860048
     114.00000000000   0.97322526442788
     115.00000000000   0.97383752292294
     116.00000000000   0.97445976238631
     117.00000000000   0.97509238096526
     118.00000000000   0.97573582369306
     119.00000000000   0.97639059140148
     120.00000000000   0.97705725220150
     121.00000000000   0.97773645651336
     122.00000000000   0.97842895697373
     123.00000000000   0.97913563486897
     124.00000000000   0.97985753481830
     125.00000000000   0.98059590880968
     126.00000000000   0.98135226864164
     127.00000000000   0.98212844137160
     128.00000000000   0.98292661458087
     129.00000000000   0.98374934687644
     130.00000000000   0.98459950542105
     131.00000000000   0.98548008039055
     132.00000000000   0.98639382305515
     133.00000000000   0.98734266847312
     134.00000000000   0.98832694300422
     135.00000000000   0.98934442206059
     136.00000000000   0.99038938448667
     137.00000000000   0.99145188338486
     138.00000000000   0.99251748702674
     139.00000000000   0.99356770815944
     140.00000000000   0.99458122344587
     141.00000000000   0.99553580417131
     142.00000000000   0.99641068228713
     143.00000000000   0.99718892686067
     144.00000000000   0.99785936205907
     145.00000000000   0.99841764338650
     146.00000000000   0.99886630284257
     147.00000000000   0.99921381548726
     148.00000000000   0.99947295342101
     149.00000000000   0.99965881649777
     150.00000000000   0.99978693666731
     151.00000000000   0.99987176066116
     152.00000000000   0.99992566900693
     153.00000000000   0.99995854096034
     154.00000000000   0.99997776540924
     155.00000000000   0.99998854477277
     156.00000000000   0.99999433794124
     157.00000000000   0.99999732135543
     158.00000000000   0.99999879329682
     159.00000000000   0.99999948890494
     160.00000000000   0.99999980372610
     161.00000000000   0.99999994016092
     162.00000000000   0.99999999677089
     163.00000000000    1.0000000192572
     164.00000000000    1.0000000278070
     165.00000000000    1.0000000309185
     166.00000000000    1.0000000320022
     167.00000000000    1.0000000323634
     168.00000000000    1.0000000324787
     169.00000000000    1.0000000325138
     170.00000000000    1.0000000325241
     171.00000000000    1.0000000325270
     172.00000000000    1.0000000325277
     173.00000000000    1.0000000325279
     174.00000000000    1.0000000325280
     175.00000000000    1.0000000325280
     176.00000000000    1.0000000325280
     177.00000000000    1.0000000325280
     178.00000000000    1.0000000325280
     179.00000000000    1.0000000325280
     180.00000000000    1.0000000325280
     181.00000000000    1.0000000325280
     182.00000000000    1.0000000325280
     183.00000000000    1.0000000325280
     184.00000000000    1.0000000325280
     185.00000000000    1.0000000325280
     186.00000000000    1.0000000325280
     187.00000000000    1.0000000325280
     188.00000000000    1.0000000325280
     189.00000000000    1.0000000325280
     190.00000000000    1.0000000325280
     191.00000000000    1.0000000325280
     192.00000000000    1.0000000325280
     193.00000000000    1.0000000325280
     194.00000000000    1.0000000325280
     195.00000000000    1.0000000325280
     196.00000000000    1.0000000325280
     197.00000000000    1.0000000325280
     198.00000000000    1.0000000325280
     199.00000000000    1.0000000325280
     200.00000000000    1.0000000325280
     201.00000000000    1.0000000325280
     202.00000000000    1.0000000325280
     203.00000000000    1.0000000325280
     204.00000000000    1.0000000325280
     205.00000000000    1.0000000325280
     206.00000000000    1.0000000325280
     207.00000000000    1.0000000325280
     208.00000000000    1.0000000325280
     209.00000000000    1.0000000325280
     210.00000000000    1.0000000325280
     211.00000000000    1.0000000325280
     212.00000000000    1.0000000325280
     213.00000000000    1.0000000325280
     214.00000000000    1.0000000325280
     215.00000000000    1.0000000325280
     216.00000000000    1.0000000325280
     217.00000000000    1.0000000325280
     218.00000000000    1.0000000325280
     219.00000000000    1.0000000325280
     220.00000000000    1.0000000325280
     221.00000000000    1.0000000325280
     222.00000000000    1.0000000325280
     223.00000000000    1.0000000325280
     224.00000000000    1.0000000325280
     225.00000000000    1.0000000325280
     226.00000000000    1.0000000325280
     227.00000000000    1.0000000325280
     228.00000000000    1.0000000325280
     229.00000000000    1.0000000325280
     230.00000000000    1.0000000325280
     231.00000000000    1.0000000325280
     232.00000000000    1.0000000325280
     233.00000000000    1.0000000325280
     234.00000000000    1.0000000325280
     235.00000000000    1.0000000325280
     236.00000000000    1.0000000325280
     237.00000000000    1.0000000325280
     238.00000000000    1.0000000325280
     239.00000000000    1.0000000325280
     240.00000000000    1.0000000325280
     241.00000000000    1.0000000325280
     242.00000000000    1.0000000325280
     243.00000000000    1.0000000325280
     244.00000000000    1.0000000325280
     245.00000000000    1.0000000325280
     246.00000000000    1.0000000325280
     247.00000000000    1.0000000325280
     248.00000000000    1.0000000325280
     249.00000000000    1.0000000325280
     250.00000000000    1.0000000325280
     251.00000000000    1.0000000325280
     252.00000000000    1.0000000325280
     253.00000000000    1.0000000325280
     254.00000000000    1.0000000325280
     255.00000000000    1.0000000325280
     256.00000000000    1.0000000325280
     257.00000000000    1.0000000325280
     258.00000000000    1.0000000325280
     259.00000000000    1.0000000325280
     260.00000000000    1.0000000325280
     261.00000000000    1.0000000325280
     262.00000000000    1.0000000325280
     263.00000000000    1.0000000325280
     264.00000000000    1.0000000325280
     265.00000000000    1.0000000325280
     266.00000000000    1.0000000325280
     267.00000000000    1.0000000325280
     268.00000000000    1.0000000325280
     269.00000000000    1.0000000325280
     270.00000000000    1.0000000325280
     271.00000000000    1.0000000325280
     272.00000000000    1.0000000325280
     273.00000000000    1.0000000325280
     274.00000000000    1.0000000325280
     275.00000000000    1.0000000325280
     276.00000000000    1.0000000325280
     277.00000000000    1.0000000325280
     278.00000000000    1.0000000325280
     279.00000000000    1.0000000325280
     280.00000000000    1.0000000325280
     281.00000000000    1.0000000325280
     282.00000000000    1.0000000325280
     283.00000000000    1.0000000325280
     284.00000000000    1.0000000325280
     285.00000000000    1.0000000325280
     286.00000000000    1.0000000325280
     287.00000000000    1.0000000325280
     288.00000000000    1.0000000325280
     289.00000000000    1.0000000325280
     290.00000000000    1.0000000325280
     291.00000000000    1.0000000325280
     292.00000000000    1.0000000325280
     293.00000000000    1.0000000325280
     294.00000000000    1.0000000325280
     295.00000000000    1.0000000325280
     296.00000000000    1.0000000325280
     297.00000000000    1.0000000325280
     298.00000000000    1.0000000325280
     299.00000000000    1.0000000325280
     300.00000000000    1.0000000325280
     301.00000000000    1.0000000325280
     302.00000000000    1.0000000325280
     303.00000000000    1.0000000325280
     304.00000000000    1.0000000325280
     305.00000000000    1.0000000325280
     306.00000000000    1.0000000325280
     307.00000000000    1.0000000325280
     308.00000000000    1.0000000325280
     309.00000000000    1.0000000325280
     310.00000000000    1.0000000325280
     311.00000000000    1.0000000325280
     312.00000000000    1.0000000325280
     313.00000000000    1.0000000325280
     314.00000000000    1.0000000325280
     315.00000000000    1.0000000325280
     316.00000000000    1.0000000325280
     317.00000000000    1.0000000325280
     318.00000000000    1.0000000325280
     319.00000000000    1.0000000325280
     320.00000000000    1.0000000325280
     321.00000000000    1.0000000325280
     322.00000000000    1.0000000325280
     323.00000000000    1.0000000325280
     324.00000000000    1.0000000325280
     325.00000000000    1.0000000325280
     326.00000000000    1.0000000325280
     327.00000000000    1.0000000325280
     328.00000000000    1.0000000325280
     329.00000000000    1.0000000325280
     330.00000000000    1.0000000325280
     331.00000000000    1.0000000325280
     332.00000000000    1.0000000325280
     333.00000000000    1.0000000325280
     334.00000000000    1.0000000325280
     335.00000000000    1.0000000325280
     336.00000000000    1.0000000325280
     337.00000000000    1.0000000325280
     338.00000000000    1.0000000325280
     339.00000000000    1.0000000325280
     340.00000000000    1.0000000325280
     341.00000000000    1.0000000325280
     342.00000000000    1.0000000325280
     343.00000000000    1.0000000325280
     344.00000000000    1.0000000325280
     345.00000000000    1.0000000325280
     346.00000000000    1.0000000325280
     347.00000000000    1.0000000325280
     348.00000000000    1.0000000325280
     349.00000000000    1.0000000325280
     350.00000000000    1.0000000325280
     351.00000000000    1.0000000325280
     352.00000000000    1.0000000325280
     353.00000000000    1.0000000325280
     354.00000000000    1.0000000325280
     355.00000000000    1.0000000325280
     356.00000000000    1.0000000325280
     357.00000000000    1.0000000325280
     358.00000000000    1.0000000325280
     359.00000000000    1.0000000325280
     360.00000000000    1.0000000325280
     361.00000000000    1.0000000325280
     362.00000000000    1.0000000325280
     363.00000000000    1.0000000325280
     364.00000000000    1.0000000325280
     365.00000000000    1.0000000325280
     366.00000000000    1.0000000325280
     367.00000000000    1.0000000325280
     368.00000000000    1.0000000325280
     369.00000000000    1.0000000325280
     370.00000000000    1.0000000325280
     371.00000000000    1.0000000325280
     372.00000000000    1.0000000325280
     373.00000000000    1.0000000325280
     374.00000000000    1.0000000325280
     375.00000000000    1.0000000325280
     376.00000000000    1.0000000325280
     377.00000000000    1.0000000325280
     378.00000000000    1.0000000325280
     379.00000000000    1.0000000325280
     380.00000000000    1.0000000325280
     381.00000000000    1.0000000325280
     382.00000000000    1.0000000325280
     383.00000000000    1.0000000325280
     384.00000000000    1.0000000325280
     385.00000000000    1.0000000325280
     386.00000000000    1.0000000325280
     387.00000000000    1.0000000325280
     388.00000000000    1.0000000325280
     389.00000000000    1.0000000325280
     390.00000000000    1.0000000325280
     391.00000000000    1.0000000325280
     392.00000000000    1.0000000325280
     393.00000000000    1.0000000325280
     394.00000000000    1.0000000325280
     395.00000000000    1.0000000325280
     396.00000000000    1.0000000325280
     397.00000000000    1.0000000325280
     398.00000000000    1.0000000325280
     399.00000000000    1.0000000325280
     400.00000000000    1.0000000325280
     401.00000000000    1.0000000325280
     402.00000000000    1.0000000325280
     403.00000000000    1.0000000325280
     404.00000000000    1.0000000325280
     405.00000000000    1.0000000325280
     406.00000000000    1.0000000325280
     407.00000000000    1.0000000325280
     408.00000000000    1.0000000325280
     409.00000000000    1.0000000325280
     410.00000000000    1.0000000325280
     411.00000000000    1.0000000325280
     412.00000000000    1.0000000325280
     413.00000000000    1.0000000325280
     414.00000000000    1.0000000325280
     415.00000000000    1.0000000325280
     416.00000000000    1.0000000325280
     417.00000000000    1.0000000325280
     418.00000000000    1.0000000325280
     419.00000000000    1.0000000325280
     420.00000000000    1.0000000325280
     421.00000000000    1.0000000325280
     422.00000000000    1.0000000325280
     423.00000000000    1.0000000325280
     424.00000000000    1.0000000325280
     425.00000000000    1.0000000325280
     426.00000000000    1.0000000325280
     427.00000000000    1.0000000325280
     428.00000000000    1.0000000325280
     429.00000000000    1.0000000325280
     430.00000000000    1.0000000325280
     431.00000000000    1.0000000325280
     432.00000000000    1.0000000325280
     433.00000000000    1.0000000325280
     434.00000000000    1.0000000325280
     435.00000000000    1.0000000325280
     436.00000000000    1.0000000325280
     437.00000000000    1.0000000325280
     438.00000000000    1.0000000325280
     439.00000000000    1.0000000325280
     440.00000000000    1.0000000325280
     441.00000000000    1.0000000325280
     442.00000000000    1.0000000325280
     443.00000000000    1.0000000325280
     444.00000000000    1.0000000325280
     445.00000000000    1.0000000325280
     446.00000000000    1.0000000325280
     447.00000000000    1.0000000325280
     448.00000000000    1.0000000325280
     449.00000000000    1.0000000325280
     450.00000000000    1.0000000325280
     451.00000000000    1.0000000325280
     452.00000000000    1.0000000325280
     453.00000000000    1.0000000325280
     454.00000000000    1.0000000325280
     455.00000000000    1.0000000325280
     456.00000000000    1.0000000325280
     457.00000000000    1.0000000325280
     458.00000000000    1.0000000325280
     459.00000000000    1.0000000325280
     460.00000000000    1.0000000325280
     461.00000000000    1.0000000325280
     462.00000000000    1.0000000325280
     463.00000000000    1.0000000325280
     464.00000000000    1.0000000325280
     465.00000000000    1.0000000325280
     466.00000000000    1.0000000325280
     467.00000000000    1.0000000325280
     468.00000000000    1.0000000325280
     469.00000000000    1.0000000325280
     470.00000000000    1.0000000325280
     471.00000000000    1.0000000325280
     472.00000000000    1.0000000325280
     473.00000000000    1.0000000325280
     474.00000000000    1.0000000325280
     475.00000000000    1.0000000325280
     476.00000000000    1.0000000325280
     477.00000000000    1.0000000325280
     478.00000000000    1.0000000325280
     479.00000000000    1.0000000325280
     480.00000000000    1.0000000325280
     481.00000000000    1.0000000325280
     482.00000000000    1.0000000325280
     483.00000000000    1.0000000325280
     484.00000000000    1.0000000325280
     485.00000000000    1.0000000325280
     486.00000000000    1.0000000325280
     487.00000000000    1.0000000325280
     488.00000000000    1.0000000325280
     489.00000000000    1.0000000325280
     490.00000000000    1.0000000325280
     491.00000000000    1.0000000325280
     492.00000000000    1.0000000325280
     493.00000000000    1.0000000325280
     494.00000000000    1.0000000325280
     495.00000000000    1.0000000325280
     496.00000000000    1.0000000325280
     497.00000000000    1.0000000325280
     498.00000000000    1.0000000325280
     499.00000000000    1.0000000325280
     500.00000000000    1.0000000325280
