    -500.00000000000    1.0000000325280
    -499.00000000000    1.0000000325280
    -498.00000000000    1.0000000325280
    -497.00000000000    1.0000000325280
    -496.00000000000    1.0000000325280
    -495.00000000000    1.0000000325280
    -494.00000000000    1.0000000325280
    -493.00000000000    1.0000000325280
    -492.00000000000    1.0000000325280
    -491.00000000000    1.0000000325280
    -490.00000000000    1.0000000325280
    -489.00000000000    1.0000000325280
    -488.00000000000    1.0000000325280
    -487.00000000000    1.0000000325280
    -486.00000000000    1.0000000325280
    -485.00000000000    1.0000000325280
    -484.00000000000    1.0000000325280
    -483.00000000000    1.0000000325280
    -482.00000000000    1.0000000325280
    -481.00000000000    1.0000000325280
    -480.00000000000    1.0000000325280
    -479.00000000000    1.0000000325280
    -478.00000000000    1.0000000325280
    -477.00000000000    1.0000000325280
    -476.00000000000    1.0000000325280
    -475.00000000000    1.0000000325280
    -474.00000000000    1.0000000325280
    -473.00000000000    1.0000000325280
    -472.00000000000    1.0000000325280
    -471.00000000000    1.0000000325280
    -470.00000000000    1.0000000325280
    -469.00000000000    1.0000000325280
    -468.00000000000    1.0000000325280
    -467.00000000000    1.0000000325280
    -466.00000000000    1.0000000325280
    -465.00000000000    1.0000000325280
    -464.00000000000    1.0000000325280
    -463.00000000000    1.0000000325280
    -462.00000000000    1.0000000325280
    -461.00000000000    1.0000000325280
    -460.00000000000    1.0000000325280
    -459.00000000000    1.0000000325280
    -458.00000000000    1.0000000325280
    -457.00000000000    1.0000000325280
    -456.00000000000    1.0000000325280
    -455.00000000000    1.0000000325280
    -454.00000000000    1.0000000325280
    -453.00000000000    1.0000000325280
    -452.00000000000    1.0000000325280
    -451.00000000000    1.0000000325280
    -450.00000000000    1.0000000325280
    -449.00000000000    1.0000000325280
    -448.00000000000    1.0000000325280
    -447.00000000000    1.0000000325280
    -446.00000000000    1.0000000325280
    -445.00000000000    1.0000000325280
    -444.00000000000    1.0000000325280
    -443.00000000000    1.0000000325280
    -442.00000000000    1.0000000325280
    -441.00000000000    1.0000000325280
    -440.00000000000    1.0000000325280
    -439.00000000000    1.0000000325280
    -438.00000000000    1.0000000325280
    -437.00000000000    1.0000000325280
    -436.00000000000    1.0000000325280
    -435.00000000000    1.0000000325280
    -434.00000000000    1.0000000325280
    -433.00000000000    1.0000000325280
    -432.00000000000    1.0000000325280
    -431.00000000000    1.0000000325280
    -430.00000000000    1.0000000325280
    -429.00000000000    1.0000000325280
    -428.00000000000    1.0000000325280
    -427.00000000000    1.0000000325280
    -426.00000000000    1.0000000325280
    -425.00000000000    1.0000000325280
    -424.00000000000    1.0000000325280
    -423.00000000000    1.0000000325280
    -422.00000000000    1.0000000325280
    -421.00000000000    1.0000000325280
    -420.00000000000    1.0000000325280
    -419.00000000000    1.0000000325280
    -418.00000000000    1.0000000325280
    -417.00000000000    1.0000000325280
    -416.00000000000    1.0000000325280
    -415.00000000000    1.0000000325280
    -414.00000000000    1.0000000325280
    -413.00000000000    1.0000000325280
    -412.00000000000    1.0000000325280
    -411.00000000000    1.0000000325280
    -410.00000000000    1.0000000325280
    -409.00000000000    1.0000000325280
    -408.00000000000    1.0000000325280
    -407.00000000000    1.0000000325280
    -406.00000000000    1.0000000325280
    -405.00000000000    1.0000000325280
    -404.00000000000    1.0000000325280
    -403.00000000000    1.0000000325280
    -402.00000000000    1.0000000325280
    -401.00000000000    1.0000000325280
    -400.00000000000    1.0000000325280
    -399.00000000000    1.0000000325280
    -398.00000000000    1.0000000325280
    -397.00000000000    1.0000000325280
    -396.00000000000    1.0000000325280
    -395.00000000000    1.0000000325280
    -394.00000000000    1.0000000325280
    -393.00000000000    1.0000000325280
    -392.00000000000    1.0000000325280
    -391.00000000000    1.0000000325280
    -390.00000000000    1.0000000325280
    -389.00000000000    1.0000000325280
    -388.00000000000    1.0000000325280
    -387.00000000000    1.0000000325280
    -386.00000000000    1.0000000325280
    -385.00000000000    1.0000000325280
    -384.00000000000    1.0000000325280
    -383.00000000000    1.0000000325280
    -382.00000000000    1.0000000325280
    -381.00000000000    1.0000000325280
    -380.00000000000    1.0000000325280
    -379.00000000000    1.0000000325280
    -378.00000000000    1.0000000325280
    -377.00000000000    1.0000000325280
    -376.00000000000    1.0000000325280
    -375.00000000000    1.0000000325280
    -374.00000000000    1.0000000325280
    -373.00000000000    1.0000000325280
    -372.00000000000    1.0000000325280
    -371.00000000000    1.0000000325280
    -370.00000000000    1.0000000325280
    -369.00000000000    1.0000000325280
    -368.00000000000    1.0000000325280
    -367.00000000000    1.0000000325280
    -366.00000000000    1.0000000325280
    -365.00000000000    1.0000000325280
    -364.00000000000    1.0000000325280
    -363.00000000000    1.0000000325280
    -362.00000000000    1.0000000325280
    -361.00000000000    1.0000000325280
    -360.00000000000    1.0000000325280
    -359.00000000000    1.0000000325280
    -358.00000000000    1.0000000325280
    -357.00000000000    1.0000000325280
    -356.00000000000    1.0000000325280
    -355.00000000000    1.0000000325280
    -354.00000000000    1.0000000325280
    -353.00000000000    1.0000000325280
    -352.00000000000    1.0000000325280
    -351.00000000000    1.0000000325280
    -350.00000000000    1.0000000325280
    -349.00000000000    1.0000000325280
    -348.00000000000    1.0000000325280
    -347.00000000000    1.0000000325280
    -346.00000000000    1.0000000325280
    -345.00000000000    1.0000000325280
    -344.00000000000    1.0000000325280
    -343.00000000000    1.0000000325280
    -342.00000000000    1.0000000325280
    -341.00000000000    1.0000000325280
    -340.00000000000    1.0000000325280
    -339.00000000000    1.0000000325280
    -338.00000000000    1.0000000325280
    -337.00000000000    1.0000000325280
    -336.00000000000    1.0000000325280
    -335.00000000000    1.0000000325280
    -334.00000000000    1.0000000325280
    -333.00000000000    1.0000000325280
    -332.00000000000    1.0000000325280
    -331.00000000000    1.0000000325280
    -330.00000000000    1.0000000325280
    -329.00000000000    1.0000000325280
    -328.00000000000    1.0000000325280
    -327.00000000000    1.0000000325280
    -326.00000000000    1.0000000325280
    -325.00000000000    1.0000000325280
    -324.00000000000    1.0000000325280
    -323.00000000000    1.0000000325280
    -322.00000000000    1.0000000325280
    -321.00000000000    1.0000000325280
    -320.00000000000    1.0000000325280
    -319.00000000000    1.0000000325280
    -318.00000000000    1.0000000325280
    -317.00000000000    1.0000000325280
    -316.00000000000    1.0000000325280
    -315.00000000000    1.0000000325280
    -314.00000000000    1.0000000325280
    -313.00000000000    1.0000000325280
    -312.00000000000    1.0000000325280
    -311.00000000000    1.0000000325280
    -310.00000000000    1.0000000325280
    -309.00000000000    1.0000000325280
    -308.00000000000    1.0000000325280
    -307.00000000000    1.0000000325280
    -306.00000000000    1.0000000325280
    -305.00000000000    1.0000000325280
    -304.00000000000    1.0000000325280
    -303.00000000000    1.0000000325280
    -302.00000000000    1.0000000325280
    -301.00000000000    1.0000000325280
    -300.00000000000    1.0000000325280
    -299.00000000000    1.0000000325280
    -298.00000000000    1.0000000325280
    -297.00000000000    1.0000000325280
    -296.00000000000    1.0000000325280
    -295.00000000000    1.0000000325280
    -294.00000000000    1.0000000325280
    -293.00000000000    1.0000000325280
    -292.00000000000    1.0000000325280
    -291.00000000000    1.0000000325280
    -290.00000000000    1.0000000325280
    -289.00000000000    1.0000000325280
    -288.00000000000    1.0000000325280
    -287.00000000000    1.0000000325280
    -286.00000000000    1.0000000325280
    -285.00000000000    1.0000000325280
    -284.00000000000    1.0000000325280
    -283.00000000000    1.0000000325280
    -282.00000000000    1.0000000325280
    -281.00000000000    1.0000000325280
    -280.00000000000    1.0000000325280
    -279.00000000000    1.0000000325280
    -278.00000000000    1.0000000325280
    -277.00000000000    1.0000000325280
    -276.00000000000    1.0000000325280
    -275.00000000000    1.0000000325280
    -274.00000000000    1.0000000325280
    -273.00000000000    1.0000000325280
    -272.00000000000    1.0000000325280
    -271.00000000000    1.0000000325280
    -270.00000000000    1.0000000325280
    -269.00000000000    1.0000000325280
    -268.00000000000    1.0000000325280
    -267.00000000000    1.0000000325280
    -266.00000000000    1.0000000325280
    -265.00000000000    1.0000000325280
    -264.00000000000    1.0000000325280
    -263.00000000000    1.0000000325280
    -262.00000000000    1.0000000325280
    -261.00000000000    1.0000000325280
    -260.00000000000    1.0000000325280
    -259.00000000000    1.0000000325280
    -258.00000000000    1.0000000325280
    -257.00000000000    1.0000000325280
    -256.00000000000    1.0000000325280
    -255.00000000000    1.0000000325280
    -254.00000000000    1.0000000325280
    -253.00000000000    1.0000000325280
    -252.00000000000    1.0000000325280
    -251.00000000000    1.0000000325280
    -250.00000000000    1.0000000325280
    -249.00000000000    1.0000000325280
    -248.00000000000    1.0000000325280
    -247.00000000000    1.0000000325280
    -246.00000000000    1.0000000325280
    -245.00000000000    1.0000000325280
    -244.00000000000    1.0000000325280
    -243.00000000000    1.0000000325280
    -242.00000000000    1.0000000325280
    -241.00000000000    1.0000000325280
    -240.00000000000    1.0000000325280
    -239.00000000000    1.0000000325280
    -238.00000000000    1.0000000325280
    -237.00000000000    1.0000000325280
    -236.00000000000    1.0000000325280
    -235.00000000000    1.0000000325280
    -234.00000000000    1.0000000325280
    -233.00000000000    1.0000000325280
    -232.00000000000    1.0000000325280
    -231.00000000000    1.0000000325280
    -230.00000000000    1.0000000325280
    -229.00000000000    1.0000000325280
    -228.00000000000    1.0000000325280
    -227.00000000000    1.0000000325280
    -226.00000000000    1.0000000325280
    -225.00000000000    1.0000000325280
    -224.00000000000    1.0000000325280
    -223.00000000000    1.0000000325280
    -222.00000000000    1.0000000325280
    -221.00000000000    1.0000000325280
    -220.00000000000    1.0000000325280
    -219.00000000000    1.0000000325280
    -218.00000000000    1.0000000325280
    -217.00000000000    1.0000000325280
    -216.00000000000    1.0000000325280
    -215.00000000000    1.0000000325280
    -214.00000000000    1.0000000325280
    -213.00000000000    1.0000000325280
    -212.00000000000    1.0000000325280
    -211.00000000000    1.0000000325280
    -210.00000000000    1.0000000325280
    -209.00000000000    1.0000000325280
    -208.00000000000    1.0000000325280
    -207.00000000000    1.0000000325280
    -206.00000000000    1.0000000325280
    -205.00000000000    1.0000000325280
    -204.00000000000    1.0000000325280
    -203.00000000000    1.0000000325280
    -202.00000000000    1.0000000325280
    -201.00000000000    1.0000000325280
    -200.00000000000    1.0000000325280
    -199.00000000000    1.0000000325280
    -198.00000000000    1.0000000325280
    -197.00000000000    1.0000000325280
    -196.00000000000    1.0000000325280
    -195.00000000000    1.0000000325280
    -194.00000000000    1.0000000325280
    -193.00000000000    1.0000000325280
    -192.00000000000    1.0000000325280
    -191.00000000000    1.0000000325280
    -190.00000000000    1.0000000325280
    -189.00000000000    1.0000000325280
    -188.00000000000    1.0000000325280
    -187.00000000000    1.0000000325280
    -186.00000000000    1.0000000325280
    -185.00000000000    1.0000000325280
    -184.00000000000    1.0000000325280
    -183.00000000000    1.0000000325280
    -182.00000000000    1.0000000325280
    -181.00000000000    1.0000000325280
    -180.00000000000    1.0000000325280
    -179.00000000000    1.0000000325280
    -178.00000000000    1.0000000325280
    -177.00000000000    1.0000000325280
    -176.00000000000    1.0000000325280
    -175.00000000000    1.0000000325280
    -174.00000000000    1.0000000325280
    -173.00000000000    1.0000000325280
    -172.00000000000    1.0000000325280
    -171.00000000000    1.0000000325280
    -170.00000000000    1.0000000325280
    -169.00000000000    1.0000000325280
    -168.00000000000    1.0000000325280
    -167.00000000000    1.0000000325280
    -166.00000000000    1.0000000325280
    -165.00000000000    1.0000000325280
    -164.00000000000    1.0000000325280
    -163.00000000000    1.0000000325279
    -162.00000000000    1.0000000325277
    -161.00000000000    1.0000000325268
    -160.00000000000    1.0000000325236
    -159.00000000000    1.0000000325121
    -158.00000000000    1.0000000324727
    -157.00000000000    1.0000000323436
    -156.00000000000    1.0000000319387
    -155.00000000000    1.0000000307239
    -154.00000000000    1.0000000272360
    -153.00000000000    1.0000000176510
    -152.00000000000   0.99999999244006
    -151.00000000000   0.99999992896528
    -150.00000000000   0.99999977597181
    -149.00000000000   0.99999942290808
    -148.00000000000   0.99999864272296
    -147.00000000000   0.99999699163592
    -146.00000000000   0.99999364473979
    -145.00000000000   0.99998714498228
    -144.00000000000   0.99997504931589
    -143.00000000000   0.99995347435755
    -142.00000000000   0.99991657786942
    -141.00000000000   0.99985606002604
    -140.00000000000   0.99976082011441
    -139.00000000000   0.99961694158529
    -138.00000000000   0.99940817752924
    -137.00000000000   0.99911704941126
    -136.00000000000   0.99872654916669
    -135.00000000000   0.99822226822011
    -134.00000000000   0.99759461203088
    -133.00000000000   0.99684065473549
    -132.00000000000   0.99596519620567
    -131.00000000000   0.99498072151277
    -130.00000000000   0.99390620200306
    -129.00000000000   0.99276494863729
    -128.00000000000   0.99158194648945
    -127.00000000000   0.99038119629522
    -126.00000000000   0.98918354064232
    -125.00000000000   0.98800528595988
    -124.00000000000   0.98685771065082
    -123.00000000000   0.98574734687571
    -122.00000000000   0.98467679215321
    -121.00000000000   0.98364576660894
    -120.00000000000   0.98265216903639
    -119.00000000000   0.98169296690922
    -118.00000000000   0.98076484618421
    -117.00000000000   0.97986461995545
    -116.00000000000   0.97898943920228
    -115.00000000000   0.97813686512218
    -114.00000000000   0.97730485913193
    -113.00000000000   0.97649173340546
    -112.00000000000   0.97569608959468
    -111.00000000000   0.97491676062279
    -110.00000000000   0.97415276169546
    -109.00000000000   0.97340325166184
    -108.00000000000   0.97266750353849
    -107.00000000000   0.97194488229679
    -106.00000000000   0.97123482808480
   -105.000000000000   0.97053684340772
   -104.000000000000   0.96985048317413
   -103.000000000000   0.96917534683307
   -102.000000000000   0.96851107206054
   -101.000000000000   0.96785732961616
   -100.000000000000   0.96721381910043
    -99.000000000000   0.96658026541731
    -98.000000000000   0.96595641579748
    -97.000000000000   0.96534203727302
    -96.000000000000   0.96473691451983
    -95.000000000000   0.96414084800224
    -94.000000000000   0.96355365236829
    -93.000000000000   0.96297515505442
    -92.000000000000   0.96240519506633
    -91.000000000000   0.96184362190904
    -90.000000000000   0.96129029464384
    -89.000000000000   0.96074508105401
    -88.000000000000   0.96020785690406
    -87.000000000000   0.95967850527966
    -86.000000000000   0.95915691599776
    -85.000000000000   0.95864298507777
    -84.000000000000   0.95813661426616
    -83.000000000000   0.95763771060792
    -82.000000000000   0.95714618605932
    -81.000000000000   0.95666195713716
    -80.000000000000   0.95618494460024
    -79.000000000000   0.95571507315967
    -78.000000000000   0.95525227121463
    -77.000000000000   0.95479647061103
    -76.000000000000   0.95434760642064
    -75.000000000000   0.95390561673853
    -74.000000000000   0.95347044249708
    -73.000000000000   0.95304202729480
    -72.000000000000   0.95262031723869
    -71.000000000000   0.95220526079869
    -70.000000000000   0.95179680867321
    -69.000000000000   0.95139491366470
    -68.000000000000   0.95099953056428
    -67.000000000000   0.95061061604477
    -66.000000000000   0.95022812856124
    -65.000000000000   0.94985202825861
    -64.000000000000   0.94948227688548
    -63.000000000000   0.94911883771394
    -62.000000000000   0.94876167546460
    -61.000000000000   0.94841075623671
    -60.000000000000   0.94806604744268
    -59.000000000000   0.94772751774686
    -58.000000000000   0.94739513700825
    -57.000000000000   0.94706887622665
    -56.000000000000   0.94674870749225
    -55.000000000000   0.94643460393824
    -54.000000000000   0.94612653969626
    -53.000000000000   0.94582448985457
    -52.000000000000   0.94552843041854
    -51.000000000000   0.94523833827361
    -50.000000000000   0.94495419115028
    -49.000000000000   0.94467596759109
    -48.000000000000   0.94440364691951
    -47.000000000000   0.94413720921059
    -46.000000000000   0.94387663526312
    -45.000000000000   0.94362190657347
    -44.000000000000   0.94337300531077
    -43.000000000000   0.94312991429345
    -42.000000000000   0.94289261696705
    -41.000000000000   0.94266109738320
    -40.000000000000   0.94243534017974
    -39.000000000000   0.94221533056190
    -38.000000000000   0.94200105428442
    -37.000000000000   0.94179249763464
    -36.000000000000   0.94158964741652
    -35.000000000000   0.94139249093539
    -34.000000000000   0.94120101598358
    -33.000000000000   0.94101521082677
    -32.000000000000   0.94083506419105
    -31.000000000000   0.94066056525063
    -30.000000000000   0.94049170361626
    -29.000000000000   0.94032846932418
    -28.000000000000   0.94017085282568
    -27.000000000000   0.94001884497726
    -26.000000000000   0.93987243703122
    -25.000000000000   0.93973162062686
    -24.000000000000   0.93959638778204
    -23.000000000000   0.93946673088536
    -22.000000000000   0.93934264268861
    -21.000000000000   0.93922411629977
    -20.000000000000   0.93911114517633
    -19.000000000000   0.93900372311912
    -18.000000000000   0.93890184426633
    -17.000000000000   0.93880550308809
    -16.000000000000   0.93871469438127
    -15.000000000000   0.93862941326466
    -14.000000000000   0.93854965517450
    -13.000000000000   0.93847541586029
    -12.000000000000   0.93840669138094
    -11.000000000000   0.93834347810117
   -10.0000000000000   0.93828577268830
    -9.0000000000000   0.93823357210922
    -8.0000000000000   0.93818687362770
    -7.0000000000000   0.93814567480198
    -6.0000000000000   0.93810997348256
    -5.0000000000000   0.93807976781036
    -4.0000000000000   0.93805505621506
    -3.0000000000000   0.93803583741372
    -2.0000000000000   0.93802211040964
    -1.0000000000000   0.93801387449154
   0.   0.93801112923289
     1.0000000000000   0.93801387449154
     2.0000000000000   0.93802211040964
     3.0000000000000   0.93803583741372
     4.0000000000000   0.93805505621506
     5.0000000000000   0.93807976781036
     6.0000000000000   0.93810997348256
     7.0000000000000   0.93814567480198
     8.0000000000000   0.93818687362770
     9.0000000000000   0.93823357210922
    10.0000000000000   0.93828577268830
     11.000000000000   0.93834347810117
     12.000000000000   0.93840669138094
     13.000000000000   0.93847541586029
     14.000000000000   0.93854965517450
     15.000000000000   0.93862941326466
     16.000000000000   0.93871469438127
     17.000000000000   0.93880550308809
     18.000000000000   0.93890184426633
     19.000000000000   0.93900372311912
     20.000000000000   0.93911114517633
     21.000000000000   0.93922411629976
     22.000000000000   0.93934264268861
     23.000000000000   0.93946673088536
     24.000000000000   0.93959638778204
     25.000000000000   0.93973162062686
     26.000000000000   0.93987243703122
     27.000000000000   0.94001884497726
     28.000000000000   0.94017085282568
     29.000000000000   0.94032846932418
     30.000000000000   0.94049170361626
     31.000000000000   0.94066056525063
     32.000000000000   0.94083506419105
     33.000000000000   0.94101521082677
     34.000000000000   0.94120101598358
     35.000000000000   0.94139249093539
     36.000000000000   0.94158964741652
     37.000000000000   0.94179249763464
     38.000000000000   0.94200105428442
     39.000000000000   0.94221533056190
     40.000000000000   0.94243534017974
     41.000000000000   0.94266109738320
     42.000000000000   0.94289261696705
     43.000000000000   0.94312991429345
     44.000000000000   0.94337300531077
     45.000000000000   0.94362190657347
     46.000000000000   0.94387663526311
     47.000000000000   0.94413720921059
     48.000000000000   0.94440364691951
     49.000000000000   0.94467596759109
     50.000000000000   0.94495419115028
     51.000000000000   0.94523833827361
     52.000000000000   0.94552843041854
     53.000000000000   0.94582448985457
     54.000000000000   0.94612653969627
     55.000000000000   0.94643460393824
     56.000000000000   0.94674870749225
     57.000000000000   0.94706887622665
     58.000000000000   0.94739513700825
     59.000000000000   0.94772751774686
     60.000000000000   0.94806604744268
     61.000000000000   0.94841075623671
     62.000000000000   0.94876167546460
     63.000000000000   0.94911883771394
     64.000000000000   0.94948227688548
     65.000000000000   0.94985202825861
     66.000000000000   0.95022812856124
     67.000000000000   0.95061061604477
     68.000000000000   0.95099953056428
     69.000000000000   0.95139491366470
     70.000000000000   0.95179680867321
     71.000000000000   0.95220526079869
     72.000000000000   0.95262031723869
     73.000000000000   0.95304202729480
     74.000000000000   0.95347044249708
     75.000000000000   0.95390561673853
     76.000000000000   0.95434760642064
     77.000000000000   0.95479647061103
     78.000000000000   0.95525227121463
     79.000000000000   0.95571507315967
     80.000000000000   0.95618494460024
     81.000000000000   0.95666195713716
     82.000000000000   0.95714618605932
     83.000000000000   0.95763771060792
     84.000000000000   0.95813661426616
     85.000000000000   0.95864298507777
     86.000000000000   0.95915691599776
     87.000000000000   0.95967850527966
     88.000000000000   0.96020785690406
     89.000000000000   0.96074508105401
     90.000000000000   0.96129029464384
     91.000000000000   0.96184362190904
     92.000000000000   0.96240519506633
     93.000000000000   0.96297515505442
     94.000000000000   0.96355365236829
     95.000000000000   0.96414084800224
     96.000000000000   0.96473691451983
     97.000000000000   0.96534203727302
     98.000000000000   0.96595641579747
     99.000000000000   0.96658026541731
    100.000000000000   0.96721381910043
    101.000000000000   0.96785732961616
    102.000000000000   0.96851107206054
    103.000000000000   0.96917534683307
    104.000000000000   0.96985048317413
    105.000000000000   0.97053684340772
     106.00000000000   0.97123482808480
     107.00000000000   0.97194488229679
     108.00000000000   0.97266750353849
     109.00000000000   0.97340325166184
     110.00000000000   0.97415276169546
     111.00000000000   0.97491676062279
     112.00000000000   0.97569608959468
     113.00000000000   0.97649173340546
     114.00000000000   0.97730485913193
     115.00000000000   0.97813686512218
     116.00000000000   0.97898943920228
     117.00000000000   0.97986461995545
     118.00000000000   0.98076484618421
     119.00000000000   0.98169296690922
     120.00000000000   0.98265216903639
     121.00000000000   0.98364576660894
     122.00000000000   0.98467679215321
     123.00000000000   0.98574734687571
     124.00000000000   0.98685771065081
     125.00000000000   0.98800528595988
     126.00000000000   0.98918354064232
     127.00000000000   0.99038119629522
     128.00000000000   0.99158194648945
     129.00000000000   0.99276494863729
     130.00000000000   0.99390620200306
     131.00000000000   0.99498072151277
     132.00000000000   0.99596519620567
     133.00000000000   0.99684065473549
     134.00000000000   0.99759461203088
     135.00000000000   0.99822226822010
     136.00000000000   0.99872654916669
     137.00000000000   0.99911704941126
     138.00000000000   0.99940817752924
     139.00000000000   0.99961694158529
     140.00000000000   0.99976082011441
     141.00000000000   0.99985606002604
     142.00000000000   0.99991657786942
     143.00000000000   0.99995347435755
     144.00000000000   0.99997504931589
     145.00000000000   0.99998714498228
     146.00000000000   0.99999364473979
     147.00000000000   0.99999699163592
     148.00000000000   0.99999864272296
     149.00000000000   0.99999942290808
     150.00000000000   0.99999977597181
     151.00000000000   0.99999992896528
     152.00000000000   0.99999999244006
     153.00000000000    1.0000000176510
     154.00000000000    1.0000000272360
     155.00000000000    1.0000000307239
     156.00000000000    1.0000000319387
     157.00000000000    1.0000000323436
     158.00000000000    1.0000000324727
     159.00000000000    1.0000000325121
     160.00000000000    1.0000000325236
     161.00000000000    1.0000000325268
     162.00000000000    1.0000000325277
     163.00000000000    1.0000000325279
     164.00000000000    1.0000000325280
     165.00000000000    1.0000000325280
     166.00000000000    1.0000000325280
     167.00000000000    1.0000000325280
     168.00000000000    1.0000000325280
     169.00000000000    1.0000000325280
     170.00000000000    1.0000000325280
     171.00000000000    1.0000000325280
     172.00000000000    1.0000000325280
     173.00000000000    1.0000000325280
     174.00000000000    1.0000000325280
     175.00000000000    1.0000000325280
     176.00000000000    1.0000000325280
     177.00000000000    1.0000000325280
     178.00000000000    1.0000000325280
     179.00000000000    1.0000000325280
     180.00000000000    1.0000000325280
     181.00000000000    1.0000000325280
     182.00000000000    1.0000000325280
     183.00000000000    1.0000000325280
     184.00000000000    1.0000000325280
     185.00000000000    1.0000000325280
     186.00000000000    1.0000000325280
     187.00000000000    1.0000000325280
     188.00000000000    1.0000000325280
     189.00000000000    1.0000000325280
     190.00000000000    1.0000000325280
     191.00000000000    1.0000000325280
     192.00000000000    1.0000000325280
     193.00000000000    1.0000000325280
     194.00000000000    1.0000000325280
     195.00000000000    1.0000000325280
     196.00000000000    1.0000000325280
     197.00000000000    1.0000000325280
     198.00000000000    1.0000000325280
     199.00000000000    1.0000000325280
     200.00000000000    1.0000000325280
     201.00000000000    1.0000000325280
     202.00000000000    1.0000000325280
     203.00000000000    1.0000000325280
     204.00000000000    1.0000000325280
     205.00000000000    1.0000000325280
     206.00000000000    1.0000000325280
     207.00000000000    1.0000000325280
     208.00000000000    1.0000000325280
     209.00000000000    1.0000000325280
     210.00000000000    1.0000000325280
     211.00000000000    1.0000000325280
     212.00000000000    1.0000000325280
     213.00000000000    1.0000000325280
     214.00000000000    1.0000000325280
     215.00000000000    1.0000000325280
     216.00000000000    1.0000000325280
     217.00000000000    1.0000000325280
     218.00000000000    1.0000000325280
     219.00000000000    1.0000000325280
     220.00000000000    1.0000000325280
     221.00000000000    1.0000000325280
     222.00000000000    1.0000000325280
     223.00000000000    1.0000000325280
     224.00000000000    1.0000000325280
     225.00000000000    1.0000000325280
     226.00000000000    1.0000000325280
     227.00000000000    1.0000000325280
     228.00000000000    1.0000000325280
     229.00000000000    1.0000000325280
     230.00000000000    1.0000000325280
     231.00000000000    1.0000000325280
     232.00000000000    1.0000000325280
     233.00000000000    1.0000000325280
     234.00000000000    1.0000000325280
     235.00000000000    1.0000000325280
     236.00000000000    1.0000000325280
     237.00000000000    1.0000000325280
     238.00000000000    1.0000000325280
     239.00000000000    1.0000000325280
     240.00000000000    1.0000000325280
     241.00000000000    1.0000000325280
     242.00000000000    1.0000000325280
     243.00000000000    1.0000000325280
     244.00000000000    1.0000000325280
     245.00000000000    1.0000000325280
     246.00000000000    1.0000000325280
     247.00000000000    1.0000000325280
     248.00000000000    1.0000000325280
     249.00000000000    1.0000000325280
     250.00000000000    1.0000000325280
     251.00000000000    1.0000000325280
     252.00000000000    1.0000000325280
     253.00000000000    1.0000000325280
     254.00000000000    1.0000000325280
     255.00000000000    1.0000000325280
     256.00000000000    1.0000000325280
     257.00000000000    1.0000000325280
     258.00000000000    1.0000000325280
     259.00000000000    1.0000000325280
     260.00000000000    1.0000000325280
     261.00000000000    1.0000000325280
     262.00000000000    1.0000000325280
     263.00000000000    1.0000000325280
     264.00000000000    1.0000000325280
     265.00000000000    1.0000000325280
     266.00000000000    1.0000000325280
     267.00000000000    1.0000000325280
     268.00000000000    1.0000000325280
     269.00000000000    1.0000000325280
     270.00000000000    1.0000000325280
     271.00000000000    1.0000000325280
     272.00000000000    1.0000000325280
     273.00000000000    1.0000000325280
     274.00000000000    1.0000000325280
     275.00000000000    1.0000000325280
     276.00000000000    1.0000000325280
     277.00000000000    1.0000000325280
     278.00000000000    1.0000000325280
     279.00000000000    1.0000000325280
     280.00000000000    1.0000000325280
     281.00000000000    1.0000000325280
     282.00000000000    1.0000000325280
     283.00000000000    1.0000000325280
     284.00000000000    1.0000000325280
     285.00000000000    1.0000000325280
     286.00000000000    1.0000000325280
     287.00000000000    1.0000000325280
     288.00000000000    1.0000000325280
     289.00000000000    1.0000000325280
     290.00000000000    1.0000000325280
     291.00000000000    1.0000000325280
     292.00000000000    1.0000000325280
     293.00000000000    1.0000000325280
     294.00000000000    1.0000000325280
     295.00000000000    1.0000000325280
     296.00000000000    1.0000000325280
     297.00000000000    1.0000000325280
     298.00000000000    1.0000000325280
     299.00000000000    1.0000000325280
     300.00000000000    1.0000000325280
     301.00000000000    1.0000000325280
     302.00000000000    1.0000000325280
     303.00000000000    1.0000000325280
     304.00000000000    1.0000000325280
     305.00000000000    1.0000000325280
     306.00000000000    1.0000000325280
     307.00000000000    1.0000000325280
     308.00000000000    1.0000000325280
     309.00000000000    1.0000000325280
     310.00000000000    1.0000000325280
     311.00000000000    1.0000000325280
     312.00000000000    1.0000000325280
     313.00000000000    1.0000000325280
     314.00000000000    1.0000000325280
     315.00000000000    1.0000000325280
     316.00000000000    1.0000000325280
     317.00000000000    1.0000000325280
     318.00000000000    1.0000000325280
     319.00000000000    1.0000000325280
     320.00000000000    1.0000000325280
     321.00000000000    1.0000000325280
     322.00000000000    1.0000000325280
     323.00000000000    1.0000000325280
     324.00000000000    1.0000000325280
     325.00000000000    1.0000000325280
     326.00000000000    1.0000000325280
     327.00000000000    1.0000000325280
     328.00000000000    1.0000000325280
     329.00000000000    1.0000000325280
     330.00000000000    1.0000000325280
     331.00000000000    1.0000000325280
     332.00000000000    1.0000000325280
     333.00000000000    1.0000000325280
     334.00000000000    1.0000000325280
     335.00000000000    1.0000000325280
     336.00000000000    1.0000000325280
     337.00000000000    1.0000000325280
     338.00000000000    1.0000000325280
     339.00000000000    1.0000000325280
     340.00000000000    1.0000000325280
     341.00000000000    1.0000000325280
     342.00000000000    1.0000000325280
     343.00000000000    1.0000000325280
     344.00000000000    1.0000000325280
     345.00000000000    1.0000000325280
     346.00000000000    1.0000000325280
     347.00000000000    1.0000000325280
     348.00000000000    1.0000000325280
     349.00000000000    1.0000000325280
     350.00000000000    1.0000000325280
     351.00000000000    1.0000000325280
     352.00000000000    1.0000000325280
     353.00000000000    1.0000000325280
     354.00000000000    1.0000000325280
     355.00000000000    1.0000000325280
     356.00000000000    1.0000000325280
     357.00000000000    1.0000000325280
     358.00000000000    1.0000000325280
     359.00000000000    1.0000000325280
     360.00000000000    1.0000000325280
     361.00000000000    1.0000000325280
     362.00000000000    1.0000000325280
     363.00000000000    1.0000000325280
     364.00000000000    1.0000000325280
     365.00000000000    1.0000000325280
     366.00000000000    1.0000000325280
     367.00000000000    1.0000000325280
     368.00000000000    1.0000000325280
     369.00000000000    1.0000000325280
     370.00000000000    1.0000000325280
     371.00000000000    1.0000000325280
     372.00000000000    1.0000000325280
     373.00000000000    1.0000000325280
     374.00000000000    1.0000000325280
     375.00000000000    1.0000000325280
     376.00000000000    1.0000000325280
     377.00000000000    1.0000000325280
     378.00000000000    1.0000000325280
     379.00000000000    1.0000000325280
     380.00000000000    1.0000000325280
     381.00000000000    1.0000000325280
     382.00000000000    1.0000000325280
     383.00000000000    1.0000000325280
     384.00000000000    1.0000000325280
     385.00000000000    1.0000000325280
     386.00000000000    1.0000000325280
     387.00000000000    1.0000000325280
     388.00000000000    1.0000000325280
     389.00000000000    1.0000000325280
     390.00000000000    1.0000000325280
     391.00000000000    1.0000000325280
     392.00000000000    1.0000000325280
     393.00000000000    1.0000000325280
     394.00000000000    1.0000000325280
     395.00000000000    1.0000000325280
     396.00000000000    1.0000000325280
     397.00000000000    1.0000000325280
     398.00000000000    1.0000000325280
     399.00000000000    1.0000000325280
     400.00000000000    1.0000000325280
     401.00000000000    1.0000000325280
     402.00000000000    1.0000000325280
     403.00000000000    1.0000000325280
     404.00000000000    1.0000000325280
     405.00000000000    1.0000000325280
     406.00000000000    1.0000000325280
     407.00000000000    1.0000000325280
     408.00000000000    1.0000000325280
     409.00000000000    1.0000000325280
     410.00000000000    1.0000000325280
     411.00000000000    1.0000000325280
     412.00000000000    1.0000000325280
     413.00000000000    1.0000000325280
     414.00000000000    1.0000000325280
     415.00000000000    1.0000000325280
     416.00000000000    1.0000000325280
     417.00000000000    1.0000000325280
     418.00000000000    1.0000000325280
     419.00000000000    1.0000000325280
     420.00000000000    1.0000000325280
     421.00000000000    1.0000000325280
     422.00000000000    1.0000000325280
     423.00000000000    1.0000000325280
     424.00000000000    1.0000000325280
     425.00000000000    1.0000000325280
     426.00000000000    1.0000000325280
     427.00000000000    1.0000000325280
     428.00000000000    1.0000000325280
     429.00000000000    1.0000000325280
     430.00000000000    1.0000000325280
     431.00000000000    1.0000000325280
     432.00000000000    1.0000000325280
     433.00000000000    1.0000000325280
     434.00000000000    1.0000000325280
     435.00000000000    1.0000000325280
     436.00000000000    1.0000000325280
     437.00000000000    1.0000000325280
     438.00000000000    1.0000000325280
     439.00000000000    1.0000000325280
     440.00000000000    1.0000000325280
     441.00000000000    1.0000000325280
     442.00000000000    1.0000000325280
     443.00000000000    1.0000000325280
     444.00000000000    1.0000000325280
     445.00000000000    1.0000000325280
     446.00000000000    1.0000000325280
     447.00000000000    1.0000000325280
     448.00000000000    1.0000000325280
     449.00000000000    1.0000000325280
     450.00000000000    1.0000000325280
     451.00000000000    1.0000000325280
     452.00000000000    1.0000000325280
     453.00000000000    1.0000000325280
     454.00000000000    1.0000000325280
     455.00000000000    1.0000000325280
     456.00000000000    1.0000000325280
     457.00000000000    1.0000000325280
     458.00000000000    1.0000000325280
     459.00000000000    1.0000000325280
     460.00000000000    1.0000000325280
     461.00000000000    1.0000000325280
     462.00000000000    1.0000000325280
     463.00000000000    1.0000000325280
     464.00000000000    1.0000000325280
     465.00000000000    1.0000000325280
     466.00000000000    1.0000000325280
     467.00000000000    1.0000000325280
     468.00000000000    1.0000000325280
     469.00000000000    1.0000000325280
     470.00000000000    1.0000000325280
     471.00000000000    1.0000000325280
     472.00000000000    1.0000000325280
     473.00000000000    1.0000000325280
     474.00000000000    1.0000000325280
     475.00000000000    1.0000000325280
     476.00000000000    1.0000000325280
     477.00000000000    1.0000000325280
     478.00000000000    1.0000000325280
     479.00000000000    1.0000000325280
     480.00000000000    1.0000000325280
     481.00000000000    1.0000000325280
     482.00000000000    1.0000000325280
     483.00000000000    1.0000000325280
     484.00000000000    1.0000000325280
     485.00000000000    1.0000000325280
     486.00000000000    1.0000000325280
     487.00000000000    1.0000000325280
     488.00000000000    1.0000000325280
     489.00000000000    1.0000000325280
     490.00000000000    1.0000000325280
     491.00000000000    1.0000000325280
     492.00000000000    1.0000000325280
     493.00000000000    1.0000000325280
     494.00000000000    1.0000000325280
     495.00000000000    1.0000000325280
     496.00000000000    1.0000000325280
     497.00000000000    1.0000000325280
     498.00000000000    1.0000000325280
     499.00000000000    1.0000000325280
     500.00000000000    1.0000000325280
