    -500.00000000000    1.0000000325280
    -499.00000000000    1.0000000325280
    -498.00000000000    1.0000000325280
    -497.00000000000    1.0000000325280
    -496.00000000000    1.0000000325280
    -495.00000000000    1.0000000325280
    -494.00000000000    1.0000000325280
    -493.00000000000    1.0000000325280
    -492.00000000000    1.0000000325280
    -491.00000000000    1.0000000325280
    -490.00000000000    1.0000000325280
    -489.00000000000    1.0000000325280
    -488.00000000000    1.0000000325280
    -487.00000000000    1.0000000325280
    -486.00000000000    1.0000000325280
    -485.00000000000    1.0000000325280
    -484.00000000000    1.0000000325280
    -483.00000000000    1.0000000325280
    -482.00000000000    1.0000000325280
    -481.00000000000    1.0000000325280
    -480.00000000000    1.0000000325280
    -479.00000000000    1.0000000325280
    -478.00000000000    1.0000000325280
    -477.00000000000    1.0000000325280
    -476.00000000000    1.0000000325280
    -475.00000000000    1.0000000325280
    -474.00000000000    1.0000000325280
    -473.00000000000    1.0000000325280
    -472.00000000000    1.0000000325280
    -471.00000000000    1.0000000325280
    -470.00000000000    1.0000000325280
    -469.00000000000    1.0000000325280
    -468.00000000000    1.0000000325280
    -467.00000000000    1.0000000325280
    -466.00000000000    1.0000000325280
    -465.00000000000    1.0000000325280
    -464.00000000000    1.0000000325280
    -463.00000000000    1.0000000325280
    -462.00000000000    1.0000000325280
    -461.00000000000    1.0000000325280
    -460.00000000000    1.0000000325280
    -459.00000000000    1.0000000325280
    -458.00000000000    1.0000000325280
    -457.00000000000    1.0000000325280
    -456.00000000000    1.0000000325280
    -455.00000000000    1.0000000325280
    -454.00000000000    1.0000000325280
    -453.00000000000    1.0000000325280
    -452.00000000000    1.0000000325280
    -451.00000000000    1.0000000325280
    -450.00000000000    1.0000000325280
    -449.00000000000    1.0000000325280
    -448.00000000000    1.0000000325280
    -447.00000000000    1.0000000325280
    -446.00000000000    1.0000000325280
    -445.00000000000    1.0000000325280
    -444.00000000000    1.0000000325280
    -443.00000000000    1.0000000325280
    -442.00000000000    1.0000000325280
    -441.00000000000    1.0000000325280
    -440.00000000000    1.0000000325280
    -439.00000000000    1.0000000325280
    -438.00000000000    1.0000000325280
    -437.00000000000    1.0000000325280
    -436.00000000000    1.0000000325280
    -435.00000000000    1.0000000325280
    -434.00000000000    1.0000000325280
    -433.00000000000    1.0000000325280
    -432.00000000000    1.0000000325280
    -431.00000000000    1.0000000325280
    -430.00000000000    1.0000000325280
    -429.00000000000    1.0000000325280
    -428.00000000000    1.0000000325280
    -427.00000000000    1.0000000325280
    -426.00000000000    1.0000000325280
    -425.00000000000    1.0000000325280
    -424.00000000000    1.0000000325280
    -423.00000000000    1.0000000325280
    -422.00000000000    1.0000000325280
    -421.00000000000    1.0000000325280
    -420.00000000000    1.0000000325280
    -419.00000000000    1.0000000325280
    -418.00000000000    1.0000000325280
    -417.00000000000    1.0000000325280
    -416.00000000000    1.0000000325280
    -415.00000000000    1.0000000325280
    -414.00000000000    1.0000000325280
    -413.00000000000    1.0000000325280
    -412.00000000000    1.0000000325280
    -411.00000000000    1.0000000325280
    -410.00000000000    1.0000000325280
    -409.00000000000    1.0000000325280
    -408.00000000000    1.0000000325280
    -407.00000000000    1.0000000325280
    -406.00000000000    1.0000000325280
    -405.00000000000    1.0000000325280
    -404.00000000000    1.0000000325280
    -403.00000000000    1.0000000325280
    -402.00000000000    1.0000000325280
    -401.00000000000    1.0000000325280
    -400.00000000000    1.0000000325280
    -399.00000000000    1.0000000325280
    -398.00000000000    1.0000000325280
    -397.00000000000    1.0000000325280
    -396.00000000000    1.0000000325280
    -395.00000000000    1.0000000325280
    -394.00000000000    1.0000000325280
    -393.00000000000    1.0000000325280
    -392.00000000000    1.0000000325280
    -391.00000000000    1.0000000325280
    -390.00000000000    1.0000000325280
    -389.00000000000    1.0000000325280
    -388.00000000000    1.0000000325280
    -387.00000000000    1.0000000325280
    -386.00000000000    1.0000000325280
    -385.00000000000    1.0000000325280
    -384.00000000000    1.0000000325280
    -383.00000000000    1.0000000325280
    -382.00000000000    1.0000000325280
    -381.00000000000    1.0000000325280
    -380.00000000000    1.0000000325280
    -379.00000000000    1.0000000325280
    -378.00000000000    1.0000000325280
    -377.00000000000    1.0000000325280
    -376.00000000000    1.0000000325280
    -375.00000000000    1.0000000325280
    -374.00000000000    1.0000000325280
    -373.00000000000    1.0000000325280
    -372.00000000000    1.0000000325280
    -371.00000000000    1.0000000325280
    -370.00000000000    1.0000000325280
    -369.00000000000    1.0000000325280
    -368.00000000000    1.0000000325280
    -367.00000000000    1.0000000325280
    -366.00000000000    1.0000000325280
    -365.00000000000    1.0000000325280
    -364.00000000000    1.0000000325280
    -363.00000000000    1.0000000325280
    -362.00000000000    1.0000000325280
    -361.00000000000    1.0000000325280
    -360.00000000000    1.0000000325280
    -359.00000000000    1.0000000325280
    -358.00000000000    1.0000000325280
    -357.00000000000    1.0000000325280
    -356.00000000000    1.0000000325280
    -355.00000000000    1.0000000325280
    -354.00000000000    1.0000000325280
    -353.00000000000    1.0000000325280
    -352.00000000000    1.0000000325280
    -351.00000000000    1.0000000325280
    -350.00000000000    1.0000000325280
    -349.00000000000    1.0000000325280
    -348.00000000000    1.0000000325280
    -347.00000000000    1.0000000325280
    -346.00000000000    1.0000000325280
    -345.00000000000    1.0000000325280
    -344.00000000000    1.0000000325280
    -343.00000000000    1.0000000325280
    -342.00000000000    1.0000000325280
    -341.00000000000    1.0000000325280
    -340.00000000000    1.0000000325280
    -339.00000000000    1.0000000325280
    -338.00000000000    1.0000000325280
    -337.00000000000    1.0000000325280
    -336.00000000000    1.0000000325280
    -335.00000000000    1.0000000325280
    -334.00000000000    1.0000000325280
    -333.00000000000    1.0000000325280
    -332.00000000000    1.0000000325280
    -331.00000000000    1.0000000325280
    -330.00000000000    1.0000000325280
    -329.00000000000    1.0000000325280
    -328.00000000000    1.0000000325280
    -327.00000000000    1.0000000325280
    -326.00000000000    1.0000000325280
    -325.00000000000    1.0000000325280
    -324.00000000000    1.0000000325280
    -323.00000000000    1.0000000325280
    -322.00000000000    1.0000000325280
    -321.00000000000    1.0000000325280
    -320.00000000000    1.0000000325280
    -319.00000000000    1.0000000325280
    -318.00000000000    1.0000000325280
    -317.00000000000    1.0000000325280
    -316.00000000000    1.0000000325280
    -315.00000000000    1.0000000325280
    -314.00000000000    1.0000000325280
    -313.00000000000    1.0000000325280
    -312.00000000000    1.0000000325280
    -311.00000000000    1.0000000325280
    -310.00000000000    1.0000000325280
    -309.00000000000    1.0000000325280
    -308.00000000000    1.0000000325280
    -307.00000000000    1.0000000325280
    -306.00000000000    1.0000000325280
    -305.00000000000    1.0000000325280
    -304.00000000000    1.0000000325280
    -303.00000000000    1.0000000325280
    -302.00000000000    1.0000000325280
    -301.00000000000    1.0000000325280
    -300.00000000000    1.0000000325280
    -299.00000000000    1.0000000325280
    -298.00000000000    1.0000000325280
    -297.00000000000    1.0000000325280
    -296.00000000000    1.0000000325280
    -295.00000000000    1.0000000325280
    -294.00000000000    1.0000000325280
    -293.00000000000    1.0000000325280
    -292.00000000000    1.0000000325280
    -291.00000000000    1.0000000325280
    -290.00000000000    1.0000000325280
    -289.00000000000    1.0000000325280
    -288.00000000000    1.0000000325280
    -287.00000000000    1.0000000325280
    -286.00000000000    1.0000000325280
    -285.00000000000    1.0000000325280
    -284.00000000000    1.0000000325280
    -283.00000000000    1.0000000325280
    -282.00000000000    1.0000000325280
    -281.00000000000    1.0000000325280
    -280.00000000000    1.0000000325280
    -279.00000000000    1.0000000325280
    -278.00000000000    1.0000000325280
    -277.00000000000    1.0000000325280
    -276.00000000000    1.0000000325280
    -275.00000000000    1.0000000325280
    -274.00000000000    1.0000000325280
    -273.00000000000    1.0000000325280
    -272.00000000000    1.0000000325280
    -271.00000000000    1.0000000325280
    -270.00000000000    1.0000000325280
    -269.00000000000    1.0000000325280
    -268.00000000000    1.0000000325280
    -267.00000000000    1.0000000325280
    -266.00000000000    1.0000000325280
    -265.00000000000    1.0000000325280
    -264.00000000000    1.0000000325280
    -263.00000000000    1.0000000325280
    -262.00000000000    1.0000000325280
    -261.00000000000    1.0000000325280
    -260.00000000000    1.0000000325280
    -259.00000000000    1.0000000325280
    -258.00000000000    1.0000000325280
    -257.00000000000    1.0000000325280
    -256.00000000000    1.0000000325280
    -255.00000000000    1.0000000325280
    -254.00000000000    1.0000000325280
    -253.00000000000    1.0000000325280
    -252.00000000000    1.0000000325280
    -251.00000000000    1.0000000325280
    -250.00000000000    1.0000000325280
    -249.00000000000    1.0000000325280
    -248.00000000000    1.0000000325280
    -247.00000000000    1.0000000325280
    -246.00000000000    1.0000000325280
    -245.00000000000    1.0000000325280
    -244.00000000000    1.0000000325280
    -243.00000000000    1.0000000325280
    -242.00000000000    1.0000000325280
    -241.00000000000    1.0000000325280
    -240.00000000000    1.0000000325280
    -239.00000000000    1.0000000325280
    -238.00000000000    1.0000000325280
    -237.00000000000    1.0000000325280
    -236.00000000000    1.0000000325280
    -235.00000000000    1.0000000325280
    -234.00000000000    1.0000000325280
    -233.00000000000    1.0000000325280
    -232.00000000000    1.0000000325280
    -231.00000000000    1.0000000325280
    -230.00000000000    1.0000000325280
    -229.00000000000    1.0000000325280
    -228.00000000000    1.0000000325280
    -227.00000000000    1.0000000325280
    -226.00000000000    1.0000000325280
    -225.00000000000    1.0000000325280
    -224.00000000000    1.0000000325280
    -223.00000000000    1.0000000325280
    -222.00000000000    1.0000000325280
    -221.00000000000    1.0000000325280
    -220.00000000000    1.0000000325280
    -219.00000000000    1.0000000325280
    -218.00000000000    1.0000000325280
    -217.00000000000    1.0000000325280
    -216.00000000000    1.0000000325280
    -215.00000000000    1.0000000325280
    -214.00000000000    1.0000000325280
    -213.00000000000    1.0000000325280
    -212.00000000000    1.0000000325280
    -211.00000000000    1.0000000325280
    -210.00000000000    1.0000000325280
    -209.00000000000    1.0000000325280
    -208.00000000000    1.0000000325280
    -207.00000000000    1.0000000325280
    -206.00000000000    1.0000000325280
    -205.00000000000    1.0000000325280
    -204.00000000000    1.0000000325280
    -203.00000000000    1.0000000325280
    -202.00000000000    1.0000000325280
    -201.00000000000    1.0000000325280
    -200.00000000000    1.0000000325280
    -199.00000000000    1.0000000325280
    -198.00000000000    1.0000000325280
    -197.00000000000    1.0000000325280
    -196.00000000000    1.0000000325280
    -195.00000000000    1.0000000325280
    -194.00000000000    1.0000000325280
    -193.00000000000    1.0000000325280
    -192.00000000000    1.0000000325280
    -191.00000000000    1.0000000325280
    -190.00000000000    1.0000000325280
    -189.00000000000    1.0000000325280
    -188.00000000000    1.0000000325280
    -187.00000000000    1.0000000325280
    -186.00000000000    1.0000000325280
    -185.00000000000    1.0000000325280
    -184.00000000000    1.0000000325280
    -183.00000000000    1.0000000325280
    -182.00000000000    1.0000000325280
    -181.00000000000    1.0000000325280
    -180.00000000000    1.0000000325280
    -179.00000000000    1.0000000325280
    -178.00000000000    1.0000000325280
    -177.00000000000    1.0000000325280
    -176.00000000000    1.0000000325280
    -175.00000000000    1.0000000325280
    -174.00000000000    1.0000000325280
    -173.00000000000    1.0000000325280
    -172.00000000000    1.0000000325280
    -171.00000000000    1.0000000325280
    -170.00000000000    1.0000000325280
    -169.00000000000    1.0000000325280
    -168.00000000000    1.0000000325280
    -167.00000000000    1.0000000325280
    -166.00000000000    1.0000000325280
    -165.00000000000    1.0000000325280
    -164.00000000000    1.0000000325280
    -163.00000000000    1.0000000325280
    -162.00000000000    1.0000000325280
    -161.00000000000    1.0000000325280
    -160.00000000000    1.0000000325280
    -159.00000000000    1.0000000325280
    -158.00000000000    1.0000000325280
    -157.00000000000    1.0000000325280
    -156.00000000000    1.0000000325280
    -155.00000000000    1.0000000325280
    -154.00000000000    1.0000000325280
    -153.00000000000    1.0000000325280
    -152.00000000000    1.0000000325280
    -151.00000000000    1.0000000325280
    -150.00000000000    1.0000000325280
    -149.00000000000    1.0000000325280
    -148.00000000000    1.0000000325280
    -147.00000000000    1.0000000325280
    -146.00000000000    1.0000000325280
    -145.00000000000    1.0000000325280
    -144.00000000000    1.0000000325280
    -143.00000000000    1.0000000325280
    -142.00000000000    1.0000000325280
    -141.00000000000    1.0000000325280
    -140.00000000000    1.0000000325280
    -139.00000000000    1.0000000325280
    -138.00000000000    1.0000000325280
    -137.00000000000    1.0000000325280
    -136.00000000000    1.0000000325280
    -135.00000000000    1.0000000325280
    -134.00000000000    1.0000000325280
    -133.00000000000    1.0000000325280
    -132.00000000000    1.0000000325280
    -131.00000000000    1.0000000325280
    -130.00000000000    1.0000000325280
    -129.00000000000    1.0000000325280
    -128.00000000000    1.0000000325280
    -127.00000000000    1.0000000325280
    -126.00000000000    1.0000000325280
    -125.00000000000    1.0000000325280
    -124.00000000000    1.0000000325280
    -123.00000000000    1.0000000325280
    -122.00000000000    1.0000000325280
    -121.00000000000    1.0000000325280
    -120.00000000000    1.0000000325280
    -119.00000000000    1.0000000325280
    -118.00000000000    1.0000000325280
    -117.00000000000    1.0000000325280
    -116.00000000000    1.0000000325280
    -115.00000000000    1.0000000325280
    -114.00000000000    1.0000000325280
    -113.00000000000    1.0000000325280
    -112.00000000000    1.0000000325280
    -111.00000000000    1.0000000325280
    -110.00000000000    1.0000000325280
    -109.00000000000    1.0000000325280
    -108.00000000000    1.0000000325280
    -107.00000000000    1.0000000325280
    -106.00000000000    1.0000000325280
   -105.000000000000    1.0000000325280
   -104.000000000000    1.0000000325280
   -103.000000000000    1.0000000325280
   -102.000000000000    1.0000000325280
   -101.000000000000    1.0000000325280
   -100.000000000000    1.0000000325280
    -99.000000000000    1.0000000325280
    -98.000000000000    1.0000000325280
    -97.000000000000    1.0000000325280
    -96.000000000000    1.0000000325279
    -95.000000000000    1.0000000325278
    -94.000000000000    1.0000000325271
    -93.000000000000    1.0000000325244
    -92.000000000000    1.0000000325144
    -91.000000000000    1.0000000324786
    -90.000000000000    1.0000000323557
    -89.000000000000    1.0000000319529
    -88.000000000000    1.0000000306889
    -87.000000000000    1.0000000268936
    -86.000000000000    1.0000000159875
    -85.000000000000   0.99999998599223
    -84.000000000000   0.99999990702825
    -83.000000000000   0.99999970803471
    -82.000000000000   0.99999922793910
    -81.000000000000   0.99999811890178
    -80.000000000000   0.99999566559564
    -79.000000000000   0.99999046791416
    -78.000000000000   0.99997991933135
    -77.000000000000   0.99995940818470
    -76.000000000000   0.99992118784760
    -75.000000000000   0.99985291938676
    -74.000000000000   0.99973599725162
    -73.000000000000   0.99954392015826
    -72.000000000000   0.99924113596948
    -71.000000000000   0.99878291320605
    -70.000000000000   0.99811679736417
    -69.000000000000   0.99718603134352
    -68.000000000000   0.99593493653969
    -67.000000000000   0.99431572295066
    -66.000000000000   0.99229566392403
    -65.000000000000   0.98986322196377
    -64.000000000000   0.98703171146810
    -63.000000000000   0.98383949729978
    -62.000000000000   0.98034647323489
    -61.000000000000   0.97662742802774
    -60.000000000000   0.97276361903622
    -59.000000000000   0.96883421301392
    -58.000000000000   0.96490913479849
    -57.000000000000   0.96104436291612
    -56.000000000000   0.95728002166289
    -55.000000000000   0.95364097005475
    -54.000000000000   0.95013915299133
    -53.000000000000   0.94677682831836
    -52.000000000000   0.94354988031578
    -51.000000000000   0.94045067577933
    -50.000000000000   0.93747020092778
    -49.000000000000   0.93459945136443
    -48.000000000000   0.93183019360595
    -47.000000000000   0.92915527569756
    -46.000000000000   0.92656866017384
    -45.000000000000   0.92406531527389
    -44.000000000000   0.92164105451616
    -43.000000000000   0.91929237513016
    -42.000000000000   0.91701631796220
    -41.000000000000   0.91481035497381
    -40.000000000000   0.91267230240667
    -39.000000000000   0.91060025482835
    -38.000000000000   0.90859253505202
    -37.000000000000   0.90664765573957
    -36.000000000000   0.90476428952205
    -35.000000000000   0.90294124536298
    -34.000000000000   0.90117744956246
    -33.000000000000   0.89947193027347
    -32.000000000000   0.89782380472596
    -31.000000000000   0.89623226857383
    -30.000000000000   0.89469658693176
    -29.000000000000   0.89321608677432
    -28.000000000000   0.89179015044569
    -27.000000000000   0.89041821008382
    -26.000000000000   0.88909974280370
    -25.000000000000   0.88783426651617
    -24.000000000000   0.88662133628219
    -23.000000000000   0.88546054112133
    -22.000000000000   0.88435150120810
    -21.000000000000   0.88329386540092
    -20.000000000000   0.88228730905826
    -19.000000000000   0.88133153210389
    -18.000000000000   0.88042625730903
    -17.000000000000   0.87957122876471
    -16.000000000000   0.87876621052122
    -15.000000000000   0.87801098537545
    -14.000000000000   0.87730535378935
    -13.000000000000   0.87664913292551
    -12.000000000000   0.87604215578754
    -11.000000000000   0.87548427045499
   -10.0000000000000   0.87497533940367
    -9.0000000000000   0.87451523890372
    -8.0000000000000   0.87410385848890
    -7.0000000000000   0.87374110049120
    -6.0000000000000   0.87342687963614
    -5.0000000000000   0.87316112269440
    -4.0000000000000   0.87294376818653
    -3.0000000000000   0.87277476613763
    -2.0000000000000   0.87265407787980
    -1.0000000000000   0.87258167590031
   0.   0.87255754373422
     1.0000000000000   0.87258167590031
     2.0000000000000   0.87265407787980
     3.0000000000000   0.87277476613763
     4.0000000000000   0.87294376818653
     5.0000000000000   0.87316112269440
     6.0000000000000   0.87342687963614
     7.0000000000000   0.87374110049120
     8.0000000000000   0.87410385848890
     9.0000000000000   0.87451523890372
    10.0000000000000   0.87497533940367
     11.000000000000   0.87548427045499
     12.000000000000   0.87604215578754
     13.000000000000   0.87664913292551
     14.000000000000   0.87730535378935
     15.000000000000   0.87801098537545
     16.000000000000   0.87876621052122
     17.000000000000   0.87957122876471
     18.000000000000   0.88042625730903
     19.000000000000   0.88133153210389
     20.000000000000   0.88228730905826
     21.000000000000   0.88329386540092
     22.000000000000   0.88435150120810
     23.000000000000   0.88546054112133
     24.000000000000   0.88662133628219
     25.000000000000   0.88783426651617
     26.000000000000   0.88909974280370
     27.000000000000   0.89041821008382
     28.000000000000   0.89179015044569
     29.000000000000   0.89321608677432
     30.000000000000   0.89469658693176
     31.000000000000   0.89623226857383
     32.000000000000   0.89782380472596
     33.000000000000   0.89947193027347
     34.000000000000   0.90117744956246
     35.000000000000   0.90294124536298
     36.000000000000   0.90476428952204
     37.000000000000   0.90664765573957
     38.000000000000   0.90859253505202
     39.000000000000   0.91060025482835
     40.000000000000   0.91267230240667
     41.000000000000   0.91481035497381
     42.000000000000   0.91701631796220
     43.000000000000   0.91929237513016
     44.000000000000   0.92164105451616
     45.000000000000   0.92406531527389
     46.000000000000   0.92656866017384
     47.000000000000   0.92915527569756
     48.000000000000   0.93183019360595
     49.000000000000   0.93459945136443
     50.000000000000   0.93747020092778
     51.000000000000   0.94045067577933
     52.000000000000   0.94354988031578
     53.000000000000   0.94677682831836
     54.000000000000   0.95013915299133
     55.000000000000   0.95364097005475
     56.000000000000   0.95728002166289
     57.000000000000   0.96104436291612
     58.000000000000   0.96490913479849
     59.000000000000   0.96883421301392
     60.000000000000   0.97276361903622
     61.000000000000   0.97662742802774
     62.000000000000   0.98034647323489
     63.000000000000   0.98383949729978
     64.000000000000   0.98703171146810
     65.000000000000   0.98986322196377
     66.000000000000   0.99229566392403
     67.000000000000   0.99431572295066
     68.000000000000   0.99593493653969
     69.000000000000   0.99718603134352
     70.000000000000   0.99811679736417
     71.000000000000   0.99878291320605
     72.000000000000   0.99924113596948
     73.000000000000   0.99954392015826
     74.000000000000   0.99973599725162
     75.000000000000   0.99985291938676
     76.000000000000   0.99992118784760
     77.000000000000   0.99995940818470
     78.000000000000   0.99997991933135
     79.000000000000   0.99999046791416
     80.000000000000   0.99999566559564
     81.000000000000   0.99999811890178
     82.000000000000   0.99999922793910
     83.000000000000   0.99999970803471
     84.000000000000   0.99999990702825
     85.000000000000   0.99999998599223
     86.000000000000    1.0000000159875
     87.000000000000    1.0000000268936
     88.000000000000    1.0000000306889
     89.000000000000    1.0000000319529
     90.000000000000    1.0000000323557
     91.000000000000    1.0000000324786
     92.000000000000    1.0000000325144
     93.000000000000    1.0000000325244
     94.000000000000    1.0000000325271
     95.000000000000    1.0000000325278
     96.000000000000    1.0000000325279
     97.000000000000    1.0000000325280
     98.000000000000    1.0000000325280
     99.000000000000    1.0000000325280
    100.000000000000    1.0000000325280
    101.000000000000    1.0000000325280
    102.000000000000    1.0000000325280
    103.000000000000    1.0000000325280
    104.000000000000    1.0000000325280
    105.000000000000    1.0000000325280
     106.00000000000    1.0000000325280
     107.00000000000    1.0000000325280
     108.00000000000    1.0000000325280
     109.00000000000    1.0000000325280
     110.00000000000    1.0000000325280
     111.00000000000    1.0000000325280
     112.00000000000    1.0000000325280
     113.00000000000    1.0000000325280
     114.00000000000    1.0000000325280
     115.00000000000    1.0000000325280
     116.00000000000    1.0000000325280
     117.00000000000    1.0000000325280
     118.00000000000    1.0000000325280
     119.00000000000    1.0000000325280
     120.00000000000    1.0000000325280
     121.00000000000    1.0000000325280
     122.00000000000    1.0000000325280
     123.00000000000    1.0000000325280
     124.00000000000    1.0000000325280
     125.00000000000    1.0000000325280
     126.00000000000    1.0000000325280
     127.00000000000    1.0000000325280
     128.00000000000    1.0000000325280
     129.00000000000    1.0000000325280
     130.00000000000    1.0000000325280
     131.00000000000    1.0000000325280
     132.00000000000    1.0000000325280
     133.00000000000    1.0000000325280
     134.00000000000    1.0000000325280
     135.00000000000    1.0000000325280
     136.00000000000    1.0000000325280
     137.00000000000    1.0000000325280
     138.00000000000    1.0000000325280
     139.00000000000    1.0000000325280
     140.00000000000    1.0000000325280
     141.00000000000    1.0000000325280
     142.00000000000    1.0000000325280
     143.00000000000    1.0000000325280
     144.00000000000    1.0000000325280
     145.00000000000    1.0000000325280
     146.00000000000    1.0000000325280
     147.00000000000    1.0000000325280
     148.00000000000    1.0000000325280
     149.00000000000    1.0000000325280
     150.00000000000    1.0000000325280
     151.00000000000    1.0000000325280
     152.00000000000    1.0000000325280
     153.00000000000    1.0000000325280
     154.00000000000    1.0000000325280
     155.00000000000    1.0000000325280
     156.00000000000    1.0000000325280
     157.00000000000    1.0000000325280
     158.00000000000    1.0000000325280
     159.00000000000    1.0000000325280
     160.00000000000    1.0000000325280
     161.00000000000    1.0000000325280
     162.00000000000    1.0000000325280
     163.00000000000    1.0000000325280
     164.00000000000    1.0000000325280
     165.00000000000    1.0000000325280
     166.00000000000    1.0000000325280
     167.00000000000    1.0000000325280
     168.00000000000    1.0000000325280
     169.00000000000    1.0000000325280
     170.00000000000    1.0000000325280
     171.00000000000    1.0000000325280
     172.00000000000    1.0000000325280
     173.00000000000    1.0000000325280
     174.00000000000    1.0000000325280
     175.00000000000    1.0000000325280
     176.00000000000    1.0000000325280
     177.00000000000    1.0000000325280
     178.00000000000    1.0000000325280
     179.00000000000    1.0000000325280
     180.00000000000    1.0000000325280
     181.00000000000    1.0000000325280
     182.00000000000    1.0000000325280
     183.00000000000    1.0000000325280
     184.00000000000    1.0000000325280
     185.00000000000    1.0000000325280
     186.00000000000    1.0000000325280
     187.00000000000    1.0000000325280
     188.00000000000    1.0000000325280
     189.00000000000    1.0000000325280
     190.00000000000    1.0000000325280
     191.00000000000    1.0000000325280
     192.00000000000    1.0000000325280
     193.00000000000    1.0000000325280
     194.00000000000    1.0000000325280
     195.00000000000    1.0000000325280
     196.00000000000    1.0000000325280
     197.00000000000    1.0000000325280
     198.00000000000    1.0000000325280
     199.00000000000    1.0000000325280
     200.00000000000    1.0000000325280
     201.00000000000    1.0000000325280
     202.00000000000    1.0000000325280
     203.00000000000    1.0000000325280
     204.00000000000    1.0000000325280
     205.00000000000    1.0000000325280
     206.00000000000    1.0000000325280
     207.00000000000    1.0000000325280
     208.00000000000    1.0000000325280
     209.00000000000    1.0000000325280
     210.00000000000    1.0000000325280
     211.00000000000    1.0000000325280
     212.00000000000    1.0000000325280
     213.00000000000    1.0000000325280
     214.00000000000    1.0000000325280
     215.00000000000    1.0000000325280
     216.00000000000    1.0000000325280
     217.00000000000    1.0000000325280
     218.00000000000    1.0000000325280
     219.00000000000    1.0000000325280
     220.00000000000    1.0000000325280
     221.00000000000    1.0000000325280
     222.00000000000    1.0000000325280
     223.00000000000    1.0000000325280
     224.00000000000    1.0000000325280
     225.00000000000    1.0000000325280
     226.00000000000    1.0000000325280
     227.00000000000    1.0000000325280
     228.00000000000    1.0000000325280
     229.00000000000    1.0000000325280
     230.00000000000    1.0000000325280
     231.00000000000    1.0000000325280
     232.00000000000    1.0000000325280
     233.00000000000    1.0000000325280
     234.00000000000    1.0000000325280
     235.00000000000    1.0000000325280
     236.00000000000    1.0000000325280
     237.00000000000    1.0000000325280
     238.00000000000    1.0000000325280
     239.00000000000    1.0000000325280
     240.00000000000    1.0000000325280
     241.00000000000    1.0000000325280
     242.00000000000    1.0000000325280
     243.00000000000    1.0000000325280
     244.00000000000    1.0000000325280
     245.00000000000    1.0000000325280
     246.00000000000    1.0000000325280
     247.00000000000    1.0000000325280
     248.00000000000    1.0000000325280
     249.00000000000    1.0000000325280
     250.00000000000    1.0000000325280
     251.00000000000    1.0000000325280
     252.00000000000    1.0000000325280
     253.00000000000    1.0000000325280
     254.00000000000    1.0000000325280
     255.00000000000    1.0000000325280
     256.00000000000    1.0000000325280
     257.00000000000    1.0000000325280
     258.00000000000    1.0000000325280
     259.00000000000    1.0000000325280
     260.00000000000    1.0000000325280
     261.00000000000    1.0000000325280
     262.00000000000    1.0000000325280
     263.00000000000    1.0000000325280
     264.00000000000    1.0000000325280
     265.00000000000    1.0000000325280
     266.00000000000    1.0000000325280
     267.00000000000    1.0000000325280
     268.00000000000    1.0000000325280
     269.00000000000    1.0000000325280
     270.00000000000    1.0000000325280
     271.00000000000    1.0000000325280
     272.00000000000    1.0000000325280
     273.00000000000    1.0000000325280
     274.00000000000    1.0000000325280
     275.00000000000    1.0000000325280
     276.00000000000    1.0000000325280
     277.00000000000    1.0000000325280
     278.00000000000    1.0000000325280
     279.00000000000    1.0000000325280
     280.00000000000    1.0000000325280
     281.00000000000    1.0000000325280
     282.00000000000    1.0000000325280
     283.00000000000    1.0000000325280
     284.00000000000    1.0000000325280
     285.00000000000    1.0000000325280
     286.00000000000    1.0000000325280
     287.00000000000    1.0000000325280
     288.00000000000    1.0000000325280
     289.00000000000    1.0000000325280
     290.00000000000    1.0000000325280
     291.00000000000    1.0000000325280
     292.00000000000    1.0000000325280
     293.00000000000    1.0000000325280
     294.00000000000    1.0000000325280
     295.00000000000    1.0000000325280
     296.00000000000    1.0000000325280
     297.00000000000    1.0000000325280
     298.00000000000    1.0000000325280
     299.00000000000    1.0000000325280
     300.00000000000    1.0000000325280
     301.00000000000    1.0000000325280
     302.00000000000    1.0000000325280
     303.00000000000    1.0000000325280
     304.00000000000    1.0000000325280
     305.00000000000    1.0000000325280
     306.00000000000    1.0000000325280
     307.00000000000    1.0000000325280
     308.00000000000    1.0000000325280
     309.00000000000    1.0000000325280
     310.00000000000    1.0000000325280
     311.00000000000    1.0000000325280
     312.00000000000    1.0000000325280
     313.00000000000    1.0000000325280
     314.00000000000    1.0000000325280
     315.00000000000    1.0000000325280
     316.00000000000    1.0000000325280
     317.00000000000    1.0000000325280
     318.00000000000    1.0000000325280
     319.00000000000    1.0000000325280
     320.00000000000    1.0000000325280
     321.00000000000    1.0000000325280
     322.00000000000    1.0000000325280
     323.00000000000    1.0000000325280
     324.00000000000    1.0000000325280
     325.00000000000    1.0000000325280
     326.00000000000    1.0000000325280
     327.00000000000    1.0000000325280
     328.00000000000    1.0000000325280
     329.00000000000    1.0000000325280
     330.00000000000    1.0000000325280
     331.00000000000    1.0000000325280
     332.00000000000    1.0000000325280
     333.00000000000    1.0000000325280
     334.00000000000    1.0000000325280
     335.00000000000    1.0000000325280
     336.00000000000    1.0000000325280
     337.00000000000    1.0000000325280
     338.00000000000    1.0000000325280
     339.00000000000    1.0000000325280
     340.00000000000    1.0000000325280
     341.00000000000    1.0000000325280
     342.00000000000    1.0000000325280
     343.00000000000    1.0000000325280
     344.00000000000    1.0000000325280
     345.00000000000    1.0000000325280
     346.00000000000    1.0000000325280
     347.00000000000    1.0000000325280
     348.00000000000    1.0000000325280
     349.00000000000    1.0000000325280
     350.00000000000    1.0000000325280
     351.00000000000    1.0000000325280
     352.00000000000    1.0000000325280
     353.00000000000    1.0000000325280
     354.00000000000    1.0000000325280
     355.00000000000    1.0000000325280
     356.00000000000    1.0000000325280
     357.00000000000    1.0000000325280
     358.00000000000    1.0000000325280
     359.00000000000    1.0000000325280
     360.00000000000    1.0000000325280
     361.00000000000    1.0000000325280
     362.00000000000    1.0000000325280
     363.00000000000    1.0000000325280
     364.00000000000    1.0000000325280
     365.00000000000    1.0000000325280
     366.00000000000    1.0000000325280
     367.00000000000    1.0000000325280
     368.00000000000    1.0000000325280
     369.00000000000    1.0000000325280
     370.00000000000    1.0000000325280
     371.00000000000    1.0000000325280
     372.00000000000    1.0000000325280
     373.00000000000    1.0000000325280
     374.00000000000    1.0000000325280
     375.00000000000    1.0000000325280
     376.00000000000    1.0000000325280
     377.00000000000    1.0000000325280
     378.00000000000    1.0000000325280
     379.00000000000    1.0000000325280
     380.00000000000    1.0000000325280
     381.00000000000    1.0000000325280
     382.00000000000    1.0000000325280
     383.00000000000    1.0000000325280
     384.00000000000    1.0000000325280
     385.00000000000    1.0000000325280
     386.00000000000    1.0000000325280
     387.00000000000    1.0000000325280
     388.00000000000    1.0000000325280
     389.00000000000    1.0000000325280
     390.00000000000    1.0000000325280
     391.00000000000    1.0000000325280
     392.00000000000    1.0000000325280
     393.00000000000    1.0000000325280
     394.00000000000    1.0000000325280
     395.00000000000    1.0000000325280
     396.00000000000    1.0000000325280
     397.00000000000    1.0000000325280
     398.00000000000    1.0000000325280
     399.00000000000    1.0000000325280
     400.00000000000    1.0000000325280
     401.00000000000    1.0000000325280
     402.00000000000    1.0000000325280
     403.00000000000    1.0000000325280
     404.00000000000    1.0000000325280
     405.00000000000    1.0000000325280
     406.00000000000    1.0000000325280
     407.00000000000    1.0000000325280
     408.00000000000    1.0000000325280
     409.00000000000    1.0000000325280
     410.00000000000    1.0000000325280
     411.00000000000    1.0000000325280
     412.00000000000    1.0000000325280
     413.00000000000    1.0000000325280
     414.00000000000    1.0000000325280
     415.00000000000    1.0000000325280
     416.00000000000    1.0000000325280
     417.00000000000    1.0000000325280
     418.00000000000    1.0000000325280
     419.00000000000    1.0000000325280
     420.00000000000    1.0000000325280
     421.00000000000    1.0000000325280
     422.00000000000    1.0000000325280
     423.00000000000    1.0000000325280
     424.00000000000    1.0000000325280
     425.00000000000    1.0000000325280
     426.00000000000    1.0000000325280
     427.00000000000    1.0000000325280
     428.00000000000    1.0000000325280
     429.00000000000    1.0000000325280
     430.00000000000    1.0000000325280
     431.00000000000    1.0000000325280
     432.00000000000    1.0000000325280
     433.00000000000    1.0000000325280
     434.00000000000    1.0000000325280
     435.00000000000    1.0000000325280
     436.00000000000    1.0000000325280
     437.00000000000    1.0000000325280
     438.00000000000    1.0000000325280
     439.00000000000    1.0000000325280
     440.00000000000    1.0000000325280
     441.00000000000    1.0000000325280
     442.00000000000    1.0000000325280
     443.00000000000    1.0000000325280
     444.00000000000    1.0000000325280
     445.00000000000    1.0000000325280
     446.00000000000    1.0000000325280
     447.00000000000    1.0000000325280
     448.00000000000    1.0000000325280
     449.00000000000    1.0000000325280
     450.00000000000    1.0000000325280
     451.00000000000    1.0000000325280
     452.00000000000    1.0000000325280
     453.00000000000    1.0000000325280
     454.00000000000    1.0000000325280
     455.00000000000    1.0000000325280
     456.00000000000    1.0000000325280
     457.00000000000    1.0000000325280
     458.00000000000    1.0000000325280
     459.00000000000    1.0000000325280
     460.00000000000    1.0000000325280
     461.00000000000    1.0000000325280
     462.00000000000    1.0000000325280
     463.00000000000    1.0000000325280
     464.00000000000    1.0000000325280
     465.00000000000    1.0000000325280
     466.00000000000    1.0000000325280
     467.00000000000    1.0000000325280
     468.00000000000    1.0000000325280
     469.00000000000    1.0000000325280
     470.00000000000    1.0000000325280
     471.00000000000    1.0000000325280
     472.00000000000    1.0000000325280
     473.00000000000    1.0000000325280
     474.00000000000    1.0000000325280
     475.00000000000    1.0000000325280
     476.00000000000    1.0000000325280
     477.00000000000    1.0000000325280
     478.00000000000    1.0000000325280
     479.00000000000    1.0000000325280
     480.00000000000    1.0000000325280
     481.00000000000    1.0000000325280
     482.00000000000    1.0000000325280
     483.00000000000    1.0000000325280
     484.00000000000    1.0000000325280
     485.00000000000    1.0000000325280
     486.00000000000    1.0000000325280
     487.00000000000    1.0000000325280
     488.00000000000    1.0000000325280
     489.00000000000    1.0000000325280
     490.00000000000    1.0000000325280
     491.00000000000    1.0000000325280
     492.00000000000    1.0000000325280
     493.00000000000    1.0000000325280
     494.00000000000    1.0000000325280
     495.00000000000    1.0000000325280
     496.00000000000    1.0000000325280
     497.00000000000    1.0000000325280
     498.00000000000    1.0000000325280
     499.00000000000    1.0000000325280
     500.00000000000    1.0000000325280
