    -500.00000000000    1.0000000325280
    -499.00000000000    1.0000000325280
    -498.00000000000    1.0000000325280
    -497.00000000000    1.0000000325280
    -496.00000000000    1.0000000325280
    -495.00000000000    1.0000000325280
    -494.00000000000    1.0000000325280
    -493.00000000000    1.0000000325280
    -492.00000000000    1.0000000325280
    -491.00000000000    1.0000000325280
    -490.00000000000    1.0000000325280
    -489.00000000000    1.0000000325280
    -488.00000000000    1.0000000325280
    -487.00000000000    1.0000000325280
    -486.00000000000    1.0000000325280
    -485.00000000000    1.0000000325280
    -484.00000000000    1.0000000325280
    -483.00000000000    1.0000000325280
    -482.00000000000    1.0000000325280
    -481.00000000000    1.0000000325280
    -480.00000000000    1.0000000325280
    -479.00000000000    1.0000000325280
    -478.00000000000    1.0000000325280
    -477.00000000000    1.0000000325280
    -476.00000000000    1.0000000325280
    -475.00000000000    1.0000000325280
    -474.00000000000    1.0000000325280
    -473.00000000000    1.0000000325280
    -472.00000000000    1.0000000325280
    -471.00000000000    1.0000000325280
    -470.00000000000    1.0000000325280
    -469.00000000000    1.0000000325280
    -468.00000000000    1.0000000325280
    -467.00000000000    1.0000000325280
    -466.00000000000    1.0000000325280
    -465.00000000000    1.0000000325280
    -464.00000000000    1.0000000325280
    -463.00000000000    1.0000000325280
    -462.00000000000    1.0000000325280
    -461.00000000000    1.0000000325280
    -460.00000000000    1.0000000325280
    -459.00000000000    1.0000000325280
    -458.00000000000    1.0000000325280
    -457.00000000000    1.0000000325280
    -456.00000000000    1.0000000325280
    -455.00000000000    1.0000000325280
    -454.00000000000    1.0000000325280
    -453.00000000000    1.0000000325280
    -452.00000000000    1.0000000325280
    -451.00000000000    1.0000000325280
    -450.00000000000    1.0000000325280
    -449.00000000000    1.0000000325280
    -448.00000000000    1.0000000325280
    -447.00000000000    1.0000000325280
    -446.00000000000    1.0000000325280
    -445.00000000000    1.0000000325280
    -444.00000000000    1.0000000325280
    -443.00000000000    1.0000000325280
    -442.00000000000    1.0000000325280
    -441.00000000000    1.0000000325280
    -440.00000000000    1.0000000325280
    -439.00000000000    1.0000000325280
    -438.00000000000    1.0000000325280
    -437.00000000000    1.0000000325280
    -436.00000000000    1.0000000325280
    -435.00000000000    1.0000000325280
    -434.00000000000    1.0000000325280
    -433.00000000000    1.0000000325280
    -432.00000000000    1.0000000325280
    -431.00000000000    1.0000000325280
    -430.00000000000    1.0000000325280
    -429.00000000000    1.0000000325280
    -428.00000000000    1.0000000325280
    -427.00000000000    1.0000000325280
    -426.00000000000    1.0000000325280
    -425.00000000000    1.0000000325280
    -424.00000000000    1.0000000325280
    -423.00000000000    1.0000000325280
    -422.00000000000    1.0000000325280
    -421.00000000000    1.0000000325280
    -420.00000000000    1.0000000325280
    -419.00000000000    1.0000000325280
    -418.00000000000    1.0000000325280
    -417.00000000000    1.0000000325280
    -416.00000000000    1.0000000325280
    -415.00000000000    1.0000000325280
    -414.00000000000    1.0000000325280
    -413.00000000000    1.0000000325280
    -412.00000000000    1.0000000325280
    -411.00000000000    1.0000000325280
    -410.00000000000    1.0000000325280
    -409.00000000000    1.0000000325280
    -408.00000000000    1.0000000325280
    -407.00000000000    1.0000000325280
    -406.00000000000    1.0000000325280
    -405.00000000000    1.0000000325280
    -404.00000000000    1.0000000325280
    -403.00000000000    1.0000000325280
    -402.00000000000    1.0000000325280
    -401.00000000000    1.0000000325280
    -400.00000000000    1.0000000325280
    -399.00000000000    1.0000000325280
    -398.00000000000    1.0000000325280
    -397.00000000000    1.0000000325280
    -396.00000000000    1.0000000325280
    -395.00000000000    1.0000000325280
    -394.00000000000    1.0000000325280
    -393.00000000000    1.0000000325280
    -392.00000000000    1.0000000325280
    -391.00000000000    1.0000000325280
    -390.00000000000    1.0000000325280
    -389.00000000000    1.0000000325280
    -388.00000000000    1.0000000325280
    -387.00000000000    1.0000000325280
    -386.00000000000    1.0000000325280
    -385.00000000000    1.0000000325280
    -384.00000000000    1.0000000325280
    -383.00000000000    1.0000000325280
    -382.00000000000    1.0000000325280
    -381.00000000000    1.0000000325280
    -380.00000000000    1.0000000325280
    -379.00000000000    1.0000000325280
    -378.00000000000    1.0000000325280
    -377.00000000000    1.0000000325280
    -376.00000000000    1.0000000325280
    -375.00000000000    1.0000000325280
    -374.00000000000    1.0000000325280
    -373.00000000000    1.0000000325280
    -372.00000000000    1.0000000325280
    -371.00000000000    1.0000000325280
    -370.00000000000    1.0000000325280
    -369.00000000000    1.0000000325280
    -368.00000000000    1.0000000325280
    -367.00000000000    1.0000000325280
    -366.00000000000    1.0000000325280
    -365.00000000000    1.0000000325280
    -364.00000000000    1.0000000325280
    -363.00000000000    1.0000000325280
    -362.00000000000    1.0000000325280
    -361.00000000000    1.0000000325280
    -360.00000000000    1.0000000325280
    -359.00000000000    1.0000000325280
    -358.00000000000    1.0000000325280
    -357.00000000000    1.0000000325280
    -356.00000000000    1.0000000325280
    -355.00000000000    1.0000000325280
    -354.00000000000    1.0000000325280
    -353.00000000000    1.0000000325280
    -352.00000000000    1.0000000325280
    -351.00000000000    1.0000000325280
    -350.00000000000    1.0000000325280
    -349.00000000000    1.0000000325280
    -348.00000000000    1.0000000325280
    -347.00000000000    1.0000000325280
    -346.00000000000    1.0000000325280
    -345.00000000000    1.0000000325280
    -344.00000000000    1.0000000325280
    -343.00000000000    1.0000000325280
    -342.00000000000    1.0000000325280
    -341.00000000000    1.0000000325280
    -340.00000000000    1.0000000325280
    -339.00000000000    1.0000000325280
    -338.00000000000    1.0000000325280
    -337.00000000000    1.0000000325280
    -336.00000000000    1.0000000325280
    -335.00000000000    1.0000000325280
    -334.00000000000    1.0000000325280
    -333.00000000000    1.0000000325280
    -332.00000000000    1.0000000325280
    -331.00000000000    1.0000000325280
    -330.00000000000    1.0000000325280
    -329.00000000000    1.0000000325280
    -328.00000000000    1.0000000325280
    -327.00000000000    1.0000000325280
    -326.00000000000    1.0000000325280
    -325.00000000000    1.0000000325280
    -324.00000000000    1.0000000325280
    -323.00000000000    1.0000000325280
    -322.00000000000    1.0000000325280
    -321.00000000000    1.0000000325280
    -320.00000000000    1.0000000325280
    -319.00000000000    1.0000000325280
    -318.00000000000    1.0000000325280
    -317.00000000000    1.0000000325280
    -316.00000000000    1.0000000325280
    -315.00000000000    1.0000000325280
    -314.00000000000    1.0000000325280
    -313.00000000000    1.0000000325280
    -312.00000000000    1.0000000325280
    -311.00000000000    1.0000000325280
    -310.00000000000    1.0000000325280
    -309.00000000000    1.0000000325280
    -308.00000000000    1.0000000325280
    -307.00000000000    1.0000000325280
    -306.00000000000    1.0000000325280
    -305.00000000000    1.0000000325280
    -304.00000000000    1.0000000325280
    -303.00000000000    1.0000000325280
    -302.00000000000    1.0000000325280
    -301.00000000000    1.0000000325280
    -300.00000000000    1.0000000325280
    -299.00000000000    1.0000000325280
    -298.00000000000    1.0000000325280
    -297.00000000000    1.0000000325280
    -296.00000000000    1.0000000325280
    -295.00000000000    1.0000000325280
    -294.00000000000    1.0000000325280
    -293.00000000000    1.0000000325280
    -292.00000000000    1.0000000325280
    -291.00000000000    1.0000000325280
    -290.00000000000    1.0000000325280
    -289.00000000000    1.0000000325280
    -288.00000000000    1.0000000325280
    -287.00000000000    1.0000000325280
    -286.00000000000    1.0000000325280
    -285.00000000000    1.0000000325280
    -284.00000000000    1.0000000325280
    -283.00000000000    1.0000000325280
    -282.00000000000    1.0000000325280
    -281.00000000000    1.0000000325280
    -280.00000000000    1.0000000325280
    -279.00000000000    1.0000000325280
    -278.00000000000    1.0000000325280
    -277.00000000000    1.0000000325280
    -276.00000000000    1.0000000325280
    -275.00000000000    1.0000000325280
    -274.00000000000    1.0000000325280
    -273.00000000000    1.0000000325280
    -272.00000000000    1.0000000325280
    -271.00000000000    1.0000000325280
    -270.00000000000    1.0000000325280
    -269.00000000000    1.0000000325280
    -268.00000000000    1.0000000325280
    -267.00000000000    1.0000000325280
    -266.00000000000    1.0000000325280
    -265.00000000000    1.0000000325280
    -264.00000000000    1.0000000325280
    -263.00000000000    1.0000000325280
    -262.00000000000    1.0000000325280
    -261.00000000000    1.0000000325280
    -260.00000000000    1.0000000325280
    -259.00000000000    1.0000000325280
    -258.00000000000    1.0000000325280
    -257.00000000000    1.0000000325280
    -256.00000000000    1.0000000325280
    -255.00000000000    1.0000000325280
    -254.00000000000    1.0000000325280
    -253.00000000000    1.0000000325280
    -252.00000000000    1.0000000325280
    -251.00000000000    1.0000000325280
    -250.00000000000    1.0000000325280
    -249.00000000000    1.0000000325280
    -248.00000000000    1.0000000325280
    -247.00000000000    1.0000000325280
    -246.00000000000    1.0000000325280
    -245.00000000000    1.0000000325280
    -244.00000000000    1.0000000325280
    -243.00000000000    1.0000000325280
    -242.00000000000    1.0000000325280
    -241.00000000000    1.0000000325280
    -240.00000000000    1.0000000325280
    -239.00000000000    1.0000000325280
    -238.00000000000    1.0000000325280
    -237.00000000000    1.0000000325280
    -236.00000000000    1.0000000325280
    -235.00000000000    1.0000000325280
    -234.00000000000    1.0000000325280
    -233.00000000000    1.0000000325280
    -232.00000000000    1.0000000325280
    -231.00000000000    1.0000000325280
    -230.00000000000    1.0000000325280
    -229.00000000000    1.0000000325280
    -228.00000000000    1.0000000325280
    -227.00000000000    1.0000000325280
    -226.00000000000    1.0000000325280
    -225.00000000000    1.0000000325280
    -224.00000000000    1.0000000325280
    -223.00000000000    1.0000000325280
    -222.00000000000    1.0000000325280
    -221.00000000000    1.0000000325280
    -220.00000000000    1.0000000325280
    -219.00000000000    1.0000000325280
    -218.00000000000    1.0000000325280
    -217.00000000000    1.0000000325280
    -216.00000000000    1.0000000325280
    -215.00000000000    1.0000000325280
    -214.00000000000    1.0000000325280
    -213.00000000000    1.0000000325280
    -212.00000000000    1.0000000325280
    -211.00000000000    1.0000000325280
    -210.00000000000    1.0000000325280
    -209.00000000000    1.0000000325280
    -208.00000000000    1.0000000325280
    -207.00000000000    1.0000000325280
    -206.00000000000    1.0000000325280
    -205.00000000000    1.0000000325280
    -204.00000000000    1.0000000325280
    -203.00000000000    1.0000000325280
    -202.00000000000    1.0000000325280
    -201.00000000000    1.0000000325280
    -200.00000000000    1.0000000325280
    -199.00000000000    1.0000000325280
    -198.00000000000    1.0000000325280
    -197.00000000000    1.0000000325280
    -196.00000000000    1.0000000325280
    -195.00000000000    1.0000000325280
    -194.00000000000    1.0000000325280
    -193.00000000000    1.0000000325280
    -192.00000000000    1.0000000325280
    -191.00000000000    1.0000000325280
    -190.00000000000    1.0000000325280
    -189.00000000000    1.0000000325280
    -188.00000000000    1.0000000325280
    -187.00000000000    1.0000000325280
    -186.00000000000    1.0000000325280
    -185.00000000000    1.0000000325280
    -184.00000000000    1.0000000325280
    -183.00000000000    1.0000000325280
    -182.00000000000    1.0000000325280
    -181.00000000000    1.0000000325280
    -180.00000000000    1.0000000325280
    -179.00000000000    1.0000000325280
    -178.00000000000    1.0000000325280
    -177.00000000000    1.0000000325280
    -176.00000000000    1.0000000325280
    -175.00000000000    1.0000000325280
    -174.00000000000    1.0000000325280
    -173.00000000000    1.0000000325280
    -172.00000000000    1.0000000325280
    -171.00000000000    1.0000000325280
    -170.00000000000    1.0000000325280
    -169.00000000000    1.0000000325280
    -168.00000000000    1.0000000325280
    -167.00000000000    1.0000000325280
    -166.00000000000    1.0000000325280
    -165.00000000000    1.0000000325280
    -164.00000000000    1.0000000325280
    -163.00000000000    1.0000000325280
    -162.00000000000    1.0000000325280
    -161.00000000000    1.0000000325280
    -160.00000000000    1.0000000325280
    -159.00000000000    1.0000000325280
    -158.00000000000    1.0000000325280
    -157.00000000000    1.0000000325280
    -156.00000000000    1.0000000325280
    -155.00000000000    1.0000000325280
    -154.00000000000    1.0000000325280
    -153.00000000000    1.0000000325280
    -152.00000000000    1.0000000325280
    -151.00000000000    1.0000000325280
    -150.00000000000    1.0000000325280
    -149.00000000000    1.0000000325280
    -148.00000000000    1.0000000325280
    -147.00000000000    1.0000000325280
    -146.00000000000    1.0000000325280
    -145.00000000000    1.0000000325280
    -144.00000000000    1.0000000325280
    -143.00000000000    1.0000000325280
    -142.00000000000    1.0000000325280
    -141.00000000000    1.0000000325280
    -140.00000000000    1.0000000325280
    -139.00000000000    1.0000000325280
    -138.00000000000    1.0000000325280
    -137.00000000000    1.0000000325280
    -136.00000000000    1.0000000325280
    -135.00000000000    1.0000000325280
    -134.00000000000    1.0000000325280
    -133.00000000000    1.0000000325280
    -132.00000000000    1.0000000325280
    -131.00000000000    1.0000000325280
    -130.00000000000    1.0000000325280
    -129.00000000000    1.0000000325280
    -128.00000000000    1.0000000325280
    -127.00000000000    1.0000000325280
    -126.00000000000    1.0000000325280
    -125.00000000000    1.0000000325279
    -124.00000000000    1.0000000325275
    -123.00000000000    1.0000000325260
    -122.00000000000    1.0000000325206
    -121.00000000000    1.0000000325010
    -120.00000000000    1.0000000324339
    -119.00000000000    1.0000000322142
    -118.00000000000    1.0000000315248
    -117.00000000000    1.0000000294559
    -116.00000000000    1.0000000235133
    -115.00000000000    1.0000000071766
    -114.00000000000   0.99999996418981
    -113.00000000000   0.99999985591481
    -112.00000000000   0.99999959482471
    -111.00000000000   0.99999899202743
    -110.00000000000   0.99999765934237
    -109.00000000000   0.99999483756052
    -108.00000000000   0.99998911444800
    -107.00000000000   0.99997799359983
    -106.00000000000   0.99995728567139
   -105.000000000000   0.99992032501272
   -104.000000000000   0.99985707276755
   -103.000000000000   0.99975324931321
   -102.000000000000   0.99958972820328
   -101.000000000000   0.99934248908544
   -100.000000000000   0.99898342769193
    -99.000000000000   0.99848222172740
    -98.000000000000   0.99780924275077
    -97.000000000000   0.99693921870794
    -96.000000000000   0.99585506667089
    -95.000000000000   0.99455113224507
    -94.000000000000   0.99303507913802
    -93.000000000000   0.99132790245143
    -92.000000000000   0.98946194583450
    -91.000000000000   0.98747726847547
    -90.000000000000   0.98541708681785
    -89.000000000000   0.98332318997368
    -88.000000000000   0.98123215347611
    -87.000000000000   0.97917289725320
    -86.000000000000   0.97716575803027
    -85.000000000000   0.97522289741463
    -84.000000000000   0.97334963738393
    -83.000000000000   0.97154624002379
    -82.000000000000   0.96980970708173
    -81.000000000000   0.96813531186434
    -80.000000000000   0.96651773003007
    -79.000000000000   0.96495176169253
    -78.000000000000   0.96343271441936
    -77.000000000000   0.96195654634431
    -76.000000000000   0.96051986434562
    -75.000000000000   0.95911985070084
    -74.000000000000   0.95775416614608
    -73.000000000000   0.95642085562031
    -72.000000000000   0.95511826796220
    -71.000000000000   0.95384499209730
    -70.000000000000   0.95259980811800
    -69.000000000000   0.95138165029532
    -68.000000000000   0.95018957907737
    -67.000000000000   0.94902275966213
    -66.000000000000   0.94788044534370
    -65.000000000000   0.94676196434752
    -64.000000000000   0.94566670925449
    -63.000000000000   0.94459412838196
    -62.000000000000   0.94354371867164
    -61.000000000000   0.94251501975806
    -60.000000000000   0.94150760897594
    -59.000000000000   0.94052109712391
    -58.000000000000   0.93955512484416
    -57.000000000000   0.93860935950884
    -56.000000000000   0.93768349252656
    -55.000000000000   0.93677723700028
    -54.000000000000   0.93589032568064
    -53.000000000000   0.93502250916967
    -52.000000000000   0.93417355433765
    -51.000000000000   0.93334324292254
    -50.000000000000   0.93253137028646
    -49.000000000000   0.93173774430797
    -48.000000000000   0.93096218439217
    -47.000000000000   0.93020452058359
    -46.000000000000   0.92946459276895
    -45.000000000000   0.92874224995883
    -44.000000000000   0.92803734963891
    -43.000000000000   0.92734975718263
    -42.000000000000   0.92667934531834
    -41.000000000000   0.92602599364497
    -40.000000000000   0.92538958819073
    -39.000000000000   0.92477002101062
    -38.000000000000   0.92416718981838
    -37.000000000000   0.92358099764961
    -36.000000000000   0.92301135255287
    -35.000000000000   0.92245816730608
    -34.000000000000   0.92192135915570
    -33.000000000000   0.92140084957673
    -32.000000000000   0.92089656405144
    -31.000000000000   0.92040843186534
    -30.000000000000   0.91993638591870
    -29.000000000000   0.91948036255238
    -28.000000000000   0.91904030138674
    -27.000000000000   0.91861614517255
    -26.000000000000   0.91820783965296
    -25.000000000000   0.91781533343555
    -24.000000000000   0.91743857787385
    -23.000000000000   0.91707752695747
    -22.000000000000   0.91673213721023
    -21.000000000000   0.91640236759581
    -20.000000000000   0.91608817943029
    -19.000000000000   0.91578953630110
    -18.000000000000   0.91550640399210
    -17.000000000000   0.91523875041418
    -16.000000000000   0.91498654554125
    -15.000000000000   0.91474976135112
    -14.000000000000   0.91452837177116
    -13.000000000000   0.91432235262825
    -12.000000000000   0.91413168160303
    -11.000000000000   0.91395633818812
   -10.0000000000000   0.91379630365005
    -9.0000000000000   0.91365156099489
    -8.0000000000000   0.91352209493730
    -7.0000000000000   0.91340789187292
    -6.0000000000000   0.91330893985400
    -5.0000000000000   0.91322522856805
    -4.0000000000000   0.91315674931963
    -3.0000000000000   0.91310349501498
    -2.0000000000000   0.91306546014954
    -1.0000000000000   0.91304264079834
   0.   0.91303503460916
     1.0000000000000   0.91304264079834
     2.0000000000000   0.91306546014954
     3.0000000000000   0.91310349501498
     4.0000000000000   0.91315674931963
     5.0000000000000   0.91322522856805
     6.0000000000000   0.91330893985400
     7.0000000000000   0.91340789187292
     8.0000000000000   0.91352209493730
     9.0000000000000   0.91365156099489
    10.0000000000000   0.91379630365005
     11.000000000000   0.91395633818812
     12.000000000000   0.91413168160303
     13.000000000000   0.91432235262825
     14.000000000000   0.91452837177116
     15.000000000000   0.91474976135113
     16.000000000000   0.91498654554125
     17.000000000000   0.91523875041418
     18.000000000000   0.91550640399210
     19.000000000000   0.91578953630110
     20.000000000000   0.91608817943029
     21.000000000000   0.91640236759581
     22.000000000000   0.91673213721023
     23.000000000000   0.91707752695747
     24.000000000000   0.91743857787385
     25.000000000000   0.91781533343555
     26.000000000000   0.91820783965296
     27.000000000000   0.91861614517255
     28.000000000000   0.91904030138674
     29.000000000000   0.91948036255238
     30.000000000000   0.91993638591870
     31.000000000000   0.92040843186534
     32.000000000000   0.92089656405144
     33.000000000000   0.92140084957673
     34.000000000000   0.92192135915570
     35.000000000000   0.92245816730608
     36.000000000000   0.92301135255287
     37.000000000000   0.92358099764961
     38.000000000000   0.92416718981838
     39.000000000000   0.92477002101062
     40.000000000000   0.92538958819073
     41.000000000000   0.92602599364497
     42.000000000000   0.92667934531834
     43.000000000000   0.92734975718263
     44.000000000000   0.92803734963891
     45.000000000000   0.92874224995883
     46.000000000000   0.92946459276895
     47.000000000000   0.93020452058359
     48.000000000000   0.93096218439217
     49.000000000000   0.93173774430797
     50.000000000000   0.93253137028646
     51.000000000000   0.93334324292254
     52.000000000000   0.93417355433765
     53.000000000000   0.93502250916967
     54.000000000000   0.93589032568064
     55.000000000000   0.93677723700028
     56.000000000000   0.93768349252656
     57.000000000000   0.93860935950883
     58.000000000000   0.93955512484416
     59.000000000000   0.94052109712391
     60.000000000000   0.94150760897594
     61.000000000000   0.94251501975806
     62.000000000000   0.94354371867165
     63.000000000000   0.94459412838196
     64.000000000000   0.94566670925449
     65.000000000000   0.94676196434751
     66.000000000000   0.94788044534370
     67.000000000000   0.94902275966213
     68.000000000000   0.95018957907737
     69.000000000000   0.95138165029532
     70.000000000000   0.95259980811800
     71.000000000000   0.95384499209730
     72.000000000000   0.95511826796220
     73.000000000000   0.95642085562031
     74.000000000000   0.95775416614608
     75.000000000000   0.95911985070084
     76.000000000000   0.96051986434562
     77.000000000000   0.96195654634431
     78.000000000000   0.96343271441936
     79.000000000000   0.96495176169253
     80.000000000000   0.96651773003007
     81.000000000000   0.96813531186434
     82.000000000000   0.96980970708173
     83.000000000000   0.97154624002379
     84.000000000000   0.97334963738393
     85.000000000000   0.97522289741463
     86.000000000000   0.97716575803026
     87.000000000000   0.97917289725320
     88.000000000000   0.98123215347611
     89.000000000000   0.98332318997368
     90.000000000000   0.98541708681785
     91.000000000000   0.98747726847547
     92.000000000000   0.98946194583450
     93.000000000000   0.99132790245143
     94.000000000000   0.99303507913802
     95.000000000000   0.99455113224507
     96.000000000000   0.99585506667089
     97.000000000000   0.99693921870794
     98.000000000000   0.99780924275077
     99.000000000000   0.99848222172740
    100.000000000000   0.99898342769193
    101.000000000000   0.99934248908544
    102.000000000000   0.99958972820328
    103.000000000000   0.99975324931321
    104.000000000000   0.99985707276755
    105.000000000000   0.99992032501272
     106.00000000000   0.99995728567139
     107.00000000000   0.99997799359983
     108.00000000000   0.99998911444800
     109.00000000000   0.99999483756052
     110.00000000000   0.99999765934237
     111.00000000000   0.99999899202743
     112.00000000000   0.99999959482471
     113.00000000000   0.99999985591481
     114.00000000000   0.99999996418981
     115.00000000000    1.0000000071766
     116.00000000000    1.0000000235133
     117.00000000000    1.0000000294559
     118.00000000000    1.0000000315248
     119.00000000000    1.0000000322142
     120.00000000000    1.0000000324339
     121.00000000000    1.0000000325010
     122.00000000000    1.0000000325206
     123.00000000000    1.0000000325260
     124.00000000000    1.0000000325275
     125.00000000000    1.0000000325279
     126.00000000000    1.0000000325280
     127.00000000000    1.0000000325280
     128.00000000000    1.0000000325280
     129.00000000000    1.0000000325280
     130.00000000000    1.0000000325280
     131.00000000000    1.0000000325280
     132.00000000000    1.0000000325280
     133.00000000000    1.0000000325280
     134.00000000000    1.0000000325280
     135.00000000000    1.0000000325280
     136.00000000000    1.0000000325280
     137.00000000000    1.0000000325280
     138.00000000000    1.0000000325280
     139.00000000000    1.0000000325280
     140.00000000000    1.0000000325280
     141.00000000000    1.0000000325280
     142.00000000000    1.0000000325280
     143.00000000000    1.0000000325280
     144.00000000000    1.0000000325280
     145.00000000000    1.0000000325280
     146.00000000000    1.0000000325280
     147.00000000000    1.0000000325280
     148.00000000000    1.0000000325280
     149.00000000000    1.0000000325280
     150.00000000000    1.0000000325280
     151.00000000000    1.0000000325280
     152.00000000000    1.0000000325280
     153.00000000000    1.0000000325280
     154.00000000000    1.0000000325280
     155.00000000000    1.0000000325280
     156.00000000000    1.0000000325280
     157.00000000000    1.0000000325280
     158.00000000000    1.0000000325280
     159.00000000000    1.0000000325280
     160.00000000000    1.0000000325280
     161.00000000000    1.0000000325280
     162.00000000000    1.0000000325280
     163.00000000000    1.0000000325280
     164.00000000000    1.0000000325280
     165.00000000000    1.0000000325280
     166.00000000000    1.0000000325280
     167.00000000000    1.0000000325280
     168.00000000000    1.0000000325280
     169.00000000000    1.0000000325280
     170.00000000000    1.0000000325280
     171.00000000000    1.0000000325280
     172.00000000000    1.0000000325280
     173.00000000000    1.0000000325280
     174.00000000000    1.0000000325280
     175.00000000000    1.0000000325280
     176.00000000000    1.0000000325280
     177.00000000000    1.0000000325280
     178.00000000000    1.0000000325280
     179.00000000000    1.0000000325280
     180.00000000000    1.0000000325280
     181.00000000000    1.0000000325280
     182.00000000000    1.0000000325280
     183.00000000000    1.0000000325280
     184.00000000000    1.0000000325280
     185.00000000000    1.0000000325280
     186.00000000000    1.0000000325280
     187.00000000000    1.0000000325280
     188.00000000000    1.0000000325280
     189.00000000000    1.0000000325280
     190.00000000000    1.0000000325280
     191.00000000000    1.0000000325280
     192.00000000000    1.0000000325280
     193.00000000000    1.0000000325280
     194.00000000000    1.0000000325280
     195.00000000000    1.0000000325280
     196.00000000000    1.0000000325280
     197.00000000000    1.0000000325280
     198.00000000000    1.0000000325280
     199.00000000000    1.0000000325280
     200.00000000000    1.0000000325280
     201.00000000000    1.0000000325280
     202.00000000000    1.0000000325280
     203.00000000000    1.0000000325280
     204.00000000000    1.0000000325280
     205.00000000000    1.0000000325280
     206.00000000000    1.0000000325280
     207.00000000000    1.0000000325280
     208.00000000000    1.0000000325280
     209.00000000000    1.0000000325280
     210.00000000000    1.0000000325280
     211.00000000000    1.0000000325280
     212.00000000000    1.0000000325280
     213.00000000000    1.0000000325280
     214.00000000000    1.0000000325280
     215.00000000000    1.0000000325280
     216.00000000000    1.0000000325280
     217.00000000000    1.0000000325280
     218.00000000000    1.0000000325280
     219.00000000000    1.0000000325280
     220.00000000000    1.0000000325280
     221.00000000000    1.0000000325280
     222.00000000000    1.0000000325280
     223.00000000000    1.0000000325280
     224.00000000000    1.0000000325280
     225.00000000000    1.0000000325280
     226.00000000000    1.0000000325280
     227.00000000000    1.0000000325280
     228.00000000000    1.0000000325280
     229.00000000000    1.0000000325280
     230.00000000000    1.0000000325280
     231.00000000000    1.0000000325280
     232.00000000000    1.0000000325280
     233.00000000000    1.0000000325280
     234.00000000000    1.0000000325280
     235.00000000000    1.0000000325280
     236.00000000000    1.0000000325280
     237.00000000000    1.0000000325280
     238.00000000000    1.0000000325280
     239.00000000000    1.0000000325280
     240.00000000000    1.0000000325280
     241.00000000000    1.0000000325280
     242.00000000000    1.0000000325280
     243.00000000000    1.0000000325280
     244.00000000000    1.0000000325280
     245.00000000000    1.0000000325280
     246.00000000000    1.0000000325280
     247.00000000000    1.0000000325280
     248.00000000000    1.0000000325280
     249.00000000000    1.0000000325280
     250.00000000000    1.0000000325280
     251.00000000000    1.0000000325280
     252.00000000000    1.0000000325280
     253.00000000000    1.0000000325280
     254.00000000000    1.0000000325280
     255.00000000000    1.0000000325280
     256.00000000000    1.0000000325280
     257.00000000000    1.0000000325280
     258.00000000000    1.0000000325280
     259.00000000000    1.0000000325280
     260.00000000000    1.0000000325280
     261.00000000000    1.0000000325280
     262.00000000000    1.0000000325280
     263.00000000000    1.0000000325280
     264.00000000000    1.0000000325280
     265.00000000000    1.0000000325280
     266.00000000000    1.0000000325280
     267.00000000000    1.0000000325280
     268.00000000000    1.0000000325280
     269.00000000000    1.0000000325280
     270.00000000000    1.0000000325280
     271.00000000000    1.0000000325280
     272.00000000000    1.0000000325280
     273.00000000000    1.0000000325280
     274.00000000000    1.0000000325280
     275.00000000000    1.0000000325280
     276.00000000000    1.0000000325280
     277.00000000000    1.0000000325280
     278.00000000000    1.0000000325280
     279.00000000000    1.0000000325280
     280.00000000000    1.0000000325280
     281.00000000000    1.0000000325280
     282.00000000000    1.0000000325280
     283.00000000000    1.0000000325280
     284.00000000000    1.0000000325280
     285.00000000000    1.0000000325280
     286.00000000000    1.0000000325280
     287.00000000000    1.0000000325280
     288.00000000000    1.0000000325280
     289.00000000000    1.0000000325280
     290.00000000000    1.0000000325280
     291.00000000000    1.0000000325280
     292.00000000000    1.0000000325280
     293.00000000000    1.0000000325280
     294.00000000000    1.0000000325280
     295.00000000000    1.0000000325280
     296.00000000000    1.0000000325280
     297.00000000000    1.0000000325280
     298.00000000000    1.0000000325280
     299.00000000000    1.0000000325280
     300.00000000000    1.0000000325280
     301.00000000000    1.0000000325280
     302.00000000000    1.0000000325280
     303.00000000000    1.0000000325280
     304.00000000000    1.0000000325280
     305.00000000000    1.0000000325280
     306.00000000000    1.0000000325280
     307.00000000000    1.0000000325280
     308.00000000000    1.0000000325280
     309.00000000000    1.0000000325280
     310.00000000000    1.0000000325280
     311.00000000000    1.0000000325280
     312.00000000000    1.0000000325280
     313.00000000000    1.0000000325280
     314.00000000000    1.0000000325280
     315.00000000000    1.0000000325280
     316.00000000000    1.0000000325280
     317.00000000000    1.0000000325280
     318.00000000000    1.0000000325280
     319.00000000000    1.0000000325280
     320.00000000000    1.0000000325280
     321.00000000000    1.0000000325280
     322.00000000000    1.0000000325280
     323.00000000000    1.0000000325280
     324.00000000000    1.0000000325280
     325.00000000000    1.0000000325280
     326.00000000000    1.0000000325280
     327.00000000000    1.0000000325280
     328.00000000000    1.0000000325280
     329.00000000000    1.0000000325280
     330.00000000000    1.0000000325280
     331.00000000000    1.0000000325280
     332.00000000000    1.0000000325280
     333.00000000000    1.0000000325280
     334.00000000000    1.0000000325280
     335.00000000000    1.0000000325280
     336.00000000000    1.0000000325280
     337.00000000000    1.0000000325280
     338.00000000000    1.0000000325280
     339.00000000000    1.0000000325280
     340.00000000000    1.0000000325280
     341.00000000000    1.0000000325280
     342.00000000000    1.0000000325280
     343.00000000000    1.0000000325280
     344.00000000000    1.0000000325280
     345.00000000000    1.0000000325280
     346.00000000000    1.0000000325280
     347.00000000000    1.0000000325280
     348.00000000000    1.0000000325280
     349.00000000000    1.0000000325280
     350.00000000000    1.0000000325280
     351.00000000000    1.0000000325280
     352.00000000000    1.0000000325280
     353.00000000000    1.0000000325280
     354.00000000000    1.0000000325280
     355.00000000000    1.0000000325280
     356.00000000000    1.0000000325280
     357.00000000000    1.0000000325280
     358.00000000000    1.0000000325280
     359.00000000000    1.0000000325280
     360.00000000000    1.0000000325280
     361.00000000000    1.0000000325280
     362.00000000000    1.0000000325280
     363.00000000000    1.0000000325280
     364.00000000000    1.0000000325280
     365.00000000000    1.0000000325280
     366.00000000000    1.0000000325280
     367.00000000000    1.0000000325280
     368.00000000000    1.0000000325280
     369.00000000000    1.0000000325280
     370.00000000000    1.0000000325280
     371.00000000000    1.0000000325280
     372.00000000000    1.0000000325280
     373.00000000000    1.0000000325280
     374.00000000000    1.0000000325280
     375.00000000000    1.0000000325280
     376.00000000000    1.0000000325280
     377.00000000000    1.0000000325280
     378.00000000000    1.0000000325280
     379.00000000000    1.0000000325280
     380.00000000000    1.0000000325280
     381.00000000000    1.0000000325280
     382.00000000000    1.0000000325280
     383.00000000000    1.0000000325280
     384.00000000000    1.0000000325280
     385.00000000000    1.0000000325280
     386.00000000000    1.0000000325280
     387.00000000000    1.0000000325280
     388.00000000000    1.0000000325280
     389.00000000000    1.0000000325280
     390.00000000000    1.0000000325280
     391.00000000000    1.0000000325280
     392.00000000000    1.0000000325280
     393.00000000000    1.0000000325280
     394.00000000000    1.0000000325280
     395.00000000000    1.0000000325280
     396.00000000000    1.0000000325280
     397.00000000000    1.0000000325280
     398.00000000000    1.0000000325280
     399.00000000000    1.0000000325280
     400.00000000000    1.0000000325280
     401.00000000000    1.0000000325280
     402.00000000000    1.0000000325280
     403.00000000000    1.0000000325280
     404.00000000000    1.0000000325280
     405.00000000000    1.0000000325280
     406.00000000000    1.0000000325280
     407.00000000000    1.0000000325280
     408.00000000000    1.0000000325280
     409.00000000000    1.0000000325280
     410.00000000000    1.0000000325280
     411.00000000000    1.0000000325280
     412.00000000000    1.0000000325280
     413.00000000000    1.0000000325280
     414.00000000000    1.0000000325280
     415.00000000000    1.0000000325280
     416.00000000000    1.0000000325280
     417.00000000000    1.0000000325280
     418.00000000000    1.0000000325280
     419.00000000000    1.0000000325280
     420.00000000000    1.0000000325280
     421.00000000000    1.0000000325280
     422.00000000000    1.0000000325280
     423.00000000000    1.0000000325280
     424.00000000000    1.0000000325280
     425.00000000000    1.0000000325280
     426.00000000000    1.0000000325280
     427.00000000000    1.0000000325280
     428.00000000000    1.0000000325280
     429.00000000000    1.0000000325280
     430.00000000000    1.0000000325280
     431.00000000000    1.0000000325280
     432.00000000000    1.0000000325280
     433.00000000000    1.0000000325280
     434.00000000000    1.0000000325280
     435.00000000000    1.0000000325280
     436.00000000000    1.0000000325280
     437.00000000000    1.0000000325280
     438.00000000000    1.0000000325280
     439.00000000000    1.0000000325280
     440.00000000000    1.0000000325280
     441.00000000000    1.0000000325280
     442.00000000000    1.0000000325280
     443.00000000000    1.0000000325280
     444.00000000000    1.0000000325280
     445.00000000000    1.0000000325280
     446.00000000000    1.0000000325280
     447.00000000000    1.0000000325280
     448.00000000000    1.0000000325280
     449.00000000000    1.0000000325280
     450.00000000000    1.0000000325280
     451.00000000000    1.0000000325280
     452.00000000000    1.0000000325280
     453.00000000000    1.0000000325280
     454.00000000000    1.0000000325280
     455.00000000000    1.0000000325280
     456.00000000000    1.0000000325280
     457.00000000000    1.0000000325280
     458.00000000000    1.0000000325280
     459.00000000000    1.0000000325280
     460.00000000000    1.0000000325280
     461.00000000000    1.0000000325280
     462.00000000000    1.0000000325280
     463.00000000000    1.0000000325280
     464.00000000000    1.0000000325280
     465.00000000000    1.0000000325280
     466.00000000000    1.0000000325280
     467.00000000000    1.0000000325280
     468.00000000000    1.0000000325280
     469.00000000000    1.0000000325280
     470.00000000000    1.0000000325280
     471.00000000000    1.0000000325280
     472.00000000000    1.0000000325280
     473.00000000000    1.0000000325280
     474.00000000000    1.0000000325280
     475.00000000000    1.0000000325280
     476.00000000000    1.0000000325280
     477.00000000000    1.0000000325280
     478.00000000000    1.0000000325280
     479.00000000000    1.0000000325280
     480.00000000000    1.0000000325280
     481.00000000000    1.0000000325280
     482.00000000000    1.0000000325280
     483.00000000000    1.0000000325280
     484.00000000000    1.0000000325280
     485.00000000000    1.0000000325280
     486.00000000000    1.0000000325280
     487.00000000000    1.0000000325280
     488.00000000000    1.0000000325280
     489.00000000000    1.0000000325280
     490.00000000000    1.0000000325280
     491.00000000000    1.0000000325280
     492.00000000000    1.0000000325280
     493.00000000000    1.0000000325280
     494.00000000000    1.0000000325280
     495.00000000000    1.0000000325280
     496.00000000000    1.0000000325280
     497.00000000000    1.0000000325280
     498.00000000000    1.0000000325280
     499.00000000000    1.0000000325280
     500.00000000000    1.0000000325280
