    -500.00000000000    1.0000000325280
    -499.00000000000    1.0000000325280
    -498.00000000000    1.0000000325280
    -497.00000000000    1.0000000325280
    -496.00000000000    1.0000000325280
    -495.00000000000    1.0000000325280
    -494.00000000000    1.0000000325280
    -493.00000000000    1.0000000325280
    -492.00000000000    1.0000000325280
    -491.00000000000    1.0000000325280
    -490.00000000000    1.0000000325280
    -489.00000000000    1.0000000325280
    -488.00000000000    1.0000000325280
    -487.00000000000    1.0000000325280
    -486.00000000000    1.0000000325280
    -485.00000000000    1.0000000325280
    -484.00000000000    1.0000000325280
    -483.00000000000    1.0000000325280
    -482.00000000000    1.0000000325280
    -481.00000000000    1.0000000325280
    -480.00000000000    1.0000000325280
    -479.00000000000    1.0000000325280
    -478.00000000000    1.0000000325280
    -477.00000000000    1.0000000325280
    -476.00000000000    1.0000000325280
    -475.00000000000    1.0000000325280
    -474.00000000000    1.0000000325280
    -473.00000000000    1.0000000325280
    -472.00000000000    1.0000000325280
    -471.00000000000    1.0000000325280
    -470.00000000000    1.0000000325280
    -469.00000000000    1.0000000325280
    -468.00000000000    1.0000000325280
    -467.00000000000    1.0000000325280
    -466.00000000000    1.0000000325280
    -465.00000000000    1.0000000325280
    -464.00000000000    1.0000000325280
    -463.00000000000    1.0000000325280
    -462.00000000000    1.0000000325280
    -461.00000000000    1.0000000325280
    -460.00000000000    1.0000000325280
    -459.00000000000    1.0000000325280
    -458.00000000000    1.0000000325280
    -457.00000000000    1.0000000325280
    -456.00000000000    1.0000000325280
    -455.00000000000    1.0000000325280
    -454.00000000000    1.0000000325280
    -453.00000000000    1.0000000325280
    -452.00000000000    1.0000000325280
    -451.00000000000    1.0000000325280
    -450.00000000000    1.0000000325280
    -449.00000000000    1.0000000325280
    -448.00000000000    1.0000000325280
    -447.00000000000    1.0000000325280
    -446.00000000000    1.0000000325280
    -445.00000000000    1.0000000325280
    -444.00000000000    1.0000000325280
    -443.00000000000    1.0000000325280
    -442.00000000000    1.0000000325280
    -441.00000000000    1.0000000325280
    -440.00000000000    1.0000000325280
    -439.00000000000    1.0000000325280
    -438.00000000000    1.0000000325280
    -437.00000000000    1.0000000325280
    -436.00000000000    1.0000000325280
    -435.00000000000    1.0000000325280
    -434.00000000000    1.0000000325280
    -433.00000000000    1.0000000325280
    -432.00000000000    1.0000000325280
    -431.00000000000    1.0000000325280
    -430.00000000000    1.0000000325280
    -429.00000000000    1.0000000325280
    -428.00000000000    1.0000000325280
    -427.00000000000    1.0000000325280
    -426.00000000000    1.0000000325280
    -425.00000000000    1.0000000325280
    -424.00000000000    1.0000000325280
    -423.00000000000    1.0000000325280
    -422.00000000000    1.0000000325280
    -421.00000000000    1.0000000325280
    -420.00000000000    1.0000000325280
    -419.00000000000    1.0000000325280
    -418.00000000000    1.0000000325280
    -417.00000000000    1.0000000325280
    -416.00000000000    1.0000000325280
    -415.00000000000    1.0000000325280
    -414.00000000000    1.0000000325280
    -413.00000000000    1.0000000325280
    -412.00000000000    1.0000000325280
    -411.00000000000    1.0000000325280
    -410.00000000000    1.0000000325280
    -409.00000000000    1.0000000325280
    -408.00000000000    1.0000000325280
    -407.00000000000    1.0000000325280
    -406.00000000000    1.0000000325280
    -405.00000000000    1.0000000325280
    -404.00000000000    1.0000000325280
    -403.00000000000    1.0000000325280
    -402.00000000000    1.0000000325280
    -401.00000000000    1.0000000325280
    -400.00000000000    1.0000000325280
    -399.00000000000    1.0000000325280
    -398.00000000000    1.0000000325280
    -397.00000000000    1.0000000325280
    -396.00000000000    1.0000000325280
    -395.00000000000    1.0000000325280
    -394.00000000000    1.0000000325280
    -393.00000000000    1.0000000325280
    -392.00000000000    1.0000000325280
    -391.00000000000    1.0000000325280
    -390.00000000000    1.0000000325280
    -389.00000000000    1.0000000325280
    -388.00000000000    1.0000000325280
    -387.00000000000    1.0000000325280
    -386.00000000000    1.0000000325280
    -385.00000000000    1.0000000325280
    -384.00000000000    1.0000000325280
    -383.00000000000    1.0000000325280
    -382.00000000000    1.0000000325280
    -381.00000000000    1.0000000325280
    -380.00000000000    1.0000000325280
    -379.00000000000    1.0000000325280
    -378.00000000000    1.0000000325280
    -377.00000000000    1.0000000325280
    -376.00000000000    1.0000000325280
    -375.00000000000    1.0000000325280
    -374.00000000000    1.0000000325280
    -373.00000000000    1.0000000325280
    -372.00000000000    1.0000000325280
    -371.00000000000    1.0000000325280
    -370.00000000000    1.0000000325280
    -369.00000000000    1.0000000325280
    -368.00000000000    1.0000000325280
    -367.00000000000    1.0000000325280
    -366.00000000000    1.0000000325280
    -365.00000000000    1.0000000325280
    -364.00000000000    1.0000000325280
    -363.00000000000    1.0000000325280
    -362.00000000000    1.0000000325280
    -361.00000000000    1.0000000325280
    -360.00000000000    1.0000000325280
    -359.00000000000    1.0000000325280
    -358.00000000000    1.0000000325280
    -357.00000000000    1.0000000325280
    -356.00000000000    1.0000000325280
    -355.00000000000    1.0000000325280
    -354.00000000000    1.0000000325280
    -353.00000000000    1.0000000325280
    -352.00000000000    1.0000000325280
    -351.00000000000    1.0000000325280
    -350.00000000000    1.0000000325280
    -349.00000000000    1.0000000325280
    -348.00000000000    1.0000000325280
    -347.00000000000    1.0000000325280
    -346.00000000000    1.0000000325280
    -345.00000000000    1.0000000325280
    -344.00000000000    1.0000000325280
    -343.00000000000    1.0000000325280
    -342.00000000000    1.0000000325280
    -341.00000000000    1.0000000325280
    -340.00000000000    1.0000000325280
    -339.00000000000    1.0000000325280
    -338.00000000000    1.0000000325280
    -337.00000000000    1.0000000325280
    -336.00000000000    1.0000000325280
    -335.00000000000    1.0000000325280
    -334.00000000000    1.0000000325280
    -333.00000000000    1.0000000325280
    -332.00000000000    1.0000000325280
    -331.00000000000    1.0000000325280
    -330.00000000000    1.0000000325280
    -329.00000000000    1.0000000325280
    -328.00000000000    1.0000000325280
    -327.00000000000    1.0000000325280
    -326.00000000000    1.0000000325280
    -325.00000000000    1.0000000325280
    -324.00000000000    1.0000000325280
    -323.00000000000    1.0000000325280
    -322.00000000000    1.0000000325280
    -321.00000000000    1.0000000325280
    -320.00000000000    1.0000000325280
    -319.00000000000    1.0000000325280
    -318.00000000000    1.0000000325280
    -317.00000000000    1.0000000325280
    -316.00000000000    1.0000000325280
    -315.00000000000    1.0000000325280
    -314.00000000000    1.0000000325280
    -313.00000000000    1.0000000325280
    -312.00000000000    1.0000000325280
    -311.00000000000    1.0000000325280
    -310.00000000000    1.0000000325280
    -309.00000000000    1.0000000325280
    -308.00000000000    1.0000000325280
    -307.00000000000    1.0000000325280
    -306.00000000000    1.0000000325280
    -305.00000000000    1.0000000325280
    -304.00000000000    1.0000000325280
    -303.00000000000    1.0000000325280
    -302.00000000000    1.0000000325280
    -301.00000000000    1.0000000325280
    -300.00000000000    1.0000000325280
    -299.00000000000    1.0000000325280
    -298.00000000000    1.0000000325280
    -297.00000000000    1.0000000325280
    -296.00000000000    1.0000000325280
    -295.00000000000    1.0000000325280
    -294.00000000000    1.0000000325280
    -293.00000000000    1.0000000325280
    -292.00000000000    1.0000000325280
    -291.00000000000    1.0000000325280
    -290.00000000000    1.0000000325279
    -289.00000000000    1.0000000325276
    -288.00000000000    1.0000000325265
    -287.00000000000    1.0000000325224
    -286.00000000000    1.0000000325087
    -285.00000000000    1.0000000324637
    -284.00000000000    1.0000000323225
    -283.00000000000    1.0000000318994
    -282.00000000000    1.0000000306852
    -281.00000000000    1.0000000273509
    -280.00000000000    1.0000000185868
    -279.00000000000   0.99999999653731
    -278.00000000000   0.99999994343283
    -277.00000000000   0.99999982098428
    -276.00000000000   0.99999955063863
    -275.00000000000   0.99999897904179
    -274.00000000000   0.99999782150473
    -273.00000000000   0.99999557589234
    -272.00000000000   0.99999140161092
    -271.00000000000   0.99998396487628
    -270.00000000000   0.99997126322285
    -269.00000000000   0.99995045858981
    -268.00000000000   0.99991776587645
    -267.00000000000   0.99986845618213
    -266.00000000000   0.99979703289270
    -265.00000000000   0.99969761751793
    -264.00000000000   0.99956453926230
    -263.00000000000   0.99939306487034
    -262.00000000000   0.99918014924813
    -261.00000000000   0.99892505320768
    -260.00000000000   0.99862967960962
    -259.00000000000   0.99829852879891
    -258.00000000000   0.99793825799684
    -257.00000000000   0.99755692277083
    -256.00000000000   0.99716305228765
    -255.00000000000   0.99676474074310
    -254.00000000000   0.99636891769592
    -253.00000000000   0.99598090028712
    -252.00000000000   0.99560425311942
    -251.00000000000   0.99524091200715
    -250.00000000000   0.99489148400935
    -249.00000000000   0.99455562424162
    -248.00000000000   0.99423240468616
    -247.00000000000   0.99392061975770
    -246.00000000000   0.99361900519919
    -245.00000000000   0.99332637204250
    -244.00000000000   0.99304167212982
    -243.00000000000   0.99276401669128
    -242.00000000000   0.99249266775663
    -241.00000000000   0.99222701723573
    -240.00000000000   0.99196656303716
    -239.00000000000   0.99171088711338
    -238.00000000000   0.99145963730889
    -237.00000000000   0.99121251320194
    -236.00000000000   0.99096925538357
    -235.00000000000   0.99072963741899
    -234.00000000000   0.99049345979622
    -233.00000000000   0.99026054531287
    -232.00000000000   0.99003073549948
    -231.00000000000   0.98980388779703
    -230.00000000000   0.98957987329226
    -229.00000000000   0.98935857487382
    -228.00000000000   0.98913988571203
    -227.00000000000   0.98892370799189
    -226.00000000000   0.98870995184741
    -225.00000000000   0.98849853445789
    -224.00000000000   0.98828937927607
    -223.00000000000   0.98808241536473
    -222.00000000000   0.98787757682302
    -221.00000000000   0.98767480228791
    -220.00000000000   0.98747403449871
    -219.00000000000   0.98727521991502
    -218.00000000000   0.98707830838010
    -217.00000000000   0.98688325282315
    -216.00000000000   0.98669000899508
    -215.00000000000   0.98649853523312
    -214.00000000000   0.98630879225048
    -213.00000000000   0.98612074294791
    -212.00000000000   0.98593435224429
    -211.00000000000   0.98574958692396
    -210.00000000000   0.98556641549883
    -209.00000000000   0.98538480808347
    -208.00000000000   0.98520473628171
    -207.00000000000   0.98502617308358
    -206.00000000000   0.98484909277122
    -205.00000000000   0.98467347083304
    -204.00000000000   0.98449928388517
    -203.00000000000   0.98432650959933
    -202.00000000000   0.98415512663678
    -201.00000000000   0.98398511458735
    -200.00000000000   0.98381645391341
    -199.00000000000   0.98364912589813
    -198.00000000000   0.98348311259761
    -197.00000000000   0.98331839679666
    -196.00000000000   0.98315496196773
    -195.00000000000   0.98299279223287
    -194.00000000000   0.98283187232838
    -193.00000000000   0.98267218757184
    -192.00000000000   0.98251372383151
    -191.00000000000   0.98235646749772
    -190.00000000000   0.98220040545622
    -189.00000000000   0.98204552506320
    -188.00000000000   0.98189181412200
    -187.00000000000   0.98173926086123
    -186.00000000000   0.98158785391433
    -185.00000000000   0.98143758230033
    -184.00000000000   0.98128843540581
    -183.00000000000   0.98114040296795
    -182.00000000000   0.98099347505855
    -181.00000000000   0.98084764206904
    -180.00000000000   0.98070289469630
    -179.00000000000   0.98055922392931
    -178.00000000000   0.98041662103654
    -177.00000000000   0.98027507755405
    -176.00000000000   0.98013458527426
    -175.00000000000   0.97999513623529
    -174.00000000000   0.97985672271085
    -173.00000000000   0.97971933720076
    -172.00000000000   0.97958297242188
    -171.00000000000   0.97944762129948
    -170.00000000000   0.97931327695920
    -169.00000000000   0.97917993271921
    -168.00000000000   0.97904758208295
    -167.00000000000   0.97891621873207
    -166.00000000000   0.97878583651985
    -165.00000000000   0.97865642946482
    -164.00000000000   0.97852799174478
    -163.00000000000   0.97840051769103
    -162.00000000000   0.97827400178290
    -161.00000000000   0.97814843864255
    -160.00000000000   0.97802382302995
    -159.00000000000   0.97790014983816
    -158.00000000000   0.97777741408879
    -157.00000000000   0.97765561092760
    -156.00000000000   0.97753473562041
    -155.00000000000   0.97741478354910
    -154.00000000000   0.97729575020782
    -153.00000000000   0.97717763119933
    -152.00000000000   0.97706042223154
    -151.00000000000   0.97694411911414
    -150.00000000000   0.97682871775543
    -149.00000000000   0.97671421415923
    -148.00000000000   0.97660060442194
    -147.00000000000   0.97648788472970
    -146.00000000000   0.97637605135572
    -145.00000000000   0.97626510065760
    -144.00000000000   0.97615502907490
    -143.00000000000   0.97604583312667
    -142.00000000000   0.97593750940920
    -141.00000000000   0.97583005459372
    -140.00000000000   0.97572346542433
    -139.00000000000   0.97561773871589
    -138.00000000000   0.97551287135206
    -137.00000000000   0.97540886028339
    -136.00000000000   0.97530570252546
    -135.00000000000   0.97520339515712
    -134.00000000000   0.97510193531880
    -133.00000000000   0.97500132021081
    -132.00000000000   0.97490154709181
    -131.00000000000   0.97480261327723
    -130.00000000000   0.97470451613783
    -129.00000000000   0.97460725309823
    -128.00000000000   0.97451082163556
    -127.00000000000   0.97441521927814
    -126.00000000000   0.97432044360415
    -125.00000000000   0.97422649224042
    -124.00000000000   0.97413336286123
    -123.00000000000   0.97404105318712
    -122.00000000000   0.97394956098381
    -121.00000000000   0.97385888406108
    -120.00000000000   0.97376902027172
    -119.00000000000   0.97367996751055
    -118.00000000000   0.97359172371339
    -117.00000000000   0.97350428685614
    -116.00000000000   0.97341765495385
    -115.00000000000   0.97333182605980
    -114.00000000000   0.97324679826468
    -113.00000000000   0.97316256969574
    -112.00000000000   0.97307913851596
    -111.00000000000   0.97299650292326
    -110.00000000000   0.97291466114977
    -109.00000000000   0.97283361146106
    -108.00000000000   0.97275335215545
    -107.00000000000   0.97267388156327
    -106.00000000000   0.97259519804624
   -105.000000000000   0.97251729999679
   -104.000000000000   0.97244018583741
   -103.000000000000   0.97236385402006
   -102.000000000000   0.97228830302555
   -101.000000000000   0.97221353136299
   -100.000000000000   0.97213953756919
    -99.000000000000   0.97206632020812
    -98.000000000000   0.97199387787040
    -97.000000000000   0.97192220917279
    -96.000000000000   0.97185131275762
    -95.000000000000   0.97178118729238
    -94.000000000000   0.97171183146923
    -93.000000000000   0.97164324400450
    -92.000000000000   0.97157542363827
    -91.000000000000   0.97150836913393
    -90.000000000000   0.97144207927781
    -89.000000000000   0.97137655287866
    -88.000000000000   0.97131178876731
    -87.000000000000   0.97124778579632
    -86.000000000000   0.97118454283954
    -85.000000000000   0.97112205879178
    -84.000000000000   0.97106033256837
    -83.000000000000   0.97099936310495
    -82.000000000000   0.97093914935708
    -81.000000000000   0.97087969029981
    -80.000000000000   0.97082098492745
    -79.000000000000   0.97076303225329
    -78.000000000000   0.97070583130928
    -77.000000000000   0.97064938114562
    -76.000000000000   0.97059368083056
    -75.000000000000   0.97053872945020
    -74.000000000000   0.97048452610814
    -73.000000000000   0.97043106992513
    -72.000000000000   0.97037836003886
    -71.000000000000   0.97032639560388
    -70.000000000000   0.97027517579122
    -69.000000000000   0.97022469978800
    -68.000000000000   0.97017496679736
    -67.000000000000   0.97012597603837
    -66.000000000000   0.97007772674565
    -65.000000000000   0.97003021816901
    -64.000000000000   0.96998344957340
    -63.000000000000   0.96993742023892
    -62.000000000000   0.96989212946035
    -61.000000000000   0.96984757654684
    -60.000000000000   0.96980376082192
    -59.000000000000   0.96976068162354
    -58.000000000000   0.96971833830359
    -57.000000000000   0.96967673022756
    -56.000000000000   0.96963585677466
    -55.000000000000   0.96959571733783
    -54.000000000000   0.96955631132333
    -53.000000000000   0.96951763815033
    -52.000000000000   0.96947969725106
    -51.000000000000   0.96944248807096
    -50.000000000000   0.96940601006818
    -49.000000000000   0.96937026271316
    -48.000000000000   0.96933524548884
    -47.000000000000   0.96930095789084
    -46.000000000000   0.96926739942705
    -45.000000000000   0.96923456961703
    -44.000000000000   0.96920246799231
    -43.000000000000   0.96917109409673
    -42.000000000000   0.96914044748589
    -41.000000000000   0.96911052772660
    -40.000000000000   0.96908133439715
    -39.000000000000   0.96905286708774
    -38.000000000000   0.96902512540000
    -37.000000000000   0.96899810894628
    -36.000000000000   0.96897181735000
    -35.000000000000   0.96894625024612
    -34.000000000000   0.96892140728077
    -33.000000000000   0.96889728811038
    -32.000000000000   0.96887389240201
    -31.000000000000   0.96885121983403
    -30.000000000000   0.96882927009569
    -29.000000000000   0.96880804288623
    -28.000000000000   0.96878753791513
    -27.000000000000   0.96876775490290
    -26.000000000000   0.96874869358075
    -25.000000000000   0.96873035368963
    -24.000000000000   0.96871273498036
    -23.000000000000   0.96869583721453
    -22.000000000000   0.96867966016434
    -21.000000000000   0.96866420361150
    -20.000000000000   0.96864946734723
    -19.000000000000   0.96863545117335
    -18.000000000000   0.96862215490217
    -17.000000000000   0.96860957835536
    -16.000000000000   0.96859772136386
    -15.000000000000   0.96858658376893
    -14.000000000000   0.96857616542231
    -13.000000000000   0.96856646618502
    -12.000000000000   0.96855748592708
    -11.000000000000   0.96854922452865
   -10.0000000000000   0.96854168188031
    -9.0000000000000   0.96853485788193
    -8.0000000000000   0.96852875244220
    -7.0000000000000   0.96852336547972
    -6.0000000000000   0.96851869692352
    -5.0000000000000   0.96851474671195
    -4.0000000000000   0.96851151479204
    -3.0000000000000   0.96850900112058
    -2.0000000000000   0.96850720566474
    -1.0000000000000   0.96850612840115
   0.   0.96850576931502
     1.0000000000000   0.96850612840115
     2.0000000000000   0.96850720566474
     3.0000000000000   0.96850900112058
     4.0000000000000   0.96851151479204
     5.0000000000000   0.96851474671195
     6.0000000000000   0.96851869692352
     7.0000000000000   0.96852336547972
     8.0000000000000   0.96852875244220
     9.0000000000000   0.96853485788193
    10.0000000000000   0.96854168188031
     11.000000000000   0.96854922452865
     12.000000000000   0.96855748592708
     13.000000000000   0.96856646618502
     14.000000000000   0.96857616542231
     15.000000000000   0.96858658376893
     16.000000000000   0.96859772136386
     17.000000000000   0.96860957835536
     18.000000000000   0.96862215490216
     19.000000000000   0.96863545117335
     20.000000000000   0.96864946734723
     21.000000000000   0.96866420361150
     22.000000000000   0.96867966016434
     23.000000000000   0.96869583721453
     24.000000000000   0.96871273498036
     25.000000000000   0.96873035368963
     26.000000000000   0.96874869358075
     27.000000000000   0.96876775490289
     28.000000000000   0.96878753791513
     29.000000000000   0.96880804288623
     30.000000000000   0.96882927009569
     31.000000000000   0.96885121983403
     32.000000000000   0.96887389240201
     33.000000000000   0.96889728811038
     34.000000000000   0.96892140728077
     35.000000000000   0.96894625024612
     36.000000000000   0.96897181735000
     37.000000000000   0.96899810894628
     38.000000000000   0.96902512540000
     39.000000000000   0.96905286708774
     40.000000000000   0.96908133439715
     41.000000000000   0.96911052772660
     42.000000000000   0.96914044748589
     43.000000000000   0.96917109409673
     44.000000000000   0.96920246799231
     45.000000000000   0.96923456961703
     46.000000000000   0.96926739942705
     47.000000000000   0.96930095789084
     48.000000000000   0.96933524548884
     49.000000000000   0.96937026271316
     50.000000000000   0.96940601006818
     51.000000000000   0.96944248807096
     52.000000000000   0.96947969725106
     53.000000000000   0.96951763815033
     54.000000000000   0.96955631132333
     55.000000000000   0.96959571733782
     56.000000000000   0.96963585677466
     57.000000000000   0.96967673022756
     58.000000000000   0.96971833830359
     59.000000000000   0.96976068162354
     60.000000000000   0.96980376082193
     61.000000000000   0.96984757654684
     62.000000000000   0.96989212946035
     63.000000000000   0.96993742023892
     64.000000000000   0.96998344957340
     65.000000000000   0.97003021816901
     66.000000000000   0.97007772674565
     67.000000000000   0.97012597603837
     68.000000000000   0.97017496679736
     69.000000000000   0.97022469978800
     70.000000000000   0.97027517579122
     71.000000000000   0.97032639560389
     72.000000000000   0.97037836003886
     73.000000000000   0.97043106992513
     74.000000000000   0.97048452610814
     75.000000000000   0.97053872945020
     76.000000000000   0.97059368083056
     77.000000000000   0.97064938114562
     78.000000000000   0.97070583130928
     79.000000000000   0.97076303225329
     80.000000000000   0.97082098492745
     81.000000000000   0.97087969029981
     82.000000000000   0.97093914935708
     83.000000000000   0.97099936310495
     84.000000000000   0.97106033256837
     85.000000000000   0.97112205879178
     86.000000000000   0.97118454283954
     87.000000000000   0.97124778579632
     88.000000000000   0.97131178876731
     89.000000000000   0.97137655287866
     90.000000000000   0.97144207927781
     91.000000000000   0.97150836913393
     92.000000000000   0.97157542363827
     93.000000000000   0.97164324400450
     94.000000000000   0.97171183146923
     95.000000000000   0.97178118729238
     96.000000000000   0.97185131275762
     97.000000000000   0.97192220917279
     98.000000000000   0.97199387787040
     99.000000000000   0.97206632020812
    100.000000000000   0.97213953756919
    101.000000000000   0.97221353136299
    102.000000000000   0.97228830302555
    103.000000000000   0.97236385402006
    104.000000000000   0.97244018583741
    105.000000000000   0.97251729999679
     106.00000000000   0.97259519804624
     107.00000000000   0.97267388156327
     108.00000000000   0.97275335215545
     109.00000000000   0.97283361146106
     110.00000000000   0.97291466114977
     111.00000000000   0.97299650292326
     112.00000000000   0.97307913851596
     113.00000000000   0.97316256969574
     114.00000000000   0.97324679826468
     115.00000000000   0.97333182605980
     116.00000000000   0.97341765495384
     117.00000000000   0.97350428685614
     118.00000000000   0.97359172371339
     119.00000000000   0.97367996751055
     120.00000000000   0.97376902027172
     121.00000000000   0.97385888406107
     122.00000000000   0.97394956098381
     123.00000000000   0.97404105318712
     124.00000000000   0.97413336286123
     125.00000000000   0.97422649224042
     126.00000000000   0.97432044360415
     127.00000000000   0.97441521927814
     128.00000000000   0.97451082163556
     129.00000000000   0.97460725309823
     130.00000000000   0.97470451613783
     131.00000000000   0.97480261327723
     132.00000000000   0.97490154709181
     133.00000000000   0.97500132021081
     134.00000000000   0.97510193531880
     135.00000000000   0.97520339515712
     136.00000000000   0.97530570252546
     137.00000000000   0.97540886028339
     138.00000000000   0.97551287135206
     139.00000000000   0.97561773871589
     140.00000000000   0.97572346542432
     141.00000000000   0.97583005459372
     142.00000000000   0.97593750940920
     143.00000000000   0.97604583312667
     144.00000000000   0.97615502907490
     145.00000000000   0.97626510065760
     146.00000000000   0.97637605135572
     147.00000000000   0.97648788472970
     148.00000000000   0.97660060442194
     149.00000000000   0.97671421415923
     150.00000000000   0.97682871775543
     151.00000000000   0.97694411911414
     152.00000000000   0.97706042223154
     153.00000000000   0.97717763119933
     154.00000000000   0.97729575020782
     155.00000000000   0.97741478354910
     156.00000000000   0.97753473562041
     157.00000000000   0.97765561092760
     158.00000000000   0.97777741408879
     159.00000000000   0.97790014983816
     160.00000000000   0.97802382302995
     161.00000000000   0.97814843864255
     162.00000000000   0.97827400178290
     163.00000000000   0.97840051769103
     164.00000000000   0.97852799174478
     165.00000000000   0.97865642946482
     166.00000000000   0.97878583651985
     167.00000000000   0.97891621873207
     168.00000000000   0.97904758208295
     169.00000000000   0.97917993271921
     170.00000000000   0.97931327695920
     171.00000000000   0.97944762129948
     172.00000000000   0.97958297242188
     173.00000000000   0.97971933720076
     174.00000000000   0.97985672271085
     175.00000000000   0.97999513623529
     176.00000000000   0.98013458527426
     177.00000000000   0.98027507755405
     178.00000000000   0.98041662103654
     179.00000000000   0.98055922392931
     180.00000000000   0.98070289469630
     181.00000000000   0.98084764206904
     182.00000000000   0.98099347505855
     183.00000000000   0.98114040296795
     184.00000000000   0.98128843540581
     185.00000000000   0.98143758230033
     186.00000000000   0.98158785391433
     187.00000000000   0.98173926086123
     188.00000000000   0.98189181412200
     189.00000000000   0.98204552506320
     190.00000000000   0.98220040545622
     191.00000000000   0.98235646749772
     192.00000000000   0.98251372383151
     193.00000000000   0.98267218757184
     194.00000000000   0.98283187232838
     195.00000000000   0.98299279223287
     196.00000000000   0.98315496196773
     197.00000000000   0.98331839679666
     198.00000000000   0.98348311259761
     199.00000000000   0.98364912589813
     200.00000000000   0.98381645391341
     201.00000000000   0.98398511458735
     202.00000000000   0.98415512663678
     203.00000000000   0.98432650959933
     204.00000000000   0.98449928388517
     205.00000000000   0.98467347083304
     206.00000000000   0.98484909277122
     207.00000000000   0.98502617308358
     208.00000000000   0.98520473628171
     209.00000000000   0.98538480808347
     210.00000000000   0.98556641549883
     211.00000000000   0.98574958692396
     212.00000000000   0.98593435224429
     213.00000000000   0.98612074294791
     214.00000000000   0.98630879225048
     215.00000000000   0.98649853523312
     216.00000000000   0.98669000899508
     217.00000000000   0.98688325282315
     218.00000000000   0.98707830838010
     219.00000000000   0.98727521991502
     220.00000000000   0.98747403449871
     221.00000000000   0.98767480228791
     222.00000000000   0.98787757682302
     223.00000000000   0.98808241536473
     224.00000000000   0.98828937927607
     225.00000000000   0.98849853445789
     226.00000000000   0.98870995184741
     227.00000000000   0.98892370799189
     228.00000000000   0.98913988571203
     229.00000000000   0.98935857487382
     230.00000000000   0.98957987329226
     231.00000000000   0.98980388779703
     232.00000000000   0.99003073549948
     233.00000000000   0.99026054531287
     234.00000000000   0.99049345979622
     235.00000000000   0.99072963741899
     236.00000000000   0.99096925538357
     237.00000000000   0.99121251320194
     238.00000000000   0.99145963730889
     239.00000000000   0.99171088711338
     240.00000000000   0.99196656303716
     241.00000000000   0.99222701723573
     242.00000000000   0.99249266775663
     243.00000000000   0.99276401669128
     244.00000000000   0.99304167212982
     245.00000000000   0.99332637204250
     246.00000000000   0.99361900519919
     247.00000000000   0.99392061975770
     248.00000000000   0.99423240468616
     249.00000000000   0.99455562424162
     250.00000000000   0.99489148400935
     251.00000000000   0.99524091200715
     252.00000000000   0.99560425311942
     253.00000000000   0.99598090028712
     254.00000000000   0.99636891769592
     255.00000000000   0.99676474074310
     256.00000000000   0.99716305228765
     257.00000000000   0.99755692277083
     258.00000000000   0.99793825799683
     259.00000000000   0.99829852879891
     260.00000000000   0.99862967960962
     261.00000000000   0.99892505320768
     262.00000000000   0.99918014924813
     263.00000000000   0.99939306487034
     264.00000000000   0.99956453926230
     265.00000000000   0.99969761751793
     266.00000000000   0.99979703289270
     267.00000000000   0.99986845618212
     268.00000000000   0.99991776587645
     269.00000000000   0.99995045858981
     270.00000000000   0.99997126322285
     271.00000000000   0.99998396487628
     272.00000000000   0.99999140161092
     273.00000000000   0.99999557589234
     274.00000000000   0.99999782150473
     275.00000000000   0.99999897904178
     276.00000000000   0.99999955063863
     277.00000000000   0.99999982098428
     278.00000000000   0.99999994343283
     279.00000000000   0.99999999653731
     280.00000000000    1.0000000185868
     281.00000000000    1.0000000273509
     282.00000000000    1.0000000306852
     283.00000000000    1.0000000318994
     284.00000000000    1.0000000323225
     285.00000000000    1.0000000324637
     286.00000000000    1.0000000325087
     287.00000000000    1.0000000325224
     288.00000000000    1.0000000325265
     289.00000000000    1.0000000325276
     290.00000000000    1.0000000325279
     291.00000000000    1.0000000325280
     292.00000000000    1.0000000325280
     293.00000000000    1.0000000325280
     294.00000000000    1.0000000325280
     295.00000000000    1.0000000325280
     296.00000000000    1.0000000325280
     297.00000000000    1.0000000325280
     298.00000000000    1.0000000325280
     299.00000000000    1.0000000325280
     300.00000000000    1.0000000325280
     301.00000000000    1.0000000325280
     302.00000000000    1.0000000325280
     303.00000000000    1.0000000325280
     304.00000000000    1.0000000325280
     305.00000000000    1.0000000325280
     306.00000000000    1.0000000325280
     307.00000000000    1.0000000325280
     308.00000000000    1.0000000325280
     309.00000000000    1.0000000325280
     310.00000000000    1.0000000325280
     311.00000000000    1.0000000325280
     312.00000000000    1.0000000325280
     313.00000000000    1.0000000325280
     314.00000000000    1.0000000325280
     315.00000000000    1.0000000325280
     316.00000000000    1.0000000325280
     317.00000000000    1.0000000325280
     318.00000000000    1.0000000325280
     319.00000000000    1.0000000325280
     320.00000000000    1.0000000325280
     321.00000000000    1.0000000325280
     322.00000000000    1.0000000325280
     323.00000000000    1.0000000325280
     324.00000000000    1.0000000325280
     325.00000000000    1.0000000325280
     326.00000000000    1.0000000325280
     327.00000000000    1.0000000325280
     328.00000000000    1.0000000325280
     329.00000000000    1.0000000325280
     330.00000000000    1.0000000325280
     331.00000000000    1.0000000325280
     332.00000000000    1.0000000325280
     333.00000000000    1.0000000325280
     334.00000000000    1.0000000325280
     335.00000000000    1.0000000325280
     336.00000000000    1.0000000325280
     337.00000000000    1.0000000325280
     338.00000000000    1.0000000325280
     339.00000000000    1.0000000325280
     340.00000000000    1.0000000325280
     341.00000000000    1.0000000325280
     342.00000000000    1.0000000325280
     343.00000000000    1.0000000325280
     344.00000000000    1.0000000325280
     345.00000000000    1.0000000325280
     346.00000000000    1.0000000325280
     347.00000000000    1.0000000325280
     348.00000000000    1.0000000325280
     349.00000000000    1.0000000325280
     350.00000000000    1.0000000325280
     351.00000000000    1.0000000325280
     352.00000000000    1.0000000325280
     353.00000000000    1.0000000325280
     354.00000000000    1.0000000325280
     355.00000000000    1.0000000325280
     356.00000000000    1.0000000325280
     357.00000000000    1.0000000325280
     358.00000000000    1.0000000325280
     359.00000000000    1.0000000325280
     360.00000000000    1.0000000325280
     361.00000000000    1.0000000325280
     362.00000000000    1.0000000325280
     363.00000000000    1.0000000325280
     364.00000000000    1.0000000325280
     365.00000000000    1.0000000325280
     366.00000000000    1.0000000325280
     367.00000000000    1.0000000325280
     368.00000000000    1.0000000325280
     369.00000000000    1.0000000325280
     370.00000000000    1.0000000325280
     371.00000000000    1.0000000325280
     372.00000000000    1.0000000325280
     373.00000000000    1.0000000325280
     374.00000000000    1.0000000325280
     375.00000000000    1.0000000325280
     376.00000000000    1.0000000325280
     377.00000000000    1.0000000325280
     378.00000000000    1.0000000325280
     379.00000000000    1.0000000325280
     380.00000000000    1.0000000325280
     381.00000000000    1.0000000325280
     382.00000000000    1.0000000325280
     383.00000000000    1.0000000325280
     384.00000000000    1.0000000325280
     385.00000000000    1.0000000325280
     386.00000000000    1.0000000325280
     387.00000000000    1.0000000325280
     388.00000000000    1.0000000325280
     389.00000000000    1.0000000325280
     390.00000000000    1.0000000325280
     391.00000000000    1.0000000325280
     392.00000000000    1.0000000325280
     393.00000000000    1.0000000325280
     394.00000000000    1.0000000325280
     395.00000000000    1.0000000325280
     396.00000000000    1.0000000325280
     397.00000000000    1.0000000325280
     398.00000000000    1.0000000325280
     399.00000000000    1.0000000325280
     400.00000000000    1.0000000325280
     401.00000000000    1.0000000325280
     402.00000000000    1.0000000325280
     403.00000000000    1.0000000325280
     404.00000000000    1.0000000325280
     405.00000000000    1.0000000325280
     406.00000000000    1.0000000325280
     407.00000000000    1.0000000325280
     408.00000000000    1.0000000325280
     409.00000000000    1.0000000325280
     410.00000000000    1.0000000325280
     411.00000000000    1.0000000325280
     412.00000000000    1.0000000325280
     413.00000000000    1.0000000325280
     414.00000000000    1.0000000325280
     415.00000000000    1.0000000325280
     416.00000000000    1.0000000325280
     417.00000000000    1.0000000325280
     418.00000000000    1.0000000325280
     419.00000000000    1.0000000325280
     420.00000000000    1.0000000325280
     421.00000000000    1.0000000325280
     422.00000000000    1.0000000325280
     423.00000000000    1.0000000325280
     424.00000000000    1.0000000325280
     425.00000000000    1.0000000325280
     426.00000000000    1.0000000325280
     427.00000000000    1.0000000325280
     428.00000000000    1.0000000325280
     429.00000000000    1.0000000325280
     430.00000000000    1.0000000325280
     431.00000000000    1.0000000325280
     432.00000000000    1.0000000325280
     433.00000000000    1.0000000325280
     434.00000000000    1.0000000325280
     435.00000000000    1.0000000325280
     436.00000000000    1.0000000325280
     437.00000000000    1.0000000325280
     438.00000000000    1.0000000325280
     439.00000000000    1.0000000325280
     440.00000000000    1.0000000325280
     441.00000000000    1.0000000325280
     442.00000000000    1.0000000325280
     443.00000000000    1.0000000325280
     444.00000000000    1.0000000325280
     445.00000000000    1.0000000325280
     446.00000000000    1.0000000325280
     447.00000000000    1.0000000325280
     448.00000000000    1.0000000325280
     449.00000000000    1.0000000325280
     450.00000000000    1.0000000325280
     451.00000000000    1.0000000325280
     452.00000000000    1.0000000325280
     453.00000000000    1.0000000325280
     454.00000000000    1.0000000325280
     455.00000000000    1.0000000325280
     456.00000000000    1.0000000325280
     457.00000000000    1.0000000325280
     458.00000000000    1.0000000325280
     459.00000000000    1.0000000325280
     460.00000000000    1.0000000325280
     461.00000000000    1.0000000325280
     462.00000000000    1.0000000325280
     463.00000000000    1.0000000325280
     464.00000000000    1.0000000325280
     465.00000000000    1.0000000325280
     466.00000000000    1.0000000325280
     467.00000000000    1.0000000325280
     468.00000000000    1.0000000325280
     469.00000000000    1.0000000325280
     470.00000000000    1.0000000325280
     471.00000000000    1.0000000325280
     472.00000000000    1.0000000325280
     473.00000000000    1.0000000325280
     474.00000000000    1.0000000325280
     475.00000000000    1.0000000325280
     476.00000000000    1.0000000325280
     477.00000000000    1.0000000325280
     478.00000000000    1.0000000325280
     479.00000000000    1.0000000325280
     480.00000000000    1.0000000325280
     481.00000000000    1.0000000325280
     482.00000000000    1.0000000325280
     483.00000000000    1.0000000325280
     484.00000000000    1.0000000325280
     485.00000000000    1.0000000325280
     486.00000000000    1.0000000325280
     487.00000000000    1.0000000325280
     488.00000000000    1.0000000325280
     489.00000000000    1.0000000325280
     490.00000000000    1.0000000325280
     491.00000000000    1.0000000325280
     492.00000000000    1.0000000325280
     493.00000000000    1.0000000325280
     494.00000000000    1.0000000325280
     495.00000000000    1.0000000325280
     496.00000000000    1.0000000325280
     497.00000000000    1.0000000325280
     498.00000000000    1.0000000325280
     499.00000000000    1.0000000325280
     500.00000000000    1.0000000325280
