    -500.00000000000    1.0000000325280
    -499.00000000000    1.0000000325280
    -498.00000000000    1.0000000325280
    -497.00000000000    1.0000000325280
    -496.00000000000    1.0000000325280
    -495.00000000000    1.0000000325280
    -494.00000000000    1.0000000325280
    -493.00000000000    1.0000000325280
    -492.00000000000    1.0000000325280
    -491.00000000000    1.0000000325280
    -490.00000000000    1.0000000325280
    -489.00000000000    1.0000000325280
    -488.00000000000    1.0000000325280
    -487.00000000000    1.0000000325280
    -486.00000000000    1.0000000325280
    -485.00000000000    1.0000000325280
    -484.00000000000    1.0000000325280
    -483.00000000000    1.0000000325280
    -482.00000000000    1.0000000325280
    -481.00000000000    1.0000000325280
    -480.00000000000    1.0000000325280
    -479.00000000000    1.0000000325280
    -478.00000000000    1.0000000325280
    -477.00000000000    1.0000000325280
    -476.00000000000    1.0000000325280
    -475.00000000000    1.0000000325280
    -474.00000000000    1.0000000325280
    -473.00000000000    1.0000000325280
    -472.00000000000    1.0000000325280
    -471.00000000000    1.0000000325280
    -470.00000000000    1.0000000325280
    -469.00000000000    1.0000000325280
    -468.00000000000    1.0000000325280
    -467.00000000000    1.0000000325280
    -466.00000000000    1.0000000325280
    -465.00000000000    1.0000000325280
    -464.00000000000    1.0000000325280
    -463.00000000000    1.0000000325280
    -462.00000000000    1.0000000325280
    -461.00000000000    1.0000000325280
    -460.00000000000    1.0000000325280
    -459.00000000000    1.0000000325280
    -458.00000000000    1.0000000325280
    -457.00000000000    1.0000000325280
    -456.00000000000    1.0000000325280
    -455.00000000000    1.0000000325280
    -454.00000000000    1.0000000325280
    -453.00000000000    1.0000000325280
    -452.00000000000    1.0000000325280
    -451.00000000000    1.0000000325280
    -450.00000000000    1.0000000325280
    -449.00000000000    1.0000000325280
    -448.00000000000    1.0000000325280
    -447.00000000000    1.0000000325280
    -446.00000000000    1.0000000325280
    -445.00000000000    1.0000000325280
    -444.00000000000    1.0000000325280
    -443.00000000000    1.0000000325280
    -442.00000000000    1.0000000325280
    -441.00000000000    1.0000000325280
    -440.00000000000    1.0000000325280
    -439.00000000000    1.0000000325280
    -438.00000000000    1.0000000325280
    -437.00000000000    1.0000000325280
    -436.00000000000    1.0000000325280
    -435.00000000000    1.0000000325280
    -434.00000000000    1.0000000325280
    -433.00000000000    1.0000000325280
    -432.00000000000    1.0000000325280
    -431.00000000000    1.0000000325280
    -430.00000000000    1.0000000325280
    -429.00000000000    1.0000000325280
    -428.00000000000    1.0000000325280
    -427.00000000000    1.0000000325280
    -426.00000000000    1.0000000325280
    -425.00000000000    1.0000000325280
    -424.00000000000    1.0000000325280
    -423.00000000000    1.0000000325280
    -422.00000000000    1.0000000325280
    -421.00000000000    1.0000000325280
    -420.00000000000    1.0000000325280
    -419.00000000000    1.0000000325280
    -418.00000000000    1.0000000325280
    -417.00000000000    1.0000000325280
    -416.00000000000    1.0000000325280
    -415.00000000000    1.0000000325280
    -414.00000000000    1.0000000325280
    -413.00000000000    1.0000000325280
    -412.00000000000    1.0000000325280
    -411.00000000000    1.0000000325280
    -410.00000000000    1.0000000325280
    -409.00000000000    1.0000000325280
    -408.00000000000    1.0000000325280
    -407.00000000000    1.0000000325280
    -406.00000000000    1.0000000325280
    -405.00000000000    1.0000000325280
    -404.00000000000    1.0000000325280
    -403.00000000000    1.0000000325280
    -402.00000000000    1.0000000325280
    -401.00000000000    1.0000000325280
    -400.00000000000    1.0000000325280
    -399.00000000000    1.0000000325280
    -398.00000000000    1.0000000325280
    -397.00000000000    1.0000000325280
    -396.00000000000    1.0000000325280
    -395.00000000000    1.0000000325280
    -394.00000000000    1.0000000325280
    -393.00000000000    1.0000000325280
    -392.00000000000    1.0000000325280
    -391.00000000000    1.0000000325280
    -390.00000000000    1.0000000325280
    -389.00000000000    1.0000000325280
    -388.00000000000    1.0000000325280
    -387.00000000000    1.0000000325280
    -386.00000000000    1.0000000325280
    -385.00000000000    1.0000000325280
    -384.00000000000    1.0000000325280
    -383.00000000000    1.0000000325280
    -382.00000000000    1.0000000325280
    -381.00000000000    1.0000000325280
    -380.00000000000    1.0000000325280
    -379.00000000000    1.0000000325280
    -378.00000000000    1.0000000325280
    -377.00000000000    1.0000000325280
    -376.00000000000    1.0000000325280
    -375.00000000000    1.0000000325280
    -374.00000000000    1.0000000325280
    -373.00000000000    1.0000000325280
    -372.00000000000    1.0000000325280
    -371.00000000000    1.0000000325280
    -370.00000000000    1.0000000325280
    -369.00000000000    1.0000000325280
    -368.00000000000    1.0000000325280
    -367.00000000000    1.0000000325280
    -366.00000000000    1.0000000325280
    -365.00000000000    1.0000000325280
    -364.00000000000    1.0000000325280
    -363.00000000000    1.0000000325280
    -362.00000000000    1.0000000325280
    -361.00000000000    1.0000000325280
    -360.00000000000    1.0000000325280
    -359.00000000000    1.0000000325280
    -358.00000000000    1.0000000325280
    -357.00000000000    1.0000000325280
    -356.00000000000    1.0000000325280
    -355.00000000000    1.0000000325280
    -354.00000000000    1.0000000325280
    -353.00000000000    1.0000000325280
    -352.00000000000    1.0000000325280
    -351.00000000000    1.0000000325280
    -350.00000000000    1.0000000325280
    -349.00000000000    1.0000000325280
    -348.00000000000    1.0000000325280
    -347.00000000000    1.0000000325280
    -346.00000000000    1.0000000325280
    -345.00000000000    1.0000000325280
    -344.00000000000    1.0000000325280
    -343.00000000000    1.0000000325280
    -342.00000000000    1.0000000325280
    -341.00000000000    1.0000000325280
    -340.00000000000    1.0000000325280
    -339.00000000000    1.0000000325280
    -338.00000000000    1.0000000325280
    -337.00000000000    1.0000000325280
    -336.00000000000    1.0000000325280
    -335.00000000000    1.0000000325280
    -334.00000000000    1.0000000325280
    -333.00000000000    1.0000000325280
    -332.00000000000    1.0000000325280
    -331.00000000000    1.0000000325280
    -330.00000000000    1.0000000325280
    -329.00000000000    1.0000000325280
    -328.00000000000    1.0000000325280
    -327.00000000000    1.0000000325280
    -326.00000000000    1.0000000325280
    -325.00000000000    1.0000000325280
    -324.00000000000    1.0000000325280
    -323.00000000000    1.0000000325280
    -322.00000000000    1.0000000325280
    -321.00000000000    1.0000000325280
    -320.00000000000    1.0000000325280
    -319.00000000000    1.0000000325280
    -318.00000000000    1.0000000325280
    -317.00000000000    1.0000000325280
    -316.00000000000    1.0000000325280
    -315.00000000000    1.0000000325280
    -314.00000000000    1.0000000325280
    -313.00000000000    1.0000000325280
    -312.00000000000    1.0000000325280
    -311.00000000000    1.0000000325280
    -310.00000000000    1.0000000325280
    -309.00000000000    1.0000000325280
    -308.00000000000    1.0000000325280
    -307.00000000000    1.0000000325280
    -306.00000000000    1.0000000325280
    -305.00000000000    1.0000000325280
    -304.00000000000    1.0000000325280
    -303.00000000000    1.0000000325280
    -302.00000000000    1.0000000325280
    -301.00000000000    1.0000000325280
    -300.00000000000    1.0000000325280
    -299.00000000000    1.0000000325280
    -298.00000000000    1.0000000325280
    -297.00000000000    1.0000000325280
    -296.00000000000    1.0000000325280
    -295.00000000000    1.0000000325280
    -294.00000000000    1.0000000325280
    -293.00000000000    1.0000000325280
    -292.00000000000    1.0000000325280
    -291.00000000000    1.0000000325280
    -290.00000000000    1.0000000325280
    -289.00000000000    1.0000000325280
    -288.00000000000    1.0000000325280
    -287.00000000000    1.0000000325280
    -286.00000000000    1.0000000325280
    -285.00000000000    1.0000000325280
    -284.00000000000    1.0000000325280
    -283.00000000000    1.0000000325280
    -282.00000000000    1.0000000325280
    -281.00000000000    1.0000000325280
    -280.00000000000    1.0000000325280
    -279.00000000000    1.0000000325280
    -278.00000000000    1.0000000325280
    -277.00000000000    1.0000000325280
    -276.00000000000    1.0000000325280
    -275.00000000000    1.0000000325280
    -274.00000000000    1.0000000325279
    -273.00000000000    1.0000000325275
    -272.00000000000    1.0000000325263
    -271.00000000000    1.0000000325219
    -270.00000000000    1.0000000325067
    -269.00000000000    1.0000000324570
    -268.00000000000    1.0000000323013
    -267.00000000000    1.0000000318345
    -266.00000000000    1.0000000304947
    -265.00000000000    1.0000000268152
    -264.00000000000    1.0000000171436
    -263.00000000000   0.99999999280920
    -262.00000000000   0.99999993419773
    -261.00000000000   0.99999979904157
    -260.00000000000   0.99999950061720
    -259.00000000000   0.99999886960258
    -258.00000000000   0.99999759163013
    -257.00000000000   0.99999511214869
    -256.00000000000   0.99999050268888
    -255.00000000000   0.99998228980083
    -254.00000000000   0.99996826093373
    -253.00000000000   0.99994527961565
    -252.00000000000   0.99990916170482
    -251.00000000000   0.99985467814241
    -250.00000000000   0.99977574854700
    -249.00000000000   0.99966586659604
    -248.00000000000   0.99951875079959
    -247.00000000000   0.99932915084155
    -246.00000000000   0.99909367770099
    -245.00000000000   0.99881148788590
    -244.00000000000   0.99848465733970
    -243.00000000000   0.99811813516935
    -242.00000000000   0.99771925972452
    -241.00000000000   0.99729692277256
    -240.00000000000   0.99686054892741
    -239.00000000000   0.99641909163815
    -238.00000000000   0.99598022561173
    -237.00000000000   0.99554984979171
    -236.00000000000   0.99513192986070
    -235.00000000000   0.99472863238312
    -234.00000000000   0.99434065420190
    -233.00000000000   0.99396763735674
    -232.00000000000   0.99360857587663
    -231.00000000000   0.99326215329748
    -230.00000000000   0.99292698483726
    -229.00000000000   0.99260176595283
    -228.00000000000   0.99228534534559
    -227.00000000000   0.99197674606024
    -226.00000000000   0.99167515647438
    -225.00000000000   0.99137990755473
    -224.00000000000   0.99109044674028
    -223.00000000000   0.99080631387318
    -222.00000000000   0.99052712127139
    -221.00000000000   0.99025253817200
    -220.00000000000   0.98998227894448
    -219.00000000000   0.98971609424951
    -218.00000000000   0.98945376438166
    -217.00000000000   0.98919509419333
    -216.00000000000   0.98893990915881
    -215.00000000000   0.98868805226806
    -214.00000000000   0.98843938153420
    -213.00000000000   0.98819376796410
    -212.00000000000   0.98795109388509
    -211.00000000000   0.98771125155036
    -210.00000000000   0.98747414196595
    -209.00000000000   0.98723967389591
    -208.00000000000   0.98700776301270
    -207.00000000000   0.98677833116683
    -206.00000000000   0.98655130575538
    -205.00000000000   0.98632661917310
    -204.00000000000   0.98610420833300
    -203.00000000000   0.98588401424572
    -202.00000000000   0.98566598164890
    -201.00000000000   0.98545005867942
    -200.00000000000   0.98523619658242
    -199.00000000000   0.98502434945214
    -198.00000000000   0.98481447400033
    -197.00000000000   0.98460652934872
    -196.00000000000   0.98440047684251
    -195.00000000000   0.98419627988223
    -194.00000000000   0.98399390377188
    -193.00000000000   0.98379331558140
    -192.00000000000   0.98359448402181
    -191.00000000000   0.98339737933164
    -190.00000000000   0.98320197317336
    -189.00000000000   0.98300823853886
    -188.00000000000   0.98281614966284
    -187.00000000000   0.98262568194351
    -186.00000000000   0.98243681186971
    -185.00000000000   0.98224951695384
    -184.00000000000   0.98206377567012
    -183.00000000000   0.98187956739756
    -182.00000000000   0.98169687236731
    -181.00000000000   0.98151567161387
    -180.00000000000   0.98133594692992
    -179.00000000000   0.98115768082438
    -178.00000000000   0.98098085648342
    -177.00000000000   0.98080545773425
    -176.00000000000   0.98063146901133
    -175.00000000000   0.98045887532488
    -174.00000000000   0.98028766223150
    -173.00000000000   0.98011781580666
    -172.00000000000   0.97994932261906
    -171.00000000000   0.97978216970651
    -170.00000000000   0.97961634455339
    -169.00000000000   0.97945183506948
    -168.00000000000   0.97928862957009
    -167.00000000000   0.97912671675733
    -166.00000000000   0.97896608570260
    -165.00000000000   0.97880672582996
    -164.00000000000   0.97864862690060
    -163.00000000000   0.97849177899806
    -162.00000000000   0.97833617251441
    -161.00000000000   0.97818179813708
    -160.00000000000   0.97802864683648
    -159.00000000000   0.97787670985429
    -158.00000000000   0.97772597869232
    -157.00000000000   0.97757644510205
    -156.00000000000   0.97742810107459
    -155.00000000000   0.97728093883130
    -154.00000000000   0.97713495081477
    -153.00000000000   0.97699012968029
    -152.00000000000   0.97684646828783
    -151.00000000000   0.97670395969423
    -150.00000000000   0.97656259714598
    -149.00000000000   0.97642237407219
    -148.00000000000   0.97628328407795
    -147.00000000000   0.97614532093805
    -146.00000000000   0.97600847859091
    -145.00000000000   0.97587275113283
    -144.00000000000   0.97573813281253
    -143.00000000000   0.97560461802586
    -142.00000000000   0.97547220131084
    -141.00000000000   0.97534087734287
    -140.00000000000   0.97521064093011
    -139.00000000000   0.97508148700916
    -138.00000000000   0.97495341064083
    -137.00000000000   0.97482640700616
    -136.00000000000   0.97470047140256
    -135.00000000000   0.97457559924015
    -134.00000000000   0.97445178603820
    -133.00000000000   0.97432902742181
    -132.00000000000   0.97420731911857
    -131.00000000000   0.97408665695554
    -130.00000000000   0.97396703685621
    -129.00000000000   0.97384845483764
    -128.00000000000   0.97373090700772
    -127.00000000000   0.97361438956246
    -126.00000000000   0.97349889878353
    -125.00000000000   0.97338443103575
    -124.00000000000   0.97327098276473
    -123.00000000000   0.97315855049465
    -122.00000000000   0.97304713082601
    -121.00000000000   0.97293672043358
    -120.00000000000   0.97282731606437
    -119.00000000000   0.97271891453564
    -118.00000000000   0.97261151273305
    -117.00000000000   0.97250510760886
    -116.00000000000   0.97239969618014
    -115.00000000000   0.97229527552712
    -114.00000000000   0.97219184279154
    -113.00000000000   0.97208939517511
    -112.00000000000   0.97198792993795
    -111.00000000000   0.97188744439715
    -110.00000000000   0.97178793592537
    -109.00000000000   0.97168940194945
    -108.00000000000   0.97159183994912
    -107.00000000000   0.97149524745567
    -106.00000000000   0.97139962205078
   -105.000000000000   0.97130496136528
   -104.000000000000   0.97121126307805
   -103.000000000000   0.97111852491482
   -102.000000000000   0.97102674464719
   -101.000000000000   0.97093592009151
   -100.000000000000   0.97084604910790
    -99.000000000000   0.97075712959928
    -98.000000000000   0.97066915951039
    -97.000000000000   0.97058213682692
    -96.000000000000   0.97049605957456
    -95.000000000000   0.97041092581819
    -94.000000000000   0.97032673366102
    -93.000000000000   0.97024348124380
    -92.000000000000   0.97016116674401
    -91.000000000000   0.97007978837511
    -90.000000000000   0.96999934438582
    -89.000000000000   0.96991983305939
    -88.000000000000   0.96984125271289
    -87.000000000000   0.96976360169657
    -86.000000000000   0.96968687839319
    -85.000000000000   0.96961108121739
    -84.000000000000   0.96953620861507
    -83.000000000000   0.96946225906280
    -82.000000000000   0.96938923106724
    -81.000000000000   0.96931712316459
    -80.000000000000   0.96924593392002
    -79.000000000000   0.96917566192714
    -78.000000000000   0.96910630580752
    -77.000000000000   0.96903786421018
    -76.000000000000   0.96897033581105
    -75.000000000000   0.96890371931258
    -74.000000000000   0.96883801344323
    -73.000000000000   0.96877321695705
    -72.000000000000   0.96870932863323
    -71.000000000000   0.96864634727569
    -70.000000000000   0.96858427171267
    -69.000000000000   0.96852310079635
    -68.000000000000   0.96846283340243
    -67.000000000000   0.96840346842979
    -66.000000000000   0.96834500480010
    -65.000000000000   0.96828744145751
    -64.000000000000   0.96823077736823
    -63.000000000000   0.96817501152028
    -62.000000000000   0.96812014292312
    -61.000000000000   0.96806617060735
    -60.000000000000   0.96801309362437
    -59.000000000000   0.96796091104617
    -58.000000000000   0.96790962196492
    -57.000000000000   0.96785922549279
    -56.000000000000   0.96780972076162
    -55.000000000000   0.96776110692271
    -54.000000000000   0.96771338314648
    -53.000000000000   0.96766654862230
    -52.000000000000   0.96762060255821
    -51.000000000000   0.96757554418069
    -50.000000000000   0.96753137273442
    -49.000000000000   0.96748808748209
    -48.000000000000   0.96744568770415
    -47.000000000000   0.96740417269863
    -46.000000000000   0.96736354178091
    -45.000000000000   0.96732379428352
    -44.000000000000   0.96728492955601
    -43.000000000000   0.96724694696469
    -42.000000000000   0.96720984589247
    -41.000000000000   0.96717362573873
    -40.000000000000   0.96713828591910
    -39.000000000000   0.96710382586532
    -38.000000000000   0.96707024502508
    -37.000000000000   0.96703754286185
    -36.000000000000   0.96700571885478
    -35.000000000000   0.96697477249852
    -34.000000000000   0.96694470330304
    -33.000000000000   0.96691551079361
    -32.000000000000   0.96688719451059
    -31.000000000000   0.96685975400930
    -30.000000000000   0.96683318885992
    -29.000000000000   0.96680749864741
    -28.000000000000   0.96678268297137
    -27.000000000000   0.96675874144589
    -26.000000000000   0.96673567369952
    -25.000000000000   0.96671347937514
    -24.000000000000   0.96669215812988
    -23.000000000000   0.96667170963497
    -22.000000000000   0.96665213357574
    -21.000000000000   0.96663342965150
    -20.000000000000   0.96661559757547
    -19.000000000000   0.96659863707465
    -18.000000000000   0.96658254788983
    -17.000000000000   0.96656732977549
    -16.000000000000   0.96655298249975
    -15.000000000000   0.96653950584425
    -14.000000000000   0.96652689960416
    -13.000000000000   0.96651516358815
    -12.000000000000   0.96650429761825
    -11.000000000000   0.96649430152984
   -10.0000000000000   0.96648517517166
    -9.0000000000000   0.96647691840573
    -8.0000000000000   0.96646953110732
    -7.0000000000000   0.96646301316486
    -6.0000000000000   0.96645736448003
    -5.0000000000000   0.96645258496767
    -4.0000000000000   0.96644867455573
    -3.0000000000000   0.96644563318527
    -2.0000000000000   0.96644346081051
    -1.0000000000000   0.96644215739874
   0.   0.96644172293034
     1.0000000000000   0.96644215739875
     2.0000000000000   0.96644346081051
     3.0000000000000   0.96644563318527
     4.0000000000000   0.96644867455573
     5.0000000000000   0.96645258496767
     6.0000000000000   0.96645736448003
     7.0000000000000   0.96646301316486
     8.0000000000000   0.96646953110732
     9.0000000000000   0.96647691840573
    10.0000000000000   0.96648517517166
     11.000000000000   0.96649430152984
     12.000000000000   0.96650429761825
     13.000000000000   0.96651516358815
     14.000000000000   0.96652689960416
     15.000000000000   0.96653950584425
     16.000000000000   0.96655298249975
     17.000000000000   0.96656732977549
     18.000000000000   0.96658254788983
     19.000000000000   0.96659863707465
     20.000000000000   0.96661559757547
     21.000000000000   0.96663342965150
     22.000000000000   0.96665213357574
     23.000000000000   0.96667170963497
     24.000000000000   0.96669215812988
     25.000000000000   0.96671347937514
     26.000000000000   0.96673567369952
     27.000000000000   0.96675874144589
     28.000000000000   0.96678268297137
     29.000000000000   0.96680749864741
     30.000000000000   0.96683318885992
     31.000000000000   0.96685975400930
     32.000000000000   0.96688719451059
     33.000000000000   0.96691551079361
     34.000000000000   0.96694470330304
     35.000000000000   0.96697477249852
     36.000000000000   0.96700571885478
     37.000000000000   0.96703754286185
     38.000000000000   0.96707024502508
     39.000000000000   0.96710382586532
     40.000000000000   0.96713828591910
     41.000000000000   0.96717362573873
     42.000000000000   0.96720984589247
     43.000000000000   0.96724694696469
     44.000000000000   0.96728492955601
     45.000000000000   0.96732379428352
     46.000000000000   0.96736354178091
     47.000000000000   0.96740417269863
     48.000000000000   0.96744568770415
     49.000000000000   0.96748808748209
     50.000000000000   0.96753137273442
     51.000000000000   0.96757554418069
     52.000000000000   0.96762060255821
     53.000000000000   0.96766654862230
     54.000000000000   0.96771338314648
     55.000000000000   0.96776110692271
     56.000000000000   0.96780972076162
     57.000000000000   0.96785922549279
     58.000000000000   0.96790962196492
     59.000000000000   0.96796091104617
     60.000000000000   0.96801309362437
     61.000000000000   0.96806617060734
     62.000000000000   0.96812014292312
     63.000000000000   0.96817501152028
     64.000000000000   0.96823077736822
     65.000000000000   0.96828744145750
     66.000000000000   0.96834500480010
     67.000000000000   0.96840346842979
     68.000000000000   0.96846283340243
     69.000000000000   0.96852310079635
     70.000000000000   0.96858427171267
     71.000000000000   0.96864634727569
     72.000000000000   0.96870932863323
     73.000000000000   0.96877321695705
     74.000000000000   0.96883801344323
     75.000000000000   0.96890371931258
     76.000000000000   0.96897033581105
     77.000000000000   0.96903786421018
     78.000000000000   0.96910630580752
     79.000000000000   0.96917566192714
     80.000000000000   0.96924593392001
     81.000000000000   0.96931712316459
     82.000000000000   0.96938923106724
     83.000000000000   0.96946225906280
     84.000000000000   0.96953620861507
     85.000000000000   0.96961108121739
     86.000000000000   0.96968687839319
     87.000000000000   0.96976360169657
     88.000000000000   0.96984125271289
     89.000000000000   0.96991983305939
     90.000000000000   0.96999934438582
     91.000000000000   0.97007978837511
     92.000000000000   0.97016116674401
     93.000000000000   0.97024348124380
     94.000000000000   0.97032673366102
     95.000000000000   0.97041092581819
     96.000000000000   0.97049605957456
     97.000000000000   0.97058213682692
     98.000000000000   0.97066915951039
     99.000000000000   0.97075712959928
    100.000000000000   0.97084604910790
    101.000000000000   0.97093592009151
    102.000000000000   0.97102674464719
    103.000000000000   0.97111852491482
    104.000000000000   0.97121126307805
    105.000000000000   0.97130496136528
     106.00000000000   0.97139962205078
     107.00000000000   0.97149524745567
     108.00000000000   0.97159183994912
     109.00000000000   0.97168940194945
     110.00000000000   0.97178793592537
     111.00000000000   0.97188744439715
     112.00000000000   0.97198792993795
     113.00000000000   0.97208939517511
     114.00000000000   0.97219184279154
     115.00000000000   0.97229527552712
     116.00000000000   0.97239969618014
     117.00000000000   0.97250510760886
     118.00000000000   0.97261151273305
     119.00000000000   0.97271891453564
     120.00000000000   0.97282731606437
     121.00000000000   0.97293672043358
     122.00000000000   0.97304713082601
     123.00000000000   0.97315855049465
     124.00000000000   0.97327098276473
     125.00000000000   0.97338443103575
     126.00000000000   0.97349889878353
     127.00000000000   0.97361438956246
     128.00000000000   0.97373090700772
     129.00000000000   0.97384845483764
     130.00000000000   0.97396703685621
     131.00000000000   0.97408665695554
     132.00000000000   0.97420731911857
     133.00000000000   0.97432902742181
     134.00000000000   0.97445178603820
     135.00000000000   0.97457559924015
     136.00000000000   0.97470047140256
     137.00000000000   0.97482640700615
     138.00000000000   0.97495341064083
     139.00000000000   0.97508148700916
     140.00000000000   0.97521064093011
     141.00000000000   0.97534087734287
     142.00000000000   0.97547220131084
     143.00000000000   0.97560461802586
     144.00000000000   0.97573813281253
     145.00000000000   0.97587275113283
     146.00000000000   0.97600847859091
     147.00000000000   0.97614532093805
     148.00000000000   0.97628328407795
     149.00000000000   0.97642237407219
     150.00000000000   0.97656259714598
     151.00000000000   0.97670395969423
     152.00000000000   0.97684646828783
     153.00000000000   0.97699012968029
     154.00000000000   0.97713495081477
     155.00000000000   0.97728093883130
     156.00000000000   0.97742810107459
     157.00000000000   0.97757644510205
     158.00000000000   0.97772597869232
     159.00000000000   0.97787670985429
     160.00000000000   0.97802864683648
     161.00000000000   0.97818179813708
     162.00000000000   0.97833617251441
     163.00000000000   0.97849177899806
     164.00000000000   0.97864862690060
     165.00000000000   0.97880672582996
     166.00000000000   0.97896608570260
     167.00000000000   0.97912671675733
     168.00000000000   0.97928862957009
     169.00000000000   0.97945183506948
     170.00000000000   0.97961634455339
     171.00000000000   0.97978216970651
     172.00000000000   0.97994932261906
     173.00000000000   0.98011781580666
     174.00000000000   0.98028766223150
     175.00000000000   0.98045887532488
     176.00000000000   0.98063146901133
     177.00000000000   0.98080545773425
     178.00000000000   0.98098085648342
     179.00000000000   0.98115768082438
     180.00000000000   0.98133594692992
     181.00000000000   0.98151567161387
     182.00000000000   0.98169687236731
     183.00000000000   0.98187956739756
     184.00000000000   0.98206377567012
     185.00000000000   0.98224951695384
     186.00000000000   0.98243681186971
     187.00000000000   0.98262568194351
     188.00000000000   0.98281614966284
     189.00000000000   0.98300823853886
     190.00000000000   0.98320197317336
     191.00000000000   0.98339737933164
     192.00000000000   0.98359448402181
     193.00000000000   0.98379331558140
     194.00000000000   0.98399390377188
     195.00000000000   0.98419627988223
     196.00000000000   0.98440047684251
     197.00000000000   0.98460652934872
     198.00000000000   0.98481447400033
     199.00000000000   0.98502434945214
     200.00000000000   0.98523619658242
     201.00000000000   0.98545005867942
     202.00000000000   0.98566598164890
     203.00000000000   0.98588401424572
     204.00000000000   0.98610420833300
     205.00000000000   0.98632661917310
     206.00000000000   0.98655130575538
     207.00000000000   0.98677833116683
     208.00000000000   0.98700776301270
     209.00000000000   0.98723967389591
     210.00000000000   0.98747414196595
     211.00000000000   0.98771125155036
     212.00000000000   0.98795109388509
     213.00000000000   0.98819376796410
     214.00000000000   0.98843938153420
     215.00000000000   0.98868805226806
     216.00000000000   0.98893990915881
     217.00000000000   0.98919509419333
     218.00000000000   0.98945376438166
     219.00000000000   0.98971609424951
     220.00000000000   0.98998227894448
     221.00000000000   0.99025253817200
     222.00000000000   0.99052712127139
     223.00000000000   0.99080631387318
     224.00000000000   0.99109044674028
     225.00000000000   0.99137990755473
     226.00000000000   0.99167515647438
     227.00000000000   0.99197674606024
     228.00000000000   0.99228534534559
     229.00000000000   0.99260176595283
     230.00000000000   0.99292698483726
     231.00000000000   0.99326215329748
     232.00000000000   0.99360857587663
     233.00000000000   0.99396763735674
     234.00000000000   0.99434065420189
     235.00000000000   0.99472863238311
     236.00000000000   0.99513192986070
     237.00000000000   0.99554984979171
     238.00000000000   0.99598022561173
     239.00000000000   0.99641909163815
     240.00000000000   0.99686054892741
     241.00000000000   0.99729692277256
     242.00000000000   0.99771925972451
     243.00000000000   0.99811813516935
     244.00000000000   0.99848465733970
     245.00000000000   0.99881148788590
     246.00000000000   0.99909367770099
     247.00000000000   0.99932915084155
     248.00000000000   0.99951875079959
     249.00000000000   0.99966586659604
     250.00000000000   0.99977574854700
     251.00000000000   0.99985467814241
     252.00000000000   0.99990916170482
     253.00000000000   0.99994527961565
     254.00000000000   0.99996826093373
     255.00000000000   0.99998228980083
     256.00000000000   0.99999050268888
     257.00000000000   0.99999511214868
     258.00000000000   0.99999759163013
     259.00000000000   0.99999886960258
     260.00000000000   0.99999950061720
     261.00000000000   0.99999979904157
     262.00000000000   0.99999993419773
     263.00000000000   0.99999999280920
     264.00000000000    1.0000000171436
     265.00000000000    1.0000000268152
     266.00000000000    1.0000000304947
     267.00000000000    1.0000000318345
     268.00000000000    1.0000000323013
     269.00000000000    1.0000000324570
     270.00000000000    1.0000000325067
     271.00000000000    1.0000000325219
     272.00000000000    1.0000000325263
     273.00000000000    1.0000000325275
     274.00000000000    1.0000000325279
     275.00000000000    1.0000000325280
     276.00000000000    1.0000000325280
     277.00000000000    1.0000000325280
     278.00000000000    1.0000000325280
     279.00000000000    1.0000000325280
     280.00000000000    1.0000000325280
     281.00000000000    1.0000000325280
     282.00000000000    1.0000000325280
     283.00000000000    1.0000000325280
     284.00000000000    1.0000000325280
     285.00000000000    1.0000000325280
     286.00000000000    1.0000000325280
     287.00000000000    1.0000000325280
     288.00000000000    1.0000000325280
     289.00000000000    1.0000000325280
     290.00000000000    1.0000000325280
     291.00000000000    1.0000000325280
     292.00000000000    1.0000000325280
     293.00000000000    1.0000000325280
     294.00000000000    1.0000000325280
     295.00000000000    1.0000000325280
     296.00000000000    1.0000000325280
     297.00000000000    1.0000000325280
     298.00000000000    1.0000000325280
     299.00000000000    1.0000000325280
     300.00000000000    1.0000000325280
     301.00000000000    1.0000000325280
     302.00000000000    1.0000000325280
     303.00000000000    1.0000000325280
     304.00000000000    1.0000000325280
     305.00000000000    1.0000000325280
     306.00000000000    1.0000000325280
     307.00000000000    1.0000000325280
     308.00000000000    1.0000000325280
     309.00000000000    1.0000000325280
     310.00000000000    1.0000000325280
     311.00000000000    1.0000000325280
     312.00000000000    1.0000000325280
     313.00000000000    1.0000000325280
     314.00000000000    1.0000000325280
     315.00000000000    1.0000000325280
     316.00000000000    1.0000000325280
     317.00000000000    1.0000000325280
     318.00000000000    1.0000000325280
     319.00000000000    1.0000000325280
     320.00000000000    1.0000000325280
     321.00000000000    1.0000000325280
     322.00000000000    1.0000000325280
     323.00000000000    1.0000000325280
     324.00000000000    1.0000000325280
     325.00000000000    1.0000000325280
     326.00000000000    1.0000000325280
     327.00000000000    1.0000000325280
     328.00000000000    1.0000000325280
     329.00000000000    1.0000000325280
     330.00000000000    1.0000000325280
     331.00000000000    1.0000000325280
     332.00000000000    1.0000000325280
     333.00000000000    1.0000000325280
     334.00000000000    1.0000000325280
     335.00000000000    1.0000000325280
     336.00000000000    1.0000000325280
     337.00000000000    1.0000000325280
     338.00000000000    1.0000000325280
     339.00000000000    1.0000000325280
     340.00000000000    1.0000000325280
     341.00000000000    1.0000000325280
     342.00000000000    1.0000000325280
     343.00000000000    1.0000000325280
     344.00000000000    1.0000000325280
     345.00000000000    1.0000000325280
     346.00000000000    1.0000000325280
     347.00000000000    1.0000000325280
     348.00000000000    1.0000000325280
     349.00000000000    1.0000000325280
     350.00000000000    1.0000000325280
     351.00000000000    1.0000000325280
     352.00000000000    1.0000000325280
     353.00000000000    1.0000000325280
     354.00000000000    1.0000000325280
     355.00000000000    1.0000000325280
     356.00000000000    1.0000000325280
     357.00000000000    1.0000000325280
     358.00000000000    1.0000000325280
     359.00000000000    1.0000000325280
     360.00000000000    1.0000000325280
     361.00000000000    1.0000000325280
     362.00000000000    1.0000000325280
     363.00000000000    1.0000000325280
     364.00000000000    1.0000000325280
     365.00000000000    1.0000000325280
     366.00000000000    1.0000000325280
     367.00000000000    1.0000000325280
     368.00000000000    1.0000000325280
     369.00000000000    1.0000000325280
     370.00000000000    1.0000000325280
     371.00000000000    1.0000000325280
     372.00000000000    1.0000000325280
     373.00000000000    1.0000000325280
     374.00000000000    1.0000000325280
     375.00000000000    1.0000000325280
     376.00000000000    1.0000000325280
     377.00000000000    1.0000000325280
     378.00000000000    1.0000000325280
     379.00000000000    1.0000000325280
     380.00000000000    1.0000000325280
     381.00000000000    1.0000000325280
     382.00000000000    1.0000000325280
     383.00000000000    1.0000000325280
     384.00000000000    1.0000000325280
     385.00000000000    1.0000000325280
     386.00000000000    1.0000000325280
     387.00000000000    1.0000000325280
     388.00000000000    1.0000000325280
     389.00000000000    1.0000000325280
     390.00000000000    1.0000000325280
     391.00000000000    1.0000000325280
     392.00000000000    1.0000000325280
     393.00000000000    1.0000000325280
     394.00000000000    1.0000000325280
     395.00000000000    1.0000000325280
     396.00000000000    1.0000000325280
     397.00000000000    1.0000000325280
     398.00000000000    1.0000000325280
     399.00000000000    1.0000000325280
     400.00000000000    1.0000000325280
     401.00000000000    1.0000000325280
     402.00000000000    1.0000000325280
     403.00000000000    1.0000000325280
     404.00000000000    1.0000000325280
     405.00000000000    1.0000000325280
     406.00000000000    1.0000000325280
     407.00000000000    1.0000000325280
     408.00000000000    1.0000000325280
     409.00000000000    1.0000000325280
     410.00000000000    1.0000000325280
     411.00000000000    1.0000000325280
     412.00000000000    1.0000000325280
     413.00000000000    1.0000000325280
     414.00000000000    1.0000000325280
     415.00000000000    1.0000000325280
     416.00000000000    1.0000000325280
     417.00000000000    1.0000000325280
     418.00000000000    1.0000000325280
     419.00000000000    1.0000000325280
     420.00000000000    1.0000000325280
     421.00000000000    1.0000000325280
     422.00000000000    1.0000000325280
     423.00000000000    1.0000000325280
     424.00000000000    1.0000000325280
     425.00000000000    1.0000000325280
     426.00000000000    1.0000000325280
     427.00000000000    1.0000000325280
     428.00000000000    1.0000000325280
     429.00000000000    1.0000000325280
     430.00000000000    1.0000000325280
     431.00000000000    1.0000000325280
     432.00000000000    1.0000000325280
     433.00000000000    1.0000000325280
     434.00000000000    1.0000000325280
     435.00000000000    1.0000000325280
     436.00000000000    1.0000000325280
     437.00000000000    1.0000000325280
     438.00000000000    1.0000000325280
     439.00000000000    1.0000000325280
     440.00000000000    1.0000000325280
     441.00000000000    1.0000000325280
     442.00000000000    1.0000000325280
     443.00000000000    1.0000000325280
     444.00000000000    1.0000000325280
     445.00000000000    1.0000000325280
     446.00000000000    1.0000000325280
     447.00000000000    1.0000000325280
     448.00000000000    1.0000000325280
     449.00000000000    1.0000000325280
     450.00000000000    1.0000000325280
     451.00000000000    1.0000000325280
     452.00000000000    1.0000000325280
     453.00000000000    1.0000000325280
     454.00000000000    1.0000000325280
     455.00000000000    1.0000000325280
     456.00000000000    1.0000000325280
     457.00000000000    1.0000000325280
     458.00000000000    1.0000000325280
     459.00000000000    1.0000000325280
     460.00000000000    1.0000000325280
     461.00000000000    1.0000000325280
     462.00000000000    1.0000000325280
     463.00000000000    1.0000000325280
     464.00000000000    1.0000000325280
     465.00000000000    1.0000000325280
     466.00000000000    1.0000000325280
     467.00000000000    1.0000000325280
     468.00000000000    1.0000000325280
     469.00000000000    1.0000000325280
     470.00000000000    1.0000000325280
     471.00000000000    1.0000000325280
     472.00000000000    1.0000000325280
     473.00000000000    1.0000000325280
     474.00000000000    1.0000000325280
     475.00000000000    1.0000000325280
     476.00000000000    1.0000000325280
     477.00000000000    1.0000000325280
     478.00000000000    1.0000000325280
     479.00000000000    1.0000000325280
     480.00000000000    1.0000000325280
     481.00000000000    1.0000000325280
     482.00000000000    1.0000000325280
     483.00000000000    1.0000000325280
     484.00000000000    1.0000000325280
     485.00000000000    1.0000000325280
     486.00000000000    1.0000000325280
     487.00000000000    1.0000000325280
     488.00000000000    1.0000000325280
     489.00000000000    1.0000000325280
     490.00000000000    1.0000000325280
     491.00000000000    1.0000000325280
     492.00000000000    1.0000000325280
     493.00000000000    1.0000000325280
     494.00000000000    1.0000000325280
     495.00000000000    1.0000000325280
     496.00000000000    1.0000000325280
     497.00000000000    1.0000000325280
     498.00000000000    1.0000000325280
     499.00000000000    1.0000000325280
     500.00000000000    1.0000000325280
