    -500.00000000000    1.0000000325280
    -499.00000000000    1.0000000325280
    -498.00000000000    1.0000000325280
    -497.00000000000    1.0000000325280
    -496.00000000000    1.0000000325280
    -495.00000000000    1.0000000325280
    -494.00000000000    1.0000000325280
    -493.00000000000    1.0000000325280
    -492.00000000000    1.0000000325280
    -491.00000000000    1.0000000325280
    -490.00000000000    1.0000000325280
    -489.00000000000    1.0000000325280
    -488.00000000000    1.0000000325280
    -487.00000000000    1.0000000325280
    -486.00000000000    1.0000000325280
    -485.00000000000    1.0000000325280
    -484.00000000000    1.0000000325280
    -483.00000000000    1.0000000325280
    -482.00000000000    1.0000000325280
    -481.00000000000    1.0000000325280
    -480.00000000000    1.0000000325280
    -479.00000000000    1.0000000325280
    -478.00000000000    1.0000000325280
    -477.00000000000    1.0000000325280
    -476.00000000000    1.0000000325280
    -475.00000000000    1.0000000325280
    -474.00000000000    1.0000000325280
    -473.00000000000    1.0000000325280
    -472.00000000000    1.0000000325280
    -471.00000000000    1.0000000325280
    -470.00000000000    1.0000000325280
    -469.00000000000    1.0000000325280
    -468.00000000000    1.0000000325280
    -467.00000000000    1.0000000325280
    -466.00000000000    1.0000000325280
    -465.00000000000    1.0000000325280
    -464.00000000000    1.0000000325280
    -463.00000000000    1.0000000325280
    -462.00000000000    1.0000000325280
    -461.00000000000    1.0000000325280
    -460.00000000000    1.0000000325280
    -459.00000000000    1.0000000325280
    -458.00000000000    1.0000000325280
    -457.00000000000    1.0000000325280
    -456.00000000000    1.0000000325280
    -455.00000000000    1.0000000325280
    -454.00000000000    1.0000000325280
    -453.00000000000    1.0000000325280
    -452.00000000000    1.0000000325280
    -451.00000000000    1.0000000325280
    -450.00000000000    1.0000000325280
    -449.00000000000    1.0000000325280
    -448.00000000000    1.0000000325280
    -447.00000000000    1.0000000325280
    -446.00000000000    1.0000000325280
    -445.00000000000    1.0000000325280
    -444.00000000000    1.0000000325280
    -443.00000000000    1.0000000325280
    -442.00000000000    1.0000000325280
    -441.00000000000    1.0000000325280
    -440.00000000000    1.0000000325280
    -439.00000000000    1.0000000325280
    -438.00000000000    1.0000000325280
    -437.00000000000    1.0000000325280
    -436.00000000000    1.0000000325280
    -435.00000000000    1.0000000325280
    -434.00000000000    1.0000000325280
    -433.00000000000    1.0000000325280
    -432.00000000000    1.0000000325280
    -431.00000000000    1.0000000325280
    -430.00000000000    1.0000000325280
    -429.00000000000    1.0000000325280
    -428.00000000000    1.0000000325280
    -427.00000000000    1.0000000325280
    -426.00000000000    1.0000000325280
    -425.00000000000    1.0000000325280
    -424.00000000000    1.0000000325280
    -423.00000000000    1.0000000325280
    -422.00000000000    1.0000000325280
    -421.00000000000    1.0000000325280
    -420.00000000000    1.0000000325280
    -419.00000000000    1.0000000325280
    -418.00000000000    1.0000000325280
    -417.00000000000    1.0000000325280
    -416.00000000000    1.0000000325280
    -415.00000000000    1.0000000325280
    -414.00000000000    1.0000000325280
    -413.00000000000    1.0000000325280
    -412.00000000000    1.0000000325280
    -411.00000000000    1.0000000325280
    -410.00000000000    1.0000000325280
    -409.00000000000    1.0000000325280
    -408.00000000000    1.0000000325280
    -407.00000000000    1.0000000325280
    -406.00000000000    1.0000000325280
    -405.00000000000    1.0000000325280
    -404.00000000000    1.0000000325280
    -403.00000000000    1.0000000325280
    -402.00000000000    1.0000000325280
    -401.00000000000    1.0000000325280
    -400.00000000000    1.0000000325280
    -399.00000000000    1.0000000325280
    -398.00000000000    1.0000000325280
    -397.00000000000    1.0000000325280
    -396.00000000000    1.0000000325280
    -395.00000000000    1.0000000325280
    -394.00000000000    1.0000000325280
    -393.00000000000    1.0000000325280
    -392.00000000000    1.0000000325280
    -391.00000000000    1.0000000325280
    -390.00000000000    1.0000000325280
    -389.00000000000    1.0000000325280
    -388.00000000000    1.0000000325280
    -387.00000000000    1.0000000325280
    -386.00000000000    1.0000000325280
    -385.00000000000    1.0000000325280
    -384.00000000000    1.0000000325280
    -383.00000000000    1.0000000325280
    -382.00000000000    1.0000000325280
    -381.00000000000    1.0000000325280
    -380.00000000000    1.0000000325280
    -379.00000000000    1.0000000325280
    -378.00000000000    1.0000000325280
    -377.00000000000    1.0000000325280
    -376.00000000000    1.0000000325280
    -375.00000000000    1.0000000325280
    -374.00000000000    1.0000000325280
    -373.00000000000    1.0000000325280
    -372.00000000000    1.0000000325280
    -371.00000000000    1.0000000325280
    -370.00000000000    1.0000000325280
    -369.00000000000    1.0000000325280
    -368.00000000000    1.0000000325280
    -367.00000000000    1.0000000325280
    -366.00000000000    1.0000000325280
    -365.00000000000    1.0000000325280
    -364.00000000000    1.0000000325280
    -363.00000000000    1.0000000325280
    -362.00000000000    1.0000000325280
    -361.00000000000    1.0000000325280
    -360.00000000000    1.0000000325280
    -359.00000000000    1.0000000325280
    -358.00000000000    1.0000000325280
    -357.00000000000    1.0000000325280
    -356.00000000000    1.0000000325280
    -355.00000000000    1.0000000325280
    -354.00000000000    1.0000000325280
    -353.00000000000    1.0000000325280
    -352.00000000000    1.0000000325280
    -351.00000000000    1.0000000325280
    -350.00000000000    1.0000000325280
    -349.00000000000    1.0000000325280
    -348.00000000000    1.0000000325280
    -347.00000000000    1.0000000325280
    -346.00000000000    1.0000000325280
    -345.00000000000    1.0000000325280
    -344.00000000000    1.0000000325280
    -343.00000000000    1.0000000325280
    -342.00000000000    1.0000000325280
    -341.00000000000    1.0000000325280
    -340.00000000000    1.0000000325280
    -339.00000000000    1.0000000325280
    -338.00000000000    1.0000000325280
    -337.00000000000    1.0000000325280
    -336.00000000000    1.0000000325280
    -335.00000000000    1.0000000325280
    -334.00000000000    1.0000000325280
    -333.00000000000    1.0000000325280
    -332.00000000000    1.0000000325280
    -331.00000000000    1.0000000325280
    -330.00000000000    1.0000000325280
    -329.00000000000    1.0000000325280
    -328.00000000000    1.0000000325280
    -327.00000000000    1.0000000325280
    -326.00000000000    1.0000000325280
    -325.00000000000    1.0000000325280
    -324.00000000000    1.0000000325280
    -323.00000000000    1.0000000325280
    -322.00000000000    1.0000000325280
    -321.00000000000    1.0000000325280
    -320.00000000000    1.0000000325280
    -319.00000000000    1.0000000325280
    -318.00000000000    1.0000000325280
    -317.00000000000    1.0000000325280
    -316.00000000000    1.0000000325280
    -315.00000000000    1.0000000325280
    -314.00000000000    1.0000000325280
    -313.00000000000    1.0000000325280
    -312.00000000000    1.0000000325280
    -311.00000000000    1.0000000325280
    -310.00000000000    1.0000000325280
    -309.00000000000    1.0000000325280
    -308.00000000000    1.0000000325280
    -307.00000000000    1.0000000325280
    -306.00000000000    1.0000000325280
    -305.00000000000    1.0000000325280
    -304.00000000000    1.0000000325280
    -303.00000000000    1.0000000325280
    -302.00000000000    1.0000000325280
    -301.00000000000    1.0000000325280
    -300.00000000000    1.0000000325280
    -299.00000000000    1.0000000325280
    -298.00000000000    1.0000000325280
    -297.00000000000    1.0000000325280
    -296.00000000000    1.0000000325280
    -295.00000000000    1.0000000325280
    -294.00000000000    1.0000000325280
    -293.00000000000    1.0000000325280
    -292.00000000000    1.0000000325280
    -291.00000000000    1.0000000325280
    -290.00000000000    1.0000000325280
    -289.00000000000    1.0000000325280
    -288.00000000000    1.0000000325280
    -287.00000000000    1.0000000325280
    -286.00000000000    1.0000000325280
    -285.00000000000    1.0000000325280
    -284.00000000000    1.0000000325280
    -283.00000000000    1.0000000325279
    -282.00000000000    1.0000000325276
    -281.00000000000    1.0000000325264
    -280.00000000000    1.0000000325222
    -279.00000000000    1.0000000325079
    -278.00000000000    1.0000000324609
    -277.00000000000    1.0000000323137
    -276.00000000000    1.0000000318723
    -275.00000000000    1.0000000306057
    -274.00000000000    1.0000000271272
    -273.00000000000    1.0000000179842
    -272.00000000000   0.99999999498064
    -271.00000000000   0.99999993957680
    -270.00000000000   0.99999981182252
    -269.00000000000   0.99999952975364
    -268.00000000000   0.99999893334977
    -267.00000000000   0.99999772553220
    -266.00000000000   0.99999538228494
    -265.00000000000   0.99999102633270
    -264.00000000000   0.99998326559427
    -263.00000000000   0.99997000991890
    -262.00000000000   0.99994829670389
    -261.00000000000   0.99991417432248
    -260.00000000000   0.99986270517116
    -259.00000000000   0.99978814907590
    -258.00000000000   0.99968436564623
    -257.00000000000   0.99954542939855
    -256.00000000000   0.99936639152917
    -255.00000000000   0.99914406370626
    -254.00000000000   0.99887766354217
    -253.00000000000   0.99856916646404
    -252.00000000000   0.99822326039737
    -251.00000000000   0.99784688704202
    -250.00000000000   0.99744845105181
    -249.00000000000   0.99703685527878
    -248.00000000000   0.99662055237166
    -247.00000000000   0.99620678261170
    -246.00000000000   0.99580110561212
    -245.00000000000   0.99540725298169
    -244.00000000000   0.99502725644766
    -243.00000000000   0.99466176017272
    -242.00000000000   0.99431041349021
    -241.00000000000   0.99397225557583
    -240.00000000000   0.99364603434995
    -239.00000000000   0.99333043508455
    -238.00000000000   0.99302422044789
    -237.00000000000   0.99272629914090
    -236.00000000000   0.99243574551892
    -235.00000000000   0.99215179082048
    -234.00000000000   0.99187380148120
    -233.00000000000   0.99160125431561
    -232.00000000000   0.99133371367731
    -231.00000000000   0.99107081256424
    -230.00000000000   0.99081223787557
    -229.00000000000   0.99055771924512
    -228.00000000000   0.99030702066719
    -227.00000000000   0.99005993419195
    -226.00000000000   0.98981627511869
    -225.00000000000   0.98957587826904
    -224.00000000000   0.98933859504588
    -223.00000000000   0.98910429107345
    -222.00000000000   0.98887284427594
    -221.00000000000   0.98864414329326
    -220.00000000000   0.98841808616076
    -219.00000000000   0.98819457919868
    -218.00000000000   0.98797353607034
    -217.00000000000   0.98775487697785
    -216.00000000000   0.98753852797065
    -215.00000000000   0.98732442034771
    -214.00000000000   0.98711249013799
    -213.00000000000   0.98690267764653
    -212.00000000000   0.98669492705631
    -211.00000000000   0.98648918607741
    -210.00000000000   0.98628540563677
    -209.00000000000   0.98608353960270
    -208.00000000000   0.98588354453963
    -207.00000000000   0.98568537948888
    -206.00000000000   0.98548900577223
    -205.00000000000   0.98529438681533
    -204.00000000000   0.98510148798863
    -203.00000000000   0.98491027646364
    -202.00000000000   0.98472072108269
    -201.00000000000   0.98453279224083
    -200.00000000000   0.98434646177829
    -199.00000000000   0.98416170288249
    -198.00000000000   0.98397848999855
    -197.00000000000   0.98379679874737
    -196.00000000000   0.98361660585055
    -195.00000000000   0.98343788906137
    -194.00000000000   0.98326062710143
    -193.00000000000   0.98308479960210
    -192.00000000000   0.98291038705063
    -191.00000000000   0.98273737074031
    -190.00000000000   0.98256573272425
    -189.00000000000   0.98239545577270
    -188.00000000000   0.98222652333332
    -187.00000000000   0.98205891949431
    -186.00000000000   0.98189262895011
    -185.00000000000   0.98172763696945
    -184.00000000000   0.98156392936557
    -183.00000000000   0.98140149246836
    -182.00000000000   0.98124031309839
    -181.00000000000   0.98108037854262
    -180.00000000000   0.98092167653156
    -179.00000000000   0.98076419521800
    -178.00000000000   0.98060792315689
    -177.00000000000   0.98045284928661
    -176.00000000000   0.98029896291125
    -175.00000000000   0.98014625368398
    -174.00000000000   0.97999471159138
    -173.00000000000   0.97984432693869
    -172.00000000000   0.97969509033588
    -171.00000000000   0.97954699268453
    -170.00000000000   0.97940002516538
    -169.00000000000   0.97925417922665
    -168.00000000000   0.97910944657291
    -167.00000000000   0.97896581915457
    -166.00000000000   0.97882328915795
    -165.00000000000   0.97868184899587
    -164.00000000000   0.97854149129863
    -163.00000000000   0.97840220890561
    -162.00000000000   0.97826399485715
    -161.00000000000   0.97812684238690
    -160.00000000000   0.97799074491455
    -159.00000000000   0.97785569603891
    -158.00000000000   0.97772168953127
    -157.00000000000   0.97758871932916
    -156.00000000000   0.97745677953037
    -155.00000000000   0.97732586438721
    -154.00000000000   0.97719596830108
    -153.00000000000   0.97706708581729
    -152.00000000000   0.97693921162010
    -151.00000000000   0.97681234052794
    -150.00000000000   0.97668646748896
    -149.00000000000   0.97656158757661
    -148.00000000000   0.97643769598559
    -147.00000000000   0.97631478802781
    -146.00000000000   0.97619285912863
    -145.00000000000   0.97607190482325
    -144.00000000000   0.97595192075318
    -143.00000000000   0.97583290266292
    -142.00000000000   0.97571484639677
    -141.00000000000   0.97559774789577
    -140.00000000000   0.97548160319470
    -139.00000000000   0.97536640841933
    -138.00000000000   0.97525215978361
    -137.00000000000   0.97513885358714
    -136.00000000000   0.97502648621264
    -135.00000000000   0.97491505412349
    -134.00000000000   0.97480455386147
    -133.00000000000   0.97469498204452
    -132.00000000000   0.97458633536455
    -131.00000000000   0.97447861058541
    -130.00000000000   0.97437180454090
    -129.00000000000   0.97426591413284
    -128.00000000000   0.97416093632921
    -127.00000000000   0.97405686816239
    -126.00000000000   0.97395370672744
    -125.00000000000   0.97385144918045
    -124.00000000000   0.97375009273689
    -123.00000000000   0.97364963467016
    -122.00000000000   0.97355007231003
    -121.00000000000   0.97345140304122
    -120.00000000000   0.97335362430202
    -119.00000000000   0.97325673358298
    -118.00000000000   0.97316072842554
    -117.00000000000   0.97306560642085
    -116.00000000000   0.97297136520854
    -115.00000000000   0.97287800247553
    -114.00000000000   0.97278551595491
    -113.00000000000   0.97269390342488
    -112.00000000000   0.97260316270763
    -111.00000000000   0.97251329166838
    -110.00000000000   0.97242428821433
    -109.00000000000   0.97233615029376
    -108.00000000000   0.97224887589504
    -107.00000000000   0.97216246304577
    -106.00000000000   0.97207690981192
   -105.000000000000   0.97199221429693
   -104.000000000000   0.97190837464095
   -103.000000000000   0.97182538902001
   -102.000000000000   0.97174325564527
   -101.000000000000   0.97166197276227
   -100.000000000000   0.97158153865020
    -99.000000000000   0.97150195162121
    -98.000000000000   0.97142321001973
    -97.000000000000   0.97134531222177
    -96.000000000000   0.97126825663437
    -95.000000000000   0.97119204169488
    -94.000000000000   0.97111666587041
    -93.000000000000   0.97104212765725
    -92.000000000000   0.97096842558026
    -91.000000000000   0.97089555819236
    -90.000000000000   0.97082352407399
    -89.000000000000   0.97075232183254
    -88.000000000000   0.97068195010192
    -87.000000000000   0.97061240754202
    -86.000000000000   0.97054369283822
    -85.000000000000   0.97047580470098
    -84.000000000000   0.97040874186534
    -83.000000000000   0.97034250309051
    -82.000000000000   0.97027708715942
    -81.000000000000   0.97021249287833
    -80.000000000000   0.97014871907644
    -79.000000000000   0.97008576460544
    -78.000000000000   0.97002362833918
    -77.000000000000   0.96996230917330
    -76.000000000000   0.96990180602485
    -75.000000000000   0.96984211783193
    -74.000000000000   0.96978324355338
    -73.000000000000   0.96972518216845
    -72.000000000000   0.96966793267646
    -71.000000000000   0.96961149409647
    -70.000000000000   0.96955586546702
    -69.000000000000   0.96950104584580
    -68.000000000000   0.96944703430940
    -67.000000000000   0.96939382995295
    -66.000000000000   0.96934143188994
    -65.000000000000   0.96928983925193
    -64.000000000000   0.96923905118825
    -63.000000000000   0.96918906686578
    -62.000000000000   0.96913988546868
    -61.000000000000   0.96909150619825
    -60.000000000000   0.96904392827258
    -59.000000000000   0.96899715092634
    -58.000000000000   0.96895117341062
    -57.000000000000   0.96890599499274
    -56.000000000000   0.96886161495594
    -55.000000000000   0.96881803259921
    -54.000000000000   0.96877524723716
    -53.000000000000   0.96873325819982
    -52.000000000000   0.96869206483239
    -51.000000000000   0.96865166649504
    -50.000000000000   0.96861206256286
    -49.000000000000   0.96857325242567
    -48.000000000000   0.96853523548774
    -47.000000000000   0.96849801116764
    -46.000000000000   0.96846157889825
    -45.000000000000   0.96842593812653
    -44.000000000000   0.96839108831326
    -43.000000000000   0.96835702893296
    -42.000000000000   0.96832375947388
    -41.000000000000   0.96829127943779
    -40.000000000000   0.96825958833973
    -39.000000000000   0.96822868570796
    -38.000000000000   0.96819857108397
    -37.000000000000   0.96816924402228
    -36.000000000000   0.96814070409020
    -35.000000000000   0.96811295086778
    -34.000000000000   0.96808598394788
    -33.000000000000   0.96805980293598
    -32.000000000000   0.96803440744986
    -31.000000000000   0.96800979711970
    -30.000000000000   0.96798597158809
    -29.000000000000   0.96796293050985
    -28.000000000000   0.96794067355176
    -27.000000000000   0.96791920039262
    -26.000000000000   0.96789851072334
    -25.000000000000   0.96787860424674
    -24.000000000000   0.96785948067726
    -23.000000000000   0.96784113974106
    -22.000000000000   0.96782358117616
    -21.000000000000   0.96780680473222
    -20.000000000000   0.96779081017021
    -19.000000000000   0.96777559726263
    -18.000000000000   0.96776116579357
    -17.000000000000   0.96774751555855
    -16.000000000000   0.96773464636418
    -15.000000000000   0.96772255802839
    -14.000000000000   0.96771125038052
    -13.000000000000   0.96770072326117
    -12.000000000000   0.96769097652185
    -11.000000000000   0.96768201002522
   -10.0000000000000   0.96767382364525
    -9.0000000000000   0.96766641726697
    -8.0000000000000   0.96765979078624
    -7.0000000000000   0.96765394410994
    -6.0000000000000   0.96764887715615
    -5.0000000000000   0.96764458985396
    -4.0000000000000   0.96764108214315
    -3.0000000000000   0.96763835397447
    -2.0000000000000   0.96763640530983
    -1.0000000000000   0.96763523612205
   0.   0.96763484639465
     1.0000000000000   0.96763523612205
     2.0000000000000   0.96763640530983
     3.0000000000000   0.96763835397447
     4.0000000000000   0.96764108214315
     5.0000000000000   0.96764458985396
     6.0000000000000   0.96764887715615
     7.0000000000000   0.96765394410994
     8.0000000000000   0.96765979078624
     9.0000000000000   0.96766641726697
    10.0000000000000   0.96767382364525
     11.000000000000   0.96768201002522
     12.000000000000   0.96769097652185
     13.000000000000   0.96770072326117
     14.000000000000   0.96771125038052
     15.000000000000   0.96772255802839
     16.000000000000   0.96773464636418
     17.000000000000   0.96774751555855
     18.000000000000   0.96776116579357
     19.000000000000   0.96777559726263
     20.000000000000   0.96779081017021
     21.000000000000   0.96780680473222
     22.000000000000   0.96782358117616
     23.000000000000   0.96784113974106
     24.000000000000   0.96785948067726
     25.000000000000   0.96787860424674
     26.000000000000   0.96789851072334
     27.000000000000   0.96791920039262
     28.000000000000   0.96794067355176
     29.000000000000   0.96796293050985
     30.000000000000   0.96798597158809
     31.000000000000   0.96800979711970
     32.000000000000   0.96803440744986
     33.000000000000   0.96805980293598
     34.000000000000   0.96808598394788
     35.000000000000   0.96811295086778
     36.000000000000   0.96814070409020
     37.000000000000   0.96816924402228
     38.000000000000   0.96819857108397
     39.000000000000   0.96822868570796
     40.000000000000   0.96825958833973
     41.000000000000   0.96829127943779
     42.000000000000   0.96832375947388
     43.000000000000   0.96835702893296
     44.000000000000   0.96839108831326
     45.000000000000   0.96842593812653
     46.000000000000   0.96846157889825
     47.000000000000   0.96849801116764
     48.000000000000   0.96853523548774
     49.000000000000   0.96857325242567
     50.000000000000   0.96861206256286
     51.000000000000   0.96865166649504
     52.000000000000   0.96869206483239
     53.000000000000   0.96873325819982
     54.000000000000   0.96877524723716
     55.000000000000   0.96881803259921
     56.000000000000   0.96886161495594
     57.000000000000   0.96890599499274
     58.000000000000   0.96895117341062
     59.000000000000   0.96899715092634
     60.000000000000   0.96904392827258
     61.000000000000   0.96909150619825
     62.000000000000   0.96913988546868
     63.000000000000   0.96918906686578
     64.000000000000   0.96923905118825
     65.000000000000   0.96928983925193
     66.000000000000   0.96934143188994
     67.000000000000   0.96939382995295
     68.000000000000   0.96944703430940
     69.000000000000   0.96950104584580
     70.000000000000   0.96955586546702
     71.000000000000   0.96961149409647
     72.000000000000   0.96966793267646
     73.000000000000   0.96972518216845
     74.000000000000   0.96978324355338
     75.000000000000   0.96984211783193
     76.000000000000   0.96990180602485
     77.000000000000   0.96996230917330
     78.000000000000   0.97002362833918
     79.000000000000   0.97008576460544
     80.000000000000   0.97014871907644
     81.000000000000   0.97021249287833
     82.000000000000   0.97027708715942
     83.000000000000   0.97034250309051
     84.000000000000   0.97040874186534
     85.000000000000   0.97047580470098
     86.000000000000   0.97054369283822
     87.000000000000   0.97061240754202
     88.000000000000   0.97068195010192
     89.000000000000   0.97075232183254
     90.000000000000   0.97082352407399
     91.000000000000   0.97089555819236
     92.000000000000   0.97096842558026
     93.000000000000   0.97104212765725
     94.000000000000   0.97111666587041
     95.000000000000   0.97119204169488
     96.000000000000   0.97126825663437
     97.000000000000   0.97134531222177
     98.000000000000   0.97142321001973
     99.000000000000   0.97150195162121
    100.000000000000   0.97158153865020
    101.000000000000   0.97166197276227
    102.000000000000   0.97174325564527
    103.000000000000   0.97182538902001
    104.000000000000   0.97190837464095
    105.000000000000   0.97199221429693
     106.00000000000   0.97207690981192
     107.00000000000   0.97216246304577
     108.00000000000   0.97224887589504
     109.00000000000   0.97233615029376
     110.00000000000   0.97242428821433
     111.00000000000   0.97251329166838
     112.00000000000   0.97260316270763
     113.00000000000   0.97269390342488
     114.00000000000   0.97278551595491
     115.00000000000   0.97287800247552
     116.00000000000   0.97297136520854
     117.00000000000   0.97306560642085
     118.00000000000   0.97316072842554
     119.00000000000   0.97325673358298
     120.00000000000   0.97335362430202
     121.00000000000   0.97345140304122
     122.00000000000   0.97355007231003
     123.00000000000   0.97364963467016
     124.00000000000   0.97375009273689
     125.00000000000   0.97385144918045
     126.00000000000   0.97395370672744
     127.00000000000   0.97405686816239
     128.00000000000   0.97416093632921
     129.00000000000   0.97426591413284
     130.00000000000   0.97437180454090
     131.00000000000   0.97447861058541
     132.00000000000   0.97458633536455
     133.00000000000   0.97469498204452
     134.00000000000   0.97480455386147
     135.00000000000   0.97491505412349
     136.00000000000   0.97502648621264
     137.00000000000   0.97513885358714
     138.00000000000   0.97525215978361
     139.00000000000   0.97536640841933
     140.00000000000   0.97548160319470
     141.00000000000   0.97559774789577
     142.00000000000   0.97571484639677
     143.00000000000   0.97583290266291
     144.00000000000   0.97595192075318
     145.00000000000   0.97607190482325
     146.00000000000   0.97619285912863
     147.00000000000   0.97631478802781
     148.00000000000   0.97643769598559
     149.00000000000   0.97656158757661
     150.00000000000   0.97668646748896
     151.00000000000   0.97681234052794
     152.00000000000   0.97693921162010
     153.00000000000   0.97706708581729
     154.00000000000   0.97719596830108
     155.00000000000   0.97732586438721
     156.00000000000   0.97745677953037
     157.00000000000   0.97758871932916
     158.00000000000   0.97772168953127
     159.00000000000   0.97785569603891
     160.00000000000   0.97799074491455
     161.00000000000   0.97812684238690
     162.00000000000   0.97826399485715
     163.00000000000   0.97840220890561
     164.00000000000   0.97854149129863
     165.00000000000   0.97868184899587
     166.00000000000   0.97882328915795
     167.00000000000   0.97896581915457
     168.00000000000   0.97910944657291
     169.00000000000   0.97925417922665
     170.00000000000   0.97940002516538
     171.00000000000   0.97954699268453
     172.00000000000   0.97969509033588
     173.00000000000   0.97984432693869
     174.00000000000   0.97999471159138
     175.00000000000   0.98014625368398
     176.00000000000   0.98029896291125
     177.00000000000   0.98045284928661
     178.00000000000   0.98060792315689
     179.00000000000   0.98076419521800
     180.00000000000   0.98092167653157
     181.00000000000   0.98108037854262
     182.00000000000   0.98124031309839
     183.00000000000   0.98140149246836
     184.00000000000   0.98156392936557
     185.00000000000   0.98172763696945
     186.00000000000   0.98189262895011
     187.00000000000   0.98205891949431
     188.00000000000   0.98222652333332
     189.00000000000   0.98239545577270
     190.00000000000   0.98256573272425
     191.00000000000   0.98273737074031
     192.00000000000   0.98291038705064
     193.00000000000   0.98308479960210
     194.00000000000   0.98326062710143
     195.00000000000   0.98343788906137
     196.00000000000   0.98361660585055
     197.00000000000   0.98379679874737
     198.00000000000   0.98397848999855
     199.00000000000   0.98416170288249
     200.00000000000   0.98434646177829
     201.00000000000   0.98453279224083
     202.00000000000   0.98472072108269
     203.00000000000   0.98491027646364
     204.00000000000   0.98510148798863
     205.00000000000   0.98529438681533
     206.00000000000   0.98548900577223
     207.00000000000   0.98568537948888
     208.00000000000   0.98588354453963
     209.00000000000   0.98608353960270
     210.00000000000   0.98628540563677
     211.00000000000   0.98648918607741
     212.00000000000   0.98669492705631
     213.00000000000   0.98690267764653
     214.00000000000   0.98711249013799
     215.00000000000   0.98732442034771
     216.00000000000   0.98753852797065
     217.00000000000   0.98775487697785
     218.00000000000   0.98797353607034
     219.00000000000   0.98819457919868
     220.00000000000   0.98841808616076
     221.00000000000   0.98864414329326
     222.00000000000   0.98887284427594
     223.00000000000   0.98910429107345
     224.00000000000   0.98933859504588
     225.00000000000   0.98957587826904
     226.00000000000   0.98981627511869
     227.00000000000   0.99005993419195
     228.00000000000   0.99030702066719
     229.00000000000   0.99055771924512
     230.00000000000   0.99081223787557
     231.00000000000   0.99107081256424
     232.00000000000   0.99133371367731
     233.00000000000   0.99160125431561
     234.00000000000   0.99187380148120
     235.00000000000   0.99215179082048
     236.00000000000   0.99243574551892
     237.00000000000   0.99272629914090
     238.00000000000   0.99302422044789
     239.00000000000   0.99333043508455
     240.00000000000   0.99364603434995
     241.00000000000   0.99397225557583
     242.00000000000   0.99431041349021
     243.00000000000   0.99466176017272
     244.00000000000   0.99502725644766
     245.00000000000   0.99540725298169
     246.00000000000   0.99580110561212
     247.00000000000   0.99620678261170
     248.00000000000   0.99662055237166
     249.00000000000   0.99703685527878
     250.00000000000   0.99744845105181
     251.00000000000   0.99784688704202
     252.00000000000   0.99822326039737
     253.00000000000   0.99856916646404
     254.00000000000   0.99887766354217
     255.00000000000   0.99914406370626
     256.00000000000   0.99936639152917
     257.00000000000   0.99954542939855
     258.00000000000   0.99968436564623
     259.00000000000   0.99978814907590
     260.00000000000   0.99986270517115
     261.00000000000   0.99991417432248
     262.00000000000   0.99994829670389
     263.00000000000   0.99997000991890
     264.00000000000   0.99998326559427
     265.00000000000   0.99999102633270
     266.00000000000   0.99999538228494
     267.00000000000   0.99999772553219
     268.00000000000   0.99999893334977
     269.00000000000   0.99999952975364
     270.00000000000   0.99999981182252
     271.00000000000   0.99999993957680
     272.00000000000   0.99999999498064
     273.00000000000    1.0000000179842
     274.00000000000    1.0000000271272
     275.00000000000    1.0000000306057
     276.00000000000    1.0000000318723
     277.00000000000    1.0000000323137
     278.00000000000    1.0000000324609
     279.00000000000    1.0000000325079
     280.00000000000    1.0000000325222
     281.00000000000    1.0000000325264
     282.00000000000    1.0000000325276
     283.00000000000    1.0000000325279
     284.00000000000    1.0000000325280
     285.00000000000    1.0000000325280
     286.00000000000    1.0000000325280
     287.00000000000    1.0000000325280
     288.00000000000    1.0000000325280
     289.00000000000    1.0000000325280
     290.00000000000    1.0000000325280
     291.00000000000    1.0000000325280
     292.00000000000    1.0000000325280
     293.00000000000    1.0000000325280
     294.00000000000    1.0000000325280
     295.00000000000    1.0000000325280
     296.00000000000    1.0000000325280
     297.00000000000    1.0000000325280
     298.00000000000    1.0000000325280
     299.00000000000    1.0000000325280
     300.00000000000    1.0000000325280
     301.00000000000    1.0000000325280
     302.00000000000    1.0000000325280
     303.00000000000    1.0000000325280
     304.00000000000    1.0000000325280
     305.00000000000    1.0000000325280
     306.00000000000    1.0000000325280
     307.00000000000    1.0000000325280
     308.00000000000    1.0000000325280
     309.00000000000    1.0000000325280
     310.00000000000    1.0000000325280
     311.00000000000    1.0000000325280
     312.00000000000    1.0000000325280
     313.00000000000    1.0000000325280
     314.00000000000    1.0000000325280
     315.00000000000    1.0000000325280
     316.00000000000    1.0000000325280
     317.00000000000    1.0000000325280
     318.00000000000    1.0000000325280
     319.00000000000    1.0000000325280
     320.00000000000    1.0000000325280
     321.00000000000    1.0000000325280
     322.00000000000    1.0000000325280
     323.00000000000    1.0000000325280
     324.00000000000    1.0000000325280
     325.00000000000    1.0000000325280
     326.00000000000    1.0000000325280
     327.00000000000    1.0000000325280
     328.00000000000    1.0000000325280
     329.00000000000    1.0000000325280
     330.00000000000    1.0000000325280
     331.00000000000    1.0000000325280
     332.00000000000    1.0000000325280
     333.00000000000    1.0000000325280
     334.00000000000    1.0000000325280
     335.00000000000    1.0000000325280
     336.00000000000    1.0000000325280
     337.00000000000    1.0000000325280
     338.00000000000    1.0000000325280
     339.00000000000    1.0000000325280
     340.00000000000    1.0000000325280
     341.00000000000    1.0000000325280
     342.00000000000    1.0000000325280
     343.00000000000    1.0000000325280
     344.00000000000    1.0000000325280
     345.00000000000    1.0000000325280
     346.00000000000    1.0000000325280
     347.00000000000    1.0000000325280
     348.00000000000    1.0000000325280
     349.00000000000    1.0000000325280
     350.00000000000    1.0000000325280
     351.00000000000    1.0000000325280
     352.00000000000    1.0000000325280
     353.00000000000    1.0000000325280
     354.00000000000    1.0000000325280
     355.00000000000    1.0000000325280
     356.00000000000    1.0000000325280
     357.00000000000    1.0000000325280
     358.00000000000    1.0000000325280
     359.00000000000    1.0000000325280
     360.00000000000    1.0000000325280
     361.00000000000    1.0000000325280
     362.00000000000    1.0000000325280
     363.00000000000    1.0000000325280
     364.00000000000    1.0000000325280
     365.00000000000    1.0000000325280
     366.00000000000    1.0000000325280
     367.00000000000    1.0000000325280
     368.00000000000    1.0000000325280
     369.00000000000    1.0000000325280
     370.00000000000    1.0000000325280
     371.00000000000    1.0000000325280
     372.00000000000    1.0000000325280
     373.00000000000    1.0000000325280
     374.00000000000    1.0000000325280
     375.00000000000    1.0000000325280
     376.00000000000    1.0000000325280
     377.00000000000    1.0000000325280
     378.00000000000    1.0000000325280
     379.00000000000    1.0000000325280
     380.00000000000    1.0000000325280
     381.00000000000    1.0000000325280
     382.00000000000    1.0000000325280
     383.00000000000    1.0000000325280
     384.00000000000    1.0000000325280
     385.00000000000    1.0000000325280
     386.00000000000    1.0000000325280
     387.00000000000    1.0000000325280
     388.00000000000    1.0000000325280
     389.00000000000    1.0000000325280
     390.00000000000    1.0000000325280
     391.00000000000    1.0000000325280
     392.00000000000    1.0000000325280
     393.00000000000    1.0000000325280
     394.00000000000    1.0000000325280
     395.00000000000    1.0000000325280
     396.00000000000    1.0000000325280
     397.00000000000    1.0000000325280
     398.00000000000    1.0000000325280
     399.00000000000    1.0000000325280
     400.00000000000    1.0000000325280
     401.00000000000    1.0000000325280
     402.00000000000    1.0000000325280
     403.00000000000    1.0000000325280
     404.00000000000    1.0000000325280
     405.00000000000    1.0000000325280
     406.00000000000    1.0000000325280
     407.00000000000    1.0000000325280
     408.00000000000    1.0000000325280
     409.00000000000    1.0000000325280
     410.00000000000    1.0000000325280
     411.00000000000    1.0000000325280
     412.00000000000    1.0000000325280
     413.00000000000    1.0000000325280
     414.00000000000    1.0000000325280
     415.00000000000    1.0000000325280
     416.00000000000    1.0000000325280
     417.00000000000    1.0000000325280
     418.00000000000    1.0000000325280
     419.00000000000    1.0000000325280
     420.00000000000    1.0000000325280
     421.00000000000    1.0000000325280
     422.00000000000    1.0000000325280
     423.00000000000    1.0000000325280
     424.00000000000    1.0000000325280
     425.00000000000    1.0000000325280
     426.00000000000    1.0000000325280
     427.00000000000    1.0000000325280
     428.00000000000    1.0000000325280
     429.00000000000    1.0000000325280
     430.00000000000    1.0000000325280
     431.00000000000    1.0000000325280
     432.00000000000    1.0000000325280
     433.00000000000    1.0000000325280
     434.00000000000    1.0000000325280
     435.00000000000    1.0000000325280
     436.00000000000    1.0000000325280
     437.00000000000    1.0000000325280
     438.00000000000    1.0000000325280
     439.00000000000    1.0000000325280
     440.00000000000    1.0000000325280
     441.00000000000    1.0000000325280
     442.00000000000    1.0000000325280
     443.00000000000    1.0000000325280
     444.00000000000    1.0000000325280
     445.00000000000    1.0000000325280
     446.00000000000    1.0000000325280
     447.00000000000    1.0000000325280
     448.00000000000    1.0000000325280
     449.00000000000    1.0000000325280
     450.00000000000    1.0000000325280
     451.00000000000    1.0000000325280
     452.00000000000    1.0000000325280
     453.00000000000    1.0000000325280
     454.00000000000    1.0000000325280
     455.00000000000    1.0000000325280
     456.00000000000    1.0000000325280
     457.00000000000    1.0000000325280
     458.00000000000    1.0000000325280
     459.00000000000    1.0000000325280
     460.00000000000    1.0000000325280
     461.00000000000    1.0000000325280
     462.00000000000    1.0000000325280
     463.00000000000    1.0000000325280
     464.00000000000    1.0000000325280
     465.00000000000    1.0000000325280
     466.00000000000    1.0000000325280
     467.00000000000    1.0000000325280
     468.00000000000    1.0000000325280
     469.00000000000    1.0000000325280
     470.00000000000    1.0000000325280
     471.00000000000    1.0000000325280
     472.00000000000    1.0000000325280
     473.00000000000    1.0000000325280
     474.00000000000    1.0000000325280
     475.00000000000    1.0000000325280
     476.00000000000    1.0000000325280
     477.00000000000    1.0000000325280
     478.00000000000    1.0000000325280
     479.00000000000    1.0000000325280
     480.00000000000    1.0000000325280
     481.00000000000    1.0000000325280
     482.00000000000    1.0000000325280
     483.00000000000    1.0000000325280
     484.00000000000    1.0000000325280
     485.00000000000    1.0000000325280
     486.00000000000    1.0000000325280
     487.00000000000    1.0000000325280
     488.00000000000    1.0000000325280
     489.00000000000    1.0000000325280
     490.00000000000    1.0000000325280
     491.00000000000    1.0000000325280
     492.00000000000    1.0000000325280
     493.00000000000    1.0000000325280
     494.00000000000    1.0000000325280
     495.00000000000    1.0000000325280
     496.00000000000    1.0000000325280
     497.00000000000    1.0000000325280
     498.00000000000    1.0000000325280
     499.00000000000    1.0000000325280
     500.00000000000    1.0000000325280
