    -500.00000000000    1.0000000325280
    -499.00000000000    1.0000000325280
    -498.00000000000    1.0000000325280
    -497.00000000000    1.0000000325280
    -496.00000000000    1.0000000325280
    -495.00000000000    1.0000000325280
    -494.00000000000    1.0000000325280
    -493.00000000000    1.0000000325280
    -492.00000000000    1.0000000325280
    -491.00000000000    1.0000000325280
    -490.00000000000    1.0000000325280
    -489.00000000000    1.0000000325280
    -488.00000000000    1.0000000325280
    -487.00000000000    1.0000000325280
    -486.00000000000    1.0000000325280
    -485.00000000000    1.0000000325280
    -484.00000000000    1.0000000325280
    -483.00000000000    1.0000000325280
    -482.00000000000    1.0000000325280
    -481.00000000000    1.0000000325280
    -480.00000000000    1.0000000325280
    -479.00000000000    1.0000000325280
    -478.00000000000    1.0000000325280
    -477.00000000000    1.0000000325280
    -476.00000000000    1.0000000325280
    -475.00000000000    1.0000000325280
    -474.00000000000    1.0000000325280
    -473.00000000000    1.0000000325280
    -472.00000000000    1.0000000325280
    -471.00000000000    1.0000000325280
    -470.00000000000    1.0000000325280
    -469.00000000000    1.0000000325280
    -468.00000000000    1.0000000325280
    -467.00000000000    1.0000000325280
    -466.00000000000    1.0000000325280
    -465.00000000000    1.0000000325280
    -464.00000000000    1.0000000325280
    -463.00000000000    1.0000000325280
    -462.00000000000    1.0000000325280
    -461.00000000000    1.0000000325280
    -460.00000000000    1.0000000325280
    -459.00000000000    1.0000000325280
    -458.00000000000    1.0000000325280
    -457.00000000000    1.0000000325280
    -456.00000000000    1.0000000325280
    -455.00000000000    1.0000000325280
    -454.00000000000    1.0000000325280
    -453.00000000000    1.0000000325280
    -452.00000000000    1.0000000325280
    -451.00000000000    1.0000000325280
    -450.00000000000    1.0000000325280
    -449.00000000000    1.0000000325280
    -448.00000000000    1.0000000325280
    -447.00000000000    1.0000000325280
    -446.00000000000    1.0000000325280
    -445.00000000000    1.0000000325280
    -444.00000000000    1.0000000325280
    -443.00000000000    1.0000000325280
    -442.00000000000    1.0000000325280
    -441.00000000000    1.0000000325280
    -440.00000000000    1.0000000325280
    -439.00000000000    1.0000000325280
    -438.00000000000    1.0000000325280
    -437.00000000000    1.0000000325280
    -436.00000000000    1.0000000325280
    -435.00000000000    1.0000000325280
    -434.00000000000    1.0000000325280
    -433.00000000000    1.0000000325280
    -432.00000000000    1.0000000325280
    -431.00000000000    1.0000000325280
    -430.00000000000    1.0000000325280
    -429.00000000000    1.0000000325280
    -428.00000000000    1.0000000325280
    -427.00000000000    1.0000000325280
    -426.00000000000    1.0000000325280
    -425.00000000000    1.0000000325280
    -424.00000000000    1.0000000325280
    -423.00000000000    1.0000000325280
    -422.00000000000    1.0000000325280
    -421.00000000000    1.0000000325280
    -420.00000000000    1.0000000325280
    -419.00000000000    1.0000000325280
    -418.00000000000    1.0000000325280
    -417.00000000000    1.0000000325280
    -416.00000000000    1.0000000325280
    -415.00000000000    1.0000000325280
    -414.00000000000    1.0000000325280
    -413.00000000000    1.0000000325280
    -412.00000000000    1.0000000325280
    -411.00000000000    1.0000000325280
    -410.00000000000    1.0000000325280
    -409.00000000000    1.0000000325280
    -408.00000000000    1.0000000325280
    -407.00000000000    1.0000000325280
    -406.00000000000    1.0000000325280
    -405.00000000000    1.0000000325280
    -404.00000000000    1.0000000325280
    -403.00000000000    1.0000000325280
    -402.00000000000    1.0000000325280
    -401.00000000000    1.0000000325280
    -400.00000000000    1.0000000325280
    -399.00000000000    1.0000000325280
    -398.00000000000    1.0000000325280
    -397.00000000000    1.0000000325280
    -396.00000000000    1.0000000325280
    -395.00000000000    1.0000000325280
    -394.00000000000    1.0000000325280
    -393.00000000000    1.0000000325280
    -392.00000000000    1.0000000325280
    -391.00000000000    1.0000000325280
    -390.00000000000    1.0000000325280
    -389.00000000000    1.0000000325280
    -388.00000000000    1.0000000325280
    -387.00000000000    1.0000000325280
    -386.00000000000    1.0000000325280
    -385.00000000000    1.0000000325280
    -384.00000000000    1.0000000325280
    -383.00000000000    1.0000000325280
    -382.00000000000    1.0000000325280
    -381.00000000000    1.0000000325280
    -380.00000000000    1.0000000325280
    -379.00000000000    1.0000000325280
    -378.00000000000    1.0000000325280
    -377.00000000000    1.0000000325280
    -376.00000000000    1.0000000325280
    -375.00000000000    1.0000000325280
    -374.00000000000    1.0000000325280
    -373.00000000000    1.0000000325280
    -372.00000000000    1.0000000325280
    -371.00000000000    1.0000000325280
    -370.00000000000    1.0000000325280
    -369.00000000000    1.0000000325280
    -368.00000000000    1.0000000325280
    -367.00000000000    1.0000000325280
    -366.00000000000    1.0000000325280
    -365.00000000000    1.0000000325280
    -364.00000000000    1.0000000325280
    -363.00000000000    1.0000000325280
    -362.00000000000    1.0000000325280
    -361.00000000000    1.0000000325280
    -360.00000000000    1.0000000325280
    -359.00000000000    1.0000000325280
    -358.00000000000    1.0000000325280
    -357.00000000000    1.0000000325280
    -356.00000000000    1.0000000325280
    -355.00000000000    1.0000000325280
    -354.00000000000    1.0000000325280
    -353.00000000000    1.0000000325280
    -352.00000000000    1.0000000325280
    -351.00000000000    1.0000000325280
    -350.00000000000    1.0000000325280
    -349.00000000000    1.0000000325280
    -348.00000000000    1.0000000325280
    -347.00000000000    1.0000000325280
    -346.00000000000    1.0000000325280
    -345.00000000000    1.0000000325280
    -344.00000000000    1.0000000325280
    -343.00000000000    1.0000000325280
    -342.00000000000    1.0000000325280
    -341.00000000000    1.0000000325280
    -340.00000000000    1.0000000325280
    -339.00000000000    1.0000000325280
    -338.00000000000    1.0000000325280
    -337.00000000000    1.0000000325280
    -336.00000000000    1.0000000325280
    -335.00000000000    1.0000000325280
    -334.00000000000    1.0000000325280
    -333.00000000000    1.0000000325280
    -332.00000000000    1.0000000325280
    -331.00000000000    1.0000000325280
    -330.00000000000    1.0000000325280
    -329.00000000000    1.0000000325280
    -328.00000000000    1.0000000325280
    -327.00000000000    1.0000000325280
    -326.00000000000    1.0000000325280
    -325.00000000000    1.0000000325280
    -324.00000000000    1.0000000325280
    -323.00000000000    1.0000000325280
    -322.00000000000    1.0000000325280
    -321.00000000000    1.0000000325280
    -320.00000000000    1.0000000325280
    -319.00000000000    1.0000000325280
    -318.00000000000    1.0000000325280
    -317.00000000000    1.0000000325280
    -316.00000000000    1.0000000325280
    -315.00000000000    1.0000000325280
    -314.00000000000    1.0000000325280
    -313.00000000000    1.0000000325280
    -312.00000000000    1.0000000325280
    -311.00000000000    1.0000000325280
    -310.00000000000    1.0000000325280
    -309.00000000000    1.0000000325280
    -308.00000000000    1.0000000325280
    -307.00000000000    1.0000000325280
    -306.00000000000    1.0000000325280
    -305.00000000000    1.0000000325280
    -304.00000000000    1.0000000325280
    -303.00000000000    1.0000000325280
    -302.00000000000    1.0000000325280
    -301.00000000000    1.0000000325280
    -300.00000000000    1.0000000325280
    -299.00000000000    1.0000000325280
    -298.00000000000    1.0000000325280
    -297.00000000000    1.0000000325280
    -296.00000000000    1.0000000325280
    -295.00000000000    1.0000000325280
    -294.00000000000    1.0000000325280
    -293.00000000000    1.0000000325280
    -292.00000000000    1.0000000325280
    -291.00000000000    1.0000000325280
    -290.00000000000    1.0000000325280
    -289.00000000000    1.0000000325280
    -288.00000000000    1.0000000325280
    -287.00000000000    1.0000000325280
    -286.00000000000    1.0000000325280
    -285.00000000000    1.0000000325280
    -284.00000000000    1.0000000325280
    -283.00000000000    1.0000000325280
    -282.00000000000    1.0000000325280
    -281.00000000000    1.0000000325280
    -280.00000000000    1.0000000325280
    -279.00000000000    1.0000000325280
    -278.00000000000    1.0000000325280
    -277.00000000000    1.0000000325280
    -276.00000000000    1.0000000325280
    -275.00000000000    1.0000000325280
    -274.00000000000    1.0000000325280
    -273.00000000000    1.0000000325280
    -272.00000000000    1.0000000325280
    -271.00000000000    1.0000000325280
    -270.00000000000    1.0000000325280
    -269.00000000000    1.0000000325280
    -268.00000000000    1.0000000325280
    -267.00000000000    1.0000000325280
    -266.00000000000    1.0000000325280
    -265.00000000000    1.0000000325280
    -264.00000000000    1.0000000325280
    -263.00000000000    1.0000000325280
    -262.00000000000    1.0000000325280
    -261.00000000000    1.0000000325280
    -260.00000000000    1.0000000325280
    -259.00000000000    1.0000000325280
    -258.00000000000    1.0000000325280
    -257.00000000000    1.0000000325280
    -256.00000000000    1.0000000325280
    -255.00000000000    1.0000000325280
    -254.00000000000    1.0000000325280
    -253.00000000000    1.0000000325280
    -252.00000000000    1.0000000325280
    -251.00000000000    1.0000000325280
    -250.00000000000    1.0000000325280
    -249.00000000000    1.0000000325280
    -248.00000000000    1.0000000325280
    -247.00000000000    1.0000000325280
    -246.00000000000    1.0000000325280
    -245.00000000000    1.0000000325280
    -244.00000000000    1.0000000325280
    -243.00000000000    1.0000000325280
    -242.00000000000    1.0000000325280
    -241.00000000000    1.0000000325280
    -240.00000000000    1.0000000325280
    -239.00000000000    1.0000000325280
    -238.00000000000    1.0000000325280
    -237.00000000000    1.0000000325280
    -236.00000000000    1.0000000325280
    -235.00000000000    1.0000000325280
    -234.00000000000    1.0000000325280
    -233.00000000000    1.0000000325280
    -232.00000000000    1.0000000325280
    -231.00000000000    1.0000000325280
    -230.00000000000    1.0000000325280
    -229.00000000000    1.0000000325280
    -228.00000000000    1.0000000325280
    -227.00000000000    1.0000000325280
    -226.00000000000    1.0000000325280
    -225.00000000000    1.0000000325280
    -224.00000000000    1.0000000325280
    -223.00000000000    1.0000000325280
    -222.00000000000    1.0000000325280
    -221.00000000000    1.0000000325280
    -220.00000000000    1.0000000325280
    -219.00000000000    1.0000000325280
    -218.00000000000    1.0000000325280
    -217.00000000000    1.0000000325280
    -216.00000000000    1.0000000325280
    -215.00000000000    1.0000000325280
    -214.00000000000    1.0000000325280
    -213.00000000000    1.0000000325280
    -212.00000000000    1.0000000325280
    -211.00000000000    1.0000000325280
    -210.00000000000    1.0000000325280
    -209.00000000000    1.0000000325280
    -208.00000000000    1.0000000325280
    -207.00000000000    1.0000000325280
    -206.00000000000    1.0000000325280
    -205.00000000000    1.0000000325280
    -204.00000000000    1.0000000325280
    -203.00000000000    1.0000000325280
    -202.00000000000    1.0000000325280
    -201.00000000000    1.0000000325280
    -200.00000000000    1.0000000325280
    -199.00000000000    1.0000000325280
    -198.00000000000    1.0000000325280
    -197.00000000000    1.0000000325280
    -196.00000000000    1.0000000325280
    -195.00000000000    1.0000000325280
    -194.00000000000    1.0000000325280
    -193.00000000000    1.0000000325280
    -192.00000000000    1.0000000325280
    -191.00000000000    1.0000000325280
    -190.00000000000    1.0000000325280
    -189.00000000000    1.0000000325280
    -188.00000000000    1.0000000325280
    -187.00000000000    1.0000000325280
    -186.00000000000    1.0000000325280
    -185.00000000000    1.0000000325280
    -184.00000000000    1.0000000325280
    -183.00000000000    1.0000000325280
    -182.00000000000    1.0000000325280
    -181.00000000000    1.0000000325280
    -180.00000000000    1.0000000325280
    -179.00000000000    1.0000000325280
    -178.00000000000    1.0000000325280
    -177.00000000000    1.0000000325280
    -176.00000000000    1.0000000325280
    -175.00000000000    1.0000000325280
    -174.00000000000    1.0000000325280
    -173.00000000000    1.0000000325280
    -172.00000000000    1.0000000325280
    -171.00000000000    1.0000000325280
    -170.00000000000    1.0000000325279
    -169.00000000000    1.0000000325277
    -168.00000000000    1.0000000325269
    -167.00000000000    1.0000000325240
    -166.00000000000    1.0000000325133
    -165.00000000000    1.0000000324770
    -164.00000000000    1.0000000323579
    -163.00000000000    1.0000000319844
    -162.00000000000    1.0000000308639
    -161.00000000000    1.0000000276468
    -160.00000000000    1.0000000188065
    -159.00000000000   0.99999999555586
    -158.00000000000   0.99999993702004
    -157.00000000000   0.99999979594004
    -156.00000000000   0.99999947039115
    -155.00000000000   0.99999875105864
    -154.00000000000   0.99999722886791
    -153.00000000000   0.99999414350376
    -152.00000000000   0.99998815215967
    -151.00000000000   0.99997700363407
    -150.00000000000   0.99995712001149
    -149.00000000000   0.99992311948738
    -148.00000000000   0.99986735780082
    -147.00000000000   0.99977961331158
    -146.00000000000   0.99964707499227
    -145.00000000000   0.99945479166261
    -144.00000000000   0.99918668601780
    -143.00000000000   0.99882712376471
    -142.00000000000   0.99836287469620
    -141.00000000000   0.99778515069612
    -140.00000000000   0.99709131016949
    -139.00000000000   0.99628582602795
    -138.00000000000   0.99538024170582
    -137.00000000000   0.99439206041486
    -136.00000000000   0.99334276297087
    -135.00000000000   0.99225535027890
    -134.00000000000   0.99115189534112
    -133.00000000000   0.99005154447550
    -132.00000000000   0.98896925353398
    -131.00000000000   0.98791534118200
    -130.00000000000   0.98689575446456
    -129.00000000000   0.98591282117686
    -128.00000000000   0.98496622683372
    -127.00000000000   0.98405398884673
    -126.00000000000   0.98317327634627
    -125.00000000000   0.98232100778886
    -124.00000000000   0.98149422594651
    -123.00000000000   0.98069029048287
    -122.00000000000   0.97990694315879
    -121.00000000000   0.97914229744760
    -120.00000000000   0.97839479207538
    -119.00000000000   0.97766313392507
    -118.00000000000   0.97694624396948
    -117.00000000000   0.97624321184095
    -116.00000000000   0.97555326003518
    -115.00000000000   0.97487571662223
    -114.00000000000   0.97420999469133
    -113.00000000000   0.97355557682936
    -112.00000000000   0.97291200326397
    -111.00000000000   0.97227886265846
    -110.00000000000   0.97165578484101
    -109.00000000000   0.97104243496693
    -108.00000000000   0.97043850876328
    -107.00000000000   0.96984372860624
    -106.00000000000   0.96925784025083
   -105.000000000000   0.96868061007893
   -104.000000000000   0.96811182276489
   -103.000000000000   0.96755127928100
   -102.000000000000   0.96699879518248
   -101.000000000000   0.96645419912414
   -100.000000000000   0.96591733157074
    -99.000000000000   0.96538804367010
    -98.000000000000   0.96486619626424
    -97.000000000000   0.96435165901780
    -96.000000000000   0.96384430964695
    -95.000000000000   0.96334403323481
    -94.000000000000   0.96285072162141
    -93.000000000000   0.96236427285861
    -92.000000000000   0.96188459072132
    -91.000000000000   0.96141158426820
    -90.000000000000   0.96094516744565
    -89.000000000000   0.96048525872994
    -88.000000000000   0.96003178080303
    -87.000000000000   0.95958466025832
    -86.000000000000   0.95914382733281
    -85.000000000000   0.95870921566300
    -84.000000000000   0.95828076206181
    -83.000000000000   0.95785840631448
    -82.000000000000   0.95744209099133
    -81.000000000000   0.95703176127589
    -80.000000000000   0.95662736480668
    -79.000000000000   0.95622885153151
    -78.000000000000   0.95583617357288
    -77.000000000000   0.95544928510377
    -76.000000000000   0.95506814223250
    -75.000000000000   0.95469270289612
    -74.000000000000   0.95432292676150
    -73.000000000000   0.95395877513336
    -72.000000000000   0.95360021086875
    -71.000000000000   0.95324719829744
    -70.000000000000   0.95289970314762
    -69.000000000000   0.95255769247664
    -68.000000000000   0.95222113460626
    -67.000000000000   0.95188999906205
    -66.000000000000   0.95156425651675
    -65.000000000000   0.95124387873713
    -64.000000000000   0.95092883853418
    -63.000000000000   0.95061910971636
    -62.000000000000   0.95031466704566
    -61.000000000000   0.95001548619635
    -60.000000000000   0.94972154371606
    -59.000000000000   0.94943281698923
    -58.000000000000   0.94914928420266
    -57.000000000000   0.94887092431294
    -56.000000000000   0.94859771701587
    -55.000000000000   0.94832964271744
    -54.000000000000   0.94806668250647
    -53.000000000000   0.94780881812883
    -52.000000000000   0.94755603196291
    -51.000000000000   0.94730830699652
    -50.000000000000   0.94706562680497
    -49.000000000000   0.94682797553035
    -48.000000000000   0.94659533786184
    -47.000000000000   0.94636769901706
    -46.000000000000   0.94614504472446
    -45.000000000000   0.94592736120646
    -44.000000000000   0.94571463516361
    -43.000000000000   0.94550685375946
    -42.000000000000   0.94530400460617
    -41.000000000000   0.94510607575097
    -40.000000000000   0.94491305566312
    -39.000000000000   0.94472493322169
    -38.000000000000   0.94454169770380
    -37.000000000000   0.94436333877357
    -36.000000000000   0.94418984647152
    -35.000000000000   0.94402121120454
    -34.000000000000   0.94385742373633
    -33.000000000000   0.94369847517838
    -32.000000000000   0.94354435698129
    -31.000000000000   0.94339506092661
    -30.000000000000   0.94325057911905
    -29.000000000000   0.94311090397910
    -28.000000000000   0.94297602823599
    -27.000000000000   0.94284594492102
    -26.000000000000   0.94272064736129
    -25.000000000000   0.94260012917364
    -24.000000000000   0.94248438425905
    -23.000000000000   0.94237340679719
    -22.000000000000   0.94226719124139
    -21.000000000000   0.94216573231381
    -20.000000000000   0.94206902500092
    -19.000000000000   0.94197706454921
    -18.000000000000   0.94188984646119
    -17.000000000000   0.94180736649160
    -16.000000000000   0.94172962064385
    -15.000000000000   0.94165660516674
    -14.000000000000   0.94158831655134
    -13.000000000000   0.94152475152815
    -12.000000000000   0.94146590706438
    -11.000000000000   0.94141178036153
   -10.0000000000000   0.94136236885313
    -9.0000000000000   0.94131767020265
    -8.0000000000000   0.94127768230164
    -7.0000000000000   0.94124240326808
    -6.0000000000000   0.94121183144483
    -5.0000000000000   0.94118596539833
    -4.0000000000000   0.94116480391750
    -3.0000000000000   0.94114834601273
    -2.0000000000000   0.94113659091515
    -1.0000000000000   0.94112953807599
   0.   0.94112718716616
     1.0000000000000   0.94112953807599
     2.0000000000000   0.94113659091515
     3.0000000000000   0.94114834601273
     4.0000000000000   0.94116480391750
     5.0000000000000   0.94118596539833
     6.0000000000000   0.94121183144483
     7.0000000000000   0.94124240326808
     8.0000000000000   0.94127768230164
     9.0000000000000   0.94131767020265
    10.0000000000000   0.94136236885313
     11.000000000000   0.94141178036153
     12.000000000000   0.94146590706438
     13.000000000000   0.94152475152815
     14.000000000000   0.94158831655134
     15.000000000000   0.94165660516674
     16.000000000000   0.94172962064385
     17.000000000000   0.94180736649160
     18.000000000000   0.94188984646119
     19.000000000000   0.94197706454921
     20.000000000000   0.94206902500092
     21.000000000000   0.94216573231381
     22.000000000000   0.94226719124139
     23.000000000000   0.94237340679719
     24.000000000000   0.94248438425905
     25.000000000000   0.94260012917364
     26.000000000000   0.94272064736129
     27.000000000000   0.94284594492102
     28.000000000000   0.94297602823599
     29.000000000000   0.94311090397910
     30.000000000000   0.94325057911905
     31.000000000000   0.94339506092661
     32.000000000000   0.94354435698129
     33.000000000000   0.94369847517838
     34.000000000000   0.94385742373633
     35.000000000000   0.94402121120454
     36.000000000000   0.94418984647152
     37.000000000000   0.94436333877357
     38.000000000000   0.94454169770380
     39.000000000000   0.94472493322169
     40.000000000000   0.94491305566312
     41.000000000000   0.94510607575097
     42.000000000000   0.94530400460617
     43.000000000000   0.94550685375946
     44.000000000000   0.94571463516361
     45.000000000000   0.94592736120646
     46.000000000000   0.94614504472446
     47.000000000000   0.94636769901706
     48.000000000000   0.94659533786184
     49.000000000000   0.94682797553035
     50.000000000000   0.94706562680497
     51.000000000000   0.94730830699652
     52.000000000000   0.94755603196291
     53.000000000000   0.94780881812883
     54.000000000000   0.94806668250647
     55.000000000000   0.94832964271744
     56.000000000000   0.94859771701587
     57.000000000000   0.94887092431294
     58.000000000000   0.94914928420266
     59.000000000000   0.94943281698923
     60.000000000000   0.94972154371606
     61.000000000000   0.95001548619635
     62.000000000000   0.95031466704566
     63.000000000000   0.95061910971636
     64.000000000000   0.95092883853418
     65.000000000000   0.95124387873713
     66.000000000000   0.95156425651675
     67.000000000000   0.95188999906205
     68.000000000000   0.95222113460626
     69.000000000000   0.95255769247664
     70.000000000000   0.95289970314762
     71.000000000000   0.95324719829744
     72.000000000000   0.95360021086875
     73.000000000000   0.95395877513336
     74.000000000000   0.95432292676150
     75.000000000000   0.95469270289612
     76.000000000000   0.95506814223250
     77.000000000000   0.95544928510377
     78.000000000000   0.95583617357288
     79.000000000000   0.95622885153151
     80.000000000000   0.95662736480668
     81.000000000000   0.95703176127589
     82.000000000000   0.95744209099133
     83.000000000000   0.95785840631448
     84.000000000000   0.95828076206181
     85.000000000000   0.95870921566300
     86.000000000000   0.95914382733281
     87.000000000000   0.95958466025832
     88.000000000000   0.96003178080303
     89.000000000000   0.96048525872994
     90.000000000000   0.96094516744565
     91.000000000000   0.96141158426820
     92.000000000000   0.96188459072132
     93.000000000000   0.96236427285861
     94.000000000000   0.96285072162141
     95.000000000000   0.96334403323481
     96.000000000000   0.96384430964695
     97.000000000000   0.96435165901780
     98.000000000000   0.96486619626424
     99.000000000000   0.96538804367010
    100.000000000000   0.96591733157074
    101.000000000000   0.96645419912414
    102.000000000000   0.96699879518248
    103.000000000000   0.96755127928100
    104.000000000000   0.96811182276489
    105.000000000000   0.96868061007893
     106.00000000000   0.96925784025083
     107.00000000000   0.96984372860624
     108.00000000000   0.97043850876328
     109.00000000000   0.97104243496693
     110.00000000000   0.97165578484101
     111.00000000000   0.97227886265846
     112.00000000000   0.97291200326397
     113.00000000000   0.97355557682936
     114.00000000000   0.97420999469133
     115.00000000000   0.97487571662223
     116.00000000000   0.97555326003517
     117.00000000000   0.97624321184095
     118.00000000000   0.97694624396948
     119.00000000000   0.97766313392507
     120.00000000000   0.97839479207538
     121.00000000000   0.97914229744760
     122.00000000000   0.97990694315879
     123.00000000000   0.98069029048287
     124.00000000000   0.98149422594651
     125.00000000000   0.98232100778886
     126.00000000000   0.98317327634627
     127.00000000000   0.98405398884673
     128.00000000000   0.98496622683372
     129.00000000000   0.98591282117686
     130.00000000000   0.98689575446456
     131.00000000000   0.98791534118200
     132.00000000000   0.98896925353398
     133.00000000000   0.99005154447550
     134.00000000000   0.99115189534111
     135.00000000000   0.99225535027890
     136.00000000000   0.99334276297086
     137.00000000000   0.99439206041486
     138.00000000000   0.99538024170582
     139.00000000000   0.99628582602795
     140.00000000000   0.99709131016949
     141.00000000000   0.99778515069612
     142.00000000000   0.99836287469620
     143.00000000000   0.99882712376471
     144.00000000000   0.99918668601780
     145.00000000000   0.99945479166261
     146.00000000000   0.99964707499227
     147.00000000000   0.99977961331158
     148.00000000000   0.99986735780082
     149.00000000000   0.99992311948738
     150.00000000000   0.99995712001149
     151.00000000000   0.99997700363407
     152.00000000000   0.99998815215967
     153.00000000000   0.99999414350376
     154.00000000000   0.99999722886791
     155.00000000000   0.99999875105864
     156.00000000000   0.99999947039115
     157.00000000000   0.99999979594004
     158.00000000000   0.99999993702004
     159.00000000000   0.99999999555586
     160.00000000000    1.0000000188065
     161.00000000000    1.0000000276468
     162.00000000000    1.0000000308639
     163.00000000000    1.0000000319844
     164.00000000000    1.0000000323579
     165.00000000000    1.0000000324770
     166.00000000000    1.0000000325133
     167.00000000000    1.0000000325240
     168.00000000000    1.0000000325269
     169.00000000000    1.0000000325277
     170.00000000000    1.0000000325279
     171.00000000000    1.0000000325280
     172.00000000000    1.0000000325280
     173.00000000000    1.0000000325280
     174.00000000000    1.0000000325280
     175.00000000000    1.0000000325280
     176.00000000000    1.0000000325280
     177.00000000000    1.0000000325280
     178.00000000000    1.0000000325280
     179.00000000000    1.0000000325280
     180.00000000000    1.0000000325280
     181.00000000000    1.0000000325280
     182.00000000000    1.0000000325280
     183.00000000000    1.0000000325280
     184.00000000000    1.0000000325280
     185.00000000000    1.0000000325280
     186.00000000000    1.0000000325280
     187.00000000000    1.0000000325280
     188.00000000000    1.0000000325280
     189.00000000000    1.0000000325280
     190.00000000000    1.0000000325280
     191.00000000000    1.0000000325280
     192.00000000000    1.0000000325280
     193.00000000000    1.0000000325280
     194.00000000000    1.0000000325280
     195.00000000000    1.0000000325280
     196.00000000000    1.0000000325280
     197.00000000000    1.0000000325280
     198.00000000000    1.0000000325280
     199.00000000000    1.0000000325280
     200.00000000000    1.0000000325280
     201.00000000000    1.0000000325280
     202.00000000000    1.0000000325280
     203.00000000000    1.0000000325280
     204.00000000000    1.0000000325280
     205.00000000000    1.0000000325280
     206.00000000000    1.0000000325280
     207.00000000000    1.0000000325280
     208.00000000000    1.0000000325280
     209.00000000000    1.0000000325280
     210.00000000000    1.0000000325280
     211.00000000000    1.0000000325280
     212.00000000000    1.0000000325280
     213.00000000000    1.0000000325280
     214.00000000000    1.0000000325280
     215.00000000000    1.0000000325280
     216.00000000000    1.0000000325280
     217.00000000000    1.0000000325280
     218.00000000000    1.0000000325280
     219.00000000000    1.0000000325280
     220.00000000000    1.0000000325280
     221.00000000000    1.0000000325280
     222.00000000000    1.0000000325280
     223.00000000000    1.0000000325280
     224.00000000000    1.0000000325280
     225.00000000000    1.0000000325280
     226.00000000000    1.0000000325280
     227.00000000000    1.0000000325280
     228.00000000000    1.0000000325280
     229.00000000000    1.0000000325280
     230.00000000000    1.0000000325280
     231.00000000000    1.0000000325280
     232.00000000000    1.0000000325280
     233.00000000000    1.0000000325280
     234.00000000000    1.0000000325280
     235.00000000000    1.0000000325280
     236.00000000000    1.0000000325280
     237.00000000000    1.0000000325280
     238.00000000000    1.0000000325280
     239.00000000000    1.0000000325280
     240.00000000000    1.0000000325280
     241.00000000000    1.0000000325280
     242.00000000000    1.0000000325280
     243.00000000000    1.0000000325280
     244.00000000000    1.0000000325280
     245.00000000000    1.0000000325280
     246.00000000000    1.0000000325280
     247.00000000000    1.0000000325280
     248.00000000000    1.0000000325280
     249.00000000000    1.0000000325280
     250.00000000000    1.0000000325280
     251.00000000000    1.0000000325280
     252.00000000000    1.0000000325280
     253.00000000000    1.0000000325280
     254.00000000000    1.0000000325280
     255.00000000000    1.0000000325280
     256.00000000000    1.0000000325280
     257.00000000000    1.0000000325280
     258.00000000000    1.0000000325280
     259.00000000000    1.0000000325280
     260.00000000000    1.0000000325280
     261.00000000000    1.0000000325280
     262.00000000000    1.0000000325280
     263.00000000000    1.0000000325280
     264.00000000000    1.0000000325280
     265.00000000000    1.0000000325280
     266.00000000000    1.0000000325280
     267.00000000000    1.0000000325280
     268.00000000000    1.0000000325280
     269.00000000000    1.0000000325280
     270.00000000000    1.0000000325280
     271.00000000000    1.0000000325280
     272.00000000000    1.0000000325280
     273.00000000000    1.0000000325280
     274.00000000000    1.0000000325280
     275.00000000000    1.0000000325280
     276.00000000000    1.0000000325280
     277.00000000000    1.0000000325280
     278.00000000000    1.0000000325280
     279.00000000000    1.0000000325280
     280.00000000000    1.0000000325280
     281.00000000000    1.0000000325280
     282.00000000000    1.0000000325280
     283.00000000000    1.0000000325280
     284.00000000000    1.0000000325280
     285.00000000000    1.0000000325280
     286.00000000000    1.0000000325280
     287.00000000000    1.0000000325280
     288.00000000000    1.0000000325280
     289.00000000000    1.0000000325280
     290.00000000000    1.0000000325280
     291.00000000000    1.0000000325280
     292.00000000000    1.0000000325280
     293.00000000000    1.0000000325280
     294.00000000000    1.0000000325280
     295.00000000000    1.0000000325280
     296.00000000000    1.0000000325280
     297.00000000000    1.0000000325280
     298.00000000000    1.0000000325280
     299.00000000000    1.0000000325280
     300.00000000000    1.0000000325280
     301.00000000000    1.0000000325280
     302.00000000000    1.0000000325280
     303.00000000000    1.0000000325280
     304.00000000000    1.0000000325280
     305.00000000000    1.0000000325280
     306.00000000000    1.0000000325280
     307.00000000000    1.0000000325280
     308.00000000000    1.0000000325280
     309.00000000000    1.0000000325280
     310.00000000000    1.0000000325280
     311.00000000000    1.0000000325280
     312.00000000000    1.0000000325280
     313.00000000000    1.0000000325280
     314.00000000000    1.0000000325280
     315.00000000000    1.0000000325280
     316.00000000000    1.0000000325280
     317.00000000000    1.0000000325280
     318.00000000000    1.0000000325280
     319.00000000000    1.0000000325280
     320.00000000000    1.0000000325280
     321.00000000000    1.0000000325280
     322.00000000000    1.0000000325280
     323.00000000000    1.0000000325280
     324.00000000000    1.0000000325280
     325.00000000000    1.0000000325280
     326.00000000000    1.0000000325280
     327.00000000000    1.0000000325280
     328.00000000000    1.0000000325280
     329.00000000000    1.0000000325280
     330.00000000000    1.0000000325280
     331.00000000000    1.0000000325280
     332.00000000000    1.0000000325280
     333.00000000000    1.0000000325280
     334.00000000000    1.0000000325280
     335.00000000000    1.0000000325280
     336.00000000000    1.0000000325280
     337.00000000000    1.0000000325280
     338.00000000000    1.0000000325280
     339.00000000000    1.0000000325280
     340.00000000000    1.0000000325280
     341.00000000000    1.0000000325280
     342.00000000000    1.0000000325280
     343.00000000000    1.0000000325280
     344.00000000000    1.0000000325280
     345.00000000000    1.0000000325280
     346.00000000000    1.0000000325280
     347.00000000000    1.0000000325280
     348.00000000000    1.0000000325280
     349.00000000000    1.0000000325280
     350.00000000000    1.0000000325280
     351.00000000000    1.0000000325280
     352.00000000000    1.0000000325280
     353.00000000000    1.0000000325280
     354.00000000000    1.0000000325280
     355.00000000000    1.0000000325280
     356.00000000000    1.0000000325280
     357.00000000000    1.0000000325280
     358.00000000000    1.0000000325280
     359.00000000000    1.0000000325280
     360.00000000000    1.0000000325280
     361.00000000000    1.0000000325280
     362.00000000000    1.0000000325280
     363.00000000000    1.0000000325280
     364.00000000000    1.0000000325280
     365.00000000000    1.0000000325280
     366.00000000000    1.0000000325280
     367.00000000000    1.0000000325280
     368.00000000000    1.0000000325280
     369.00000000000    1.0000000325280
     370.00000000000    1.0000000325280
     371.00000000000    1.0000000325280
     372.00000000000    1.0000000325280
     373.00000000000    1.0000000325280
     374.00000000000    1.0000000325280
     375.00000000000    1.0000000325280
     376.00000000000    1.0000000325280
     377.00000000000    1.0000000325280
     378.00000000000    1.0000000325280
     379.00000000000    1.0000000325280
     380.00000000000    1.0000000325280
     381.00000000000    1.0000000325280
     382.00000000000    1.0000000325280
     383.00000000000    1.0000000325280
     384.00000000000    1.0000000325280
     385.00000000000    1.0000000325280
     386.00000000000    1.0000000325280
     387.00000000000    1.0000000325280
     388.00000000000    1.0000000325280
     389.00000000000    1.0000000325280
     390.00000000000    1.0000000325280
     391.00000000000    1.0000000325280
     392.00000000000    1.0000000325280
     393.00000000000    1.0000000325280
     394.00000000000    1.0000000325280
     395.00000000000    1.0000000325280
     396.00000000000    1.0000000325280
     397.00000000000    1.0000000325280
     398.00000000000    1.0000000325280
     399.00000000000    1.0000000325280
     400.00000000000    1.0000000325280
     401.00000000000    1.0000000325280
     402.00000000000    1.0000000325280
     403.00000000000    1.0000000325280
     404.00000000000    1.0000000325280
     405.00000000000    1.0000000325280
     406.00000000000    1.0000000325280
     407.00000000000    1.0000000325280
     408.00000000000    1.0000000325280
     409.00000000000    1.0000000325280
     410.00000000000    1.0000000325280
     411.00000000000    1.0000000325280
     412.00000000000    1.0000000325280
     413.00000000000    1.0000000325280
     414.00000000000    1.0000000325280
     415.00000000000    1.0000000325280
     416.00000000000    1.0000000325280
     417.00000000000    1.0000000325280
     418.00000000000    1.0000000325280
     419.00000000000    1.0000000325280
     420.00000000000    1.0000000325280
     421.00000000000    1.0000000325280
     422.00000000000    1.0000000325280
     423.00000000000    1.0000000325280
     424.00000000000    1.0000000325280
     425.00000000000    1.0000000325280
     426.00000000000    1.0000000325280
     427.00000000000    1.0000000325280
     428.00000000000    1.0000000325280
     429.00000000000    1.0000000325280
     430.00000000000    1.0000000325280
     431.00000000000    1.0000000325280
     432.00000000000    1.0000000325280
     433.00000000000    1.0000000325280
     434.00000000000    1.0000000325280
     435.00000000000    1.0000000325280
     436.00000000000    1.0000000325280
     437.00000000000    1.0000000325280
     438.00000000000    1.0000000325280
     439.00000000000    1.0000000325280
     440.00000000000    1.0000000325280
     441.00000000000    1.0000000325280
     442.00000000000    1.0000000325280
     443.00000000000    1.0000000325280
     444.00000000000    1.0000000325280
     445.00000000000    1.0000000325280
     446.00000000000    1.0000000325280
     447.00000000000    1.0000000325280
     448.00000000000    1.0000000325280
     449.00000000000    1.0000000325280
     450.00000000000    1.0000000325280
     451.00000000000    1.0000000325280
     452.00000000000    1.0000000325280
     453.00000000000    1.0000000325280
     454.00000000000    1.0000000325280
     455.00000000000    1.0000000325280
     456.00000000000    1.0000000325280
     457.00000000000    1.0000000325280
     458.00000000000    1.0000000325280
     459.00000000000    1.0000000325280
     460.00000000000    1.0000000325280
     461.00000000000    1.0000000325280
     462.00000000000    1.0000000325280
     463.00000000000    1.0000000325280
     464.00000000000    1.0000000325280
     465.00000000000    1.0000000325280
     466.00000000000    1.0000000325280
     467.00000000000    1.0000000325280
     468.00000000000    1.0000000325280
     469.00000000000    1.0000000325280
     470.00000000000    1.0000000325280
     471.00000000000    1.0000000325280
     472.00000000000    1.0000000325280
     473.00000000000    1.0000000325280
     474.00000000000    1.0000000325280
     475.00000000000    1.0000000325280
     476.00000000000    1.0000000325280
     477.00000000000    1.0000000325280
     478.00000000000    1.0000000325280
     479.00000000000    1.0000000325280
     480.00000000000    1.0000000325280
     481.00000000000    1.0000000325280
     482.00000000000    1.0000000325280
     483.00000000000    1.0000000325280
     484.00000000000    1.0000000325280
     485.00000000000    1.0000000325280
     486.00000000000    1.0000000325280
     487.00000000000    1.0000000325280
     488.00000000000    1.0000000325280
     489.00000000000    1.0000000325280
     490.00000000000    1.0000000325280
     491.00000000000    1.0000000325280
     492.00000000000    1.0000000325280
     493.00000000000    1.0000000325280
     494.00000000000    1.0000000325280
     495.00000000000    1.0000000325280
     496.00000000000    1.0000000325280
     497.00000000000    1.0000000325280
     498.00000000000    1.0000000325280
     499.00000000000    1.0000000325280
     500.00000000000    1.0000000325280
