    -500.00000000000    1.0000000325280
    -499.00000000000    1.0000000325280
    -498.00000000000    1.0000000325280
    -497.00000000000    1.0000000325280
    -496.00000000000    1.0000000325280
    -495.00000000000    1.0000000325280
    -494.00000000000    1.0000000325280
    -493.00000000000    1.0000000325280
    -492.00000000000    1.0000000325280
    -491.00000000000    1.0000000325280
    -490.00000000000    1.0000000325280
    -489.00000000000    1.0000000325280
    -488.00000000000    1.0000000325280
    -487.00000000000    1.0000000325280
    -486.00000000000    1.0000000325280
    -485.00000000000    1.0000000325280
    -484.00000000000    1.0000000325280
    -483.00000000000    1.0000000325280
    -482.00000000000    1.0000000325280
    -481.00000000000    1.0000000325280
    -480.00000000000    1.0000000325280
    -479.00000000000    1.0000000325280
    -478.00000000000    1.0000000325280
    -477.00000000000    1.0000000325280
    -476.00000000000    1.0000000325280
    -475.00000000000    1.0000000325280
    -474.00000000000    1.0000000325280
    -473.00000000000    1.0000000325280
    -472.00000000000    1.0000000325280
    -471.00000000000    1.0000000325280
    -470.00000000000    1.0000000325280
    -469.00000000000    1.0000000325280
    -468.00000000000    1.0000000325280
    -467.00000000000    1.0000000325280
    -466.00000000000    1.0000000325280
    -465.00000000000    1.0000000325280
    -464.00000000000    1.0000000325280
    -463.00000000000    1.0000000325280
    -462.00000000000    1.0000000325280
    -461.00000000000    1.0000000325280
    -460.00000000000    1.0000000325280
    -459.00000000000    1.0000000325280
    -458.00000000000    1.0000000325280
    -457.00000000000    1.0000000325280
    -456.00000000000    1.0000000325280
    -455.00000000000    1.0000000325280
    -454.00000000000    1.0000000325280
    -453.00000000000    1.0000000325280
    -452.00000000000    1.0000000325280
    -451.00000000000    1.0000000325280
    -450.00000000000    1.0000000325280
    -449.00000000000    1.0000000325280
    -448.00000000000    1.0000000325280
    -447.00000000000    1.0000000325280
    -446.00000000000    1.0000000325280
    -445.00000000000    1.0000000325280
    -444.00000000000    1.0000000325280
    -443.00000000000    1.0000000325280
    -442.00000000000    1.0000000325280
    -441.00000000000    1.0000000325280
    -440.00000000000    1.0000000325280
    -439.00000000000    1.0000000325280
    -438.00000000000    1.0000000325280
    -437.00000000000    1.0000000325280
    -436.00000000000    1.0000000325280
    -435.00000000000    1.0000000325280
    -434.00000000000    1.0000000325280
    -433.00000000000    1.0000000325280
    -432.00000000000    1.0000000325280
    -431.00000000000    1.0000000325280
    -430.00000000000    1.0000000325280
    -429.00000000000    1.0000000325280
    -428.00000000000    1.0000000325280
    -427.00000000000    1.0000000325280
    -426.00000000000    1.0000000325280
    -425.00000000000    1.0000000325280
    -424.00000000000    1.0000000325280
    -423.00000000000    1.0000000325280
    -422.00000000000    1.0000000325280
    -421.00000000000    1.0000000325280
    -420.00000000000    1.0000000325280
    -419.00000000000    1.0000000325280
    -418.00000000000    1.0000000325280
    -417.00000000000    1.0000000325280
    -416.00000000000    1.0000000325280
    -415.00000000000    1.0000000325280
    -414.00000000000    1.0000000325280
    -413.00000000000    1.0000000325280
    -412.00000000000    1.0000000325280
    -411.00000000000    1.0000000325280
    -410.00000000000    1.0000000325280
    -409.00000000000    1.0000000325280
    -408.00000000000    1.0000000325280
    -407.00000000000    1.0000000325280
    -406.00000000000    1.0000000325280
    -405.00000000000    1.0000000325280
    -404.00000000000    1.0000000325280
    -403.00000000000    1.0000000325280
    -402.00000000000    1.0000000325280
    -401.00000000000    1.0000000325280
    -400.00000000000    1.0000000325280
    -399.00000000000    1.0000000325280
    -398.00000000000    1.0000000325280
    -397.00000000000    1.0000000325280
    -396.00000000000    1.0000000325280
    -395.00000000000    1.0000000325280
    -394.00000000000    1.0000000325280
    -393.00000000000    1.0000000325280
    -392.00000000000    1.0000000325280
    -391.00000000000    1.0000000325280
    -390.00000000000    1.0000000325280
    -389.00000000000    1.0000000325280
    -388.00000000000    1.0000000325280
    -387.00000000000    1.0000000325280
    -386.00000000000    1.0000000325280
    -385.00000000000    1.0000000325280
    -384.00000000000    1.0000000325280
    -383.00000000000    1.0000000325280
    -382.00000000000    1.0000000325280
    -381.00000000000    1.0000000325280
    -380.00000000000    1.0000000325280
    -379.00000000000    1.0000000325280
    -378.00000000000    1.0000000325280
    -377.00000000000    1.0000000325280
    -376.00000000000    1.0000000325280
    -375.00000000000    1.0000000325280
    -374.00000000000    1.0000000325280
    -373.00000000000    1.0000000325280
    -372.00000000000    1.0000000325280
    -371.00000000000    1.0000000325280
    -370.00000000000    1.0000000325280
    -369.00000000000    1.0000000325280
    -368.00000000000    1.0000000325280
    -367.00000000000    1.0000000325280
    -366.00000000000    1.0000000325280
    -365.00000000000    1.0000000325280
    -364.00000000000    1.0000000325280
    -363.00000000000    1.0000000325280
    -362.00000000000    1.0000000325280
    -361.00000000000    1.0000000325280
    -360.00000000000    1.0000000325280
    -359.00000000000    1.0000000325280
    -358.00000000000    1.0000000325280
    -357.00000000000    1.0000000325280
    -356.00000000000    1.0000000325280
    -355.00000000000    1.0000000325280
    -354.00000000000    1.0000000325280
    -353.00000000000    1.0000000325280
    -352.00000000000    1.0000000325280
    -351.00000000000    1.0000000325280
    -350.00000000000    1.0000000325280
    -349.00000000000    1.0000000325280
    -348.00000000000    1.0000000325280
    -347.00000000000    1.0000000325280
    -346.00000000000    1.0000000325280
    -345.00000000000    1.0000000325280
    -344.00000000000    1.0000000325280
    -343.00000000000    1.0000000325280
    -342.00000000000    1.0000000325280
    -341.00000000000    1.0000000325280
    -340.00000000000    1.0000000325280
    -339.00000000000    1.0000000325280
    -338.00000000000    1.0000000325280
    -337.00000000000    1.0000000325280
    -336.00000000000    1.0000000325280
    -335.00000000000    1.0000000325280
    -334.00000000000    1.0000000325280
    -333.00000000000    1.0000000325280
    -332.00000000000    1.0000000325280
    -331.00000000000    1.0000000325280
    -330.00000000000    1.0000000325280
    -329.00000000000    1.0000000325280
    -328.00000000000    1.0000000325280
    -327.00000000000    1.0000000325280
    -326.00000000000    1.0000000325280
    -325.00000000000    1.0000000325280
    -324.00000000000    1.0000000325280
    -323.00000000000    1.0000000325280
    -322.00000000000    1.0000000325280
    -321.00000000000    1.0000000325280
    -320.00000000000    1.0000000325280
    -319.00000000000    1.0000000325280
    -318.00000000000    1.0000000325280
    -317.00000000000    1.0000000325280
    -316.00000000000    1.0000000325280
    -315.00000000000    1.0000000325280
    -314.00000000000    1.0000000325280
    -313.00000000000    1.0000000325280
    -312.00000000000    1.0000000325280
    -311.00000000000    1.0000000325280
    -310.00000000000    1.0000000325280
    -309.00000000000    1.0000000325280
    -308.00000000000    1.0000000325280
    -307.00000000000    1.0000000325280
    -306.00000000000    1.0000000325280
    -305.00000000000    1.0000000325280
    -304.00000000000    1.0000000325280
    -303.00000000000    1.0000000325280
    -302.00000000000    1.0000000325280
    -301.00000000000    1.0000000325280
    -300.00000000000    1.0000000325280
    -299.00000000000    1.0000000325280
    -298.00000000000    1.0000000325280
    -297.00000000000    1.0000000325280
    -296.00000000000    1.0000000325280
    -295.00000000000    1.0000000325280
    -294.00000000000    1.0000000325280
    -293.00000000000    1.0000000325280
    -292.00000000000    1.0000000325280
    -291.00000000000    1.0000000325279
    -290.00000000000    1.0000000325276
    -289.00000000000    1.0000000325265
    -288.00000000000    1.0000000325225
    -287.00000000000    1.0000000325088
    -286.00000000000    1.0000000324640
    -285.00000000000    1.0000000323238
    -284.00000000000    1.0000000319031
    -283.00000000000    1.0000000306962
    -282.00000000000    1.0000000273816
    -281.00000000000    1.0000000186695
    -280.00000000000   0.99999999675098
    -279.00000000000   0.99999994396209
    -278.00000000000   0.99999982224176
    -277.00000000000   0.99999955350511
    -276.00000000000   0.99999898531292
    -275.00000000000   0.99999783467646
    -274.00000000000   0.99999560246333
    -273.00000000000   0.99999145311345
    -272.00000000000   0.99998406084206
    -271.00000000000   0.99997143521500
    -270.00000000000   0.99995075525902
    -269.00000000000   0.99991825871979
    -268.00000000000   0.99986924532701
    -267.00000000000   0.99979825187510
    -266.00000000000   0.99969943579289
    -265.00000000000   0.99956716120755
    -264.00000000000   0.99939672440897
    -263.00000000000   0.99918509992120
    -262.00000000000   0.99893155444496
    -261.00000000000   0.99863798084612
    -260.00000000000   0.99830885369922
    -259.00000000000   0.99795079116955
    -258.00000000000   0.99757180091698
    -257.00000000000   0.99718036084038
    -256.00000000000   0.99678451597222
    -255.00000000000   0.99639115326929
    -254.00000000000   0.99600555664384
    -253.00000000000   0.99563126782889
    -252.00000000000   0.99527020952406
    -251.00000000000   0.99492298373988
    -250.00000000000   0.99458924642270
    -249.00000000000   0.99426807408727
    -248.00000000000   0.99395826755272
    -247.00000000000   0.99365856950638
    -246.00000000000   0.99336779763057
    -245.00000000000   0.99308490969760
    -244.00000000000   0.99280902200511
    -243.00000000000   0.99253940081354
    -242.00000000000   0.99227544153252
    -241.00000000000   0.99201664496830
    -240.00000000000   0.99176259549075
    -239.00000000000   0.99151294298365
    -238.00000000000   0.99126738876672
    -237.00000000000   0.99102567493596
    -236.00000000000   0.99078757637106
    -235.00000000000   0.99055289471895
    -234.00000000000   0.99032145380704
    -233.00000000000   0.99009309608726
    -232.00000000000   0.98986767982984
    -231.00000000000   0.98964507687172
    -230.00000000000   0.98942517078334
    -229.00000000000   0.98920785535717
    -228.00000000000   0.98899303334812
    -227.00000000000   0.98878061541392
    -226.00000000000   0.98857051921672
    -225.00000000000   0.98836266865569
    -224.00000000000   0.98815699320741
    -223.00000000000   0.98795342735557
    -222.00000000000   0.98775191009532
    -221.00000000000   0.98755238450024
    -220.00000000000   0.98735479734258
    -219.00000000000   0.98715909875854
    -218.00000000000   0.98696524195230
    -217.00000000000   0.98677318293331
    -216.00000000000   0.98658288028224
    -215.00000000000   0.98639429494193
    -214.00000000000   0.98620739002997
    -213.00000000000   0.98602213067030
    -212.00000000000   0.98583848384145
    -211.00000000000   0.98565641823941
    -210.00000000000   0.98547590415347
    -209.00000000000   0.98529691335351
    -208.00000000000   0.98511941898744
    -207.00000000000   0.98494339548778
    -206.00000000000   0.98476881848624
    -205.00000000000   0.98459566473561
    -204.00000000000   0.98442391203818
    -203.00000000000   0.98425353917987
    -202.00000000000   0.98408452586979
    -201.00000000000   0.98391685268449
    -200.00000000000   0.98375050101645
    -199.00000000000   0.98358545302657
    -198.00000000000   0.98342169160017
    -197.00000000000   0.98325920030619
    -196.00000000000   0.98309796335935
    -195.00000000000   0.98293796558495
    -194.00000000000   0.98277919238623
    -193.00000000000   0.98262162971382
    -192.00000000000   0.98246526403737
    -191.00000000000   0.98231008231899
    -190.00000000000   0.98215607198849
    -189.00000000000   0.98200322092018
    -188.00000000000   0.98185151741114
    -187.00000000000   0.98170095016088
    -186.00000000000   0.98155150825221
    -185.00000000000   0.98140318113333
    -184.00000000000   0.98125595860097
    -183.00000000000   0.98110983078449
    -182.00000000000   0.98096478813098
    -181.00000000000   0.98082082139118
    -180.00000000000   0.98067792160618
    -179.00000000000   0.98053608009493
    -178.00000000000   0.98039528844237
    -177.00000000000   0.98025553848825
    -176.00000000000   0.98011682231658
    -175.00000000000   0.97997913224556
    -174.00000000000   0.97984246081816
    -173.00000000000   0.97970680079304
    -172.00000000000   0.97957214513613
    -171.00000000000   0.97943848701241
    -170.00000000000   0.97930581977835
    -169.00000000000   0.97917413697450
    -168.00000000000   0.97904343231860
    -167.00000000000   0.97891369969898
    -166.00000000000   0.97878493316822
    -165.00000000000   0.97865712693721
    -164.00000000000   0.97853027536943
    -163.00000000000   0.97840437297550
    -162.00000000000   0.97827941440800
    -161.00000000000   0.97815539445649
    -160.00000000000   0.97803230804283
    -159.00000000000   0.97791015021663
    -158.00000000000   0.97778891615092
    -157.00000000000   0.97766860113805
    -156.00000000000   0.97754920058574
    -155.00000000000   0.97743071001327
    -154.00000000000   0.97731312504790
    -153.00000000000   0.97719644142138
    -152.00000000000   0.97708065496664
    -151.00000000000   0.97696576161460
    -150.00000000000   0.97685175739111
    -149.00000000000   0.97673863841406
    -148.00000000000   0.97662640089051
    -147.00000000000   0.97651504111404
    -146.00000000000   0.97640455546215
    -145.00000000000   0.97629494039374
    -144.00000000000   0.97618619244675
    -143.00000000000   0.97607830823585
    -142.00000000000   0.97597128445022
    -141.00000000000   0.97586511785143
    -140.00000000000   0.97575980527138
    -139.00000000000   0.97565534361036
    -138.00000000000   0.97555172983508
    -137.00000000000   0.97544896097694
    -136.00000000000   0.97534703413016
    -135.00000000000   0.97524594645018
    -134.00000000000   0.97514569515194
    -133.00000000000   0.97504627750836
    -132.00000000000   0.97494769084877
    -131.00000000000   0.97484993255747
    -130.00000000000   0.97475300007230
    -129.00000000000   0.97465689088326
    -128.00000000000   0.97456160253122
    -127.00000000000   0.97446713260657
    -126.00000000000   0.97437347874807
    -125.00000000000   0.97428063864160
    -124.00000000000   0.97418861001902
    -123.00000000000   0.97409739065706
    -122.00000000000   0.97400697837623
    -121.00000000000   0.97391737103979
    -120.00000000000   0.97382856655272
    -119.00000000000   0.97374056286075
    -118.00000000000   0.97365335794943
    -117.00000000000   0.97356694984318
    -116.00000000000   0.97348133660444
    -115.00000000000   0.97339651633277
    -114.00000000000   0.97331248716406
    -113.00000000000   0.97322924726968
    -112.00000000000   0.97314679485574
    -111.00000000000   0.97306512816230
    -110.00000000000   0.97298424546263
    -109.00000000000   0.97290414506253
    -108.00000000000   0.97282482529963
    -107.00000000000   0.97274628454267
    -106.00000000000   0.97266852119094
   -105.000000000000   0.97259153367356
   -104.000000000000   0.97251532044891
   -103.000000000000   0.97243988000404
   -102.000000000000   0.97236521085408
   -101.000000000000   0.97229131154167
   -100.000000000000   0.97221818063643
    -99.000000000000   0.97214581673443
    -98.000000000000   0.97207421845769
    -97.000000000000   0.97200338445363
    -96.000000000000   0.97193331339462
    -95.000000000000   0.97186400397754
    -94.000000000000   0.97179545492328
    -93.000000000000   0.97172766497629
    -92.000000000000   0.97166063290414
    -91.000000000000   0.97159435749716
    -90.000000000000   0.97152883756800
    -89.000000000000   0.97146407195118
    -88.000000000000   0.97140005950274
    -87.000000000000   0.97133679909991
    -86.000000000000   0.97127428964073
    -85.000000000000   0.97121253004356
    -84.000000000000   0.97115151924691
    -83.000000000000   0.97109125620904
    -82.000000000000   0.97103173990765
    -81.000000000000   0.97097296933945
    -80.000000000000   0.97091494351994
    -79.000000000000   0.97085766148321
    -78.000000000000   0.97080112228149
    -77.000000000000   0.97074532498484
    -76.000000000000   0.97069026868095
    -75.000000000000   0.97063595247499
    -74.000000000000   0.97058237548917
    -73.000000000000   0.97052953686240
    -72.000000000000   0.97047743575022
    -71.000000000000   0.97042607132467
    -70.000000000000   0.97037544277379
    -69.000000000000   0.97032554930134
    -68.000000000000   0.97027639012683
    -67.000000000000   0.97022796448533
    -66.000000000000   0.97018027162703
    -65.000000000000   0.97013331081696
    -64.000000000000   0.97008708133505
    -63.000000000000   0.97004158247601
    -62.000000000000   0.96999681354887
    -61.000000000000   0.96995277387667
    -60.000000000000   0.96990946279661
    -59.000000000000   0.96986687965999
    -58.000000000000   0.96982502383170
    -57.000000000000   0.96978389468988
    -56.000000000000   0.96974349162617
    -55.000000000000   0.96970381404571
    -54.000000000000   0.96966486136656
    -53.000000000000   0.96962663301938
    -52.000000000000   0.96958912844769
    -51.000000000000   0.96955234710803
    -50.000000000000   0.96951628846924
    -49.000000000000   0.96948095201214
    -48.000000000000   0.96944633722990
    -47.000000000000   0.96941244362820
    -46.000000000000   0.96937927072457
    -45.000000000000   0.96934681804790
    -44.000000000000   0.96931508513896
    -43.000000000000   0.96928407155062
    -42.000000000000   0.96925377684718
    -41.000000000000   0.96922420060379
    -40.000000000000   0.96919534240698
    -39.000000000000   0.96916720185507
    -38.000000000000   0.96913977855745
    -37.000000000000   0.96911307213389
    -36.000000000000   0.96908708221509
    -35.000000000000   0.96906180844325
    -34.000000000000   0.96903725047136
    -33.000000000000   0.96901340796241
    -32.000000000000   0.96899028058984
    -31.000000000000   0.96896786803837
    -30.000000000000   0.96894617000330
    -29.000000000000   0.96892518618955
    -28.000000000000   0.96890491631214
    -27.000000000000   0.96888536009706
    -26.000000000000   0.96886651728081
    -25.000000000000   0.96884838760918
    -24.000000000000   0.96883097083768
    -23.000000000000   0.96881426673261
    -22.000000000000   0.96879827507062
    -21.000000000000   0.96878299563752
    -20.000000000000   0.96876842822841
    -19.000000000000   0.96875457264900
    -18.000000000000   0.96874142871530
    -17.000000000000   0.96872899625233
    -16.000000000000   0.96871727509413
    -15.000000000000   0.96870626508505
    -14.000000000000   0.96869596607979
    -13.000000000000   0.96868637794199
    -12.000000000000   0.96867750054402
    -11.000000000000   0.96866933376831
   -10.0000000000000   0.96866187750771
    -9.0000000000000   0.96865513166398
    -8.0000000000000   0.96864909614741
    -7.0000000000000   0.96864377087813
    -6.0000000000000   0.96863915578665
    -5.0000000000000   0.96863525081255
    -4.0000000000000   0.96863205590374
    -3.0000000000000   0.96862957101775
    -2.0000000000000   0.96862779612252
    -1.0000000000000   0.96862673119518
   0.   0.96862637622114
     1.0000000000000   0.96862673119518
     2.0000000000000   0.96862779612252
     3.0000000000000   0.96862957101775
     4.0000000000000   0.96863205590374
     5.0000000000000   0.96863525081255
     6.0000000000000   0.96863915578665
     7.0000000000000   0.96864377087813
     8.0000000000000   0.96864909614741
     9.0000000000000   0.96865513166398
    10.0000000000000   0.96866187750771
     11.000000000000   0.96866933376831
     12.000000000000   0.96867750054401
     13.000000000000   0.96868637794199
     14.000000000000   0.96869596607979
     15.000000000000   0.96870626508505
     16.000000000000   0.96871727509413
     17.000000000000   0.96872899625233
     18.000000000000   0.96874142871530
     19.000000000000   0.96875457264900
     20.000000000000   0.96876842822841
     21.000000000000   0.96878299563752
     22.000000000000   0.96879827507062
     23.000000000000   0.96881426673261
     24.000000000000   0.96883097083768
     25.000000000000   0.96884838760918
     26.000000000000   0.96886651728081
     27.000000000000   0.96888536009706
     28.000000000000   0.96890491631213
     29.000000000000   0.96892518618955
     30.000000000000   0.96894617000330
     31.000000000000   0.96896786803837
     32.000000000000   0.96899028058984
     33.000000000000   0.96901340796241
     34.000000000000   0.96903725047136
     35.000000000000   0.96906180844325
     36.000000000000   0.96908708221509
     37.000000000000   0.96911307213389
     38.000000000000   0.96913977855745
     39.000000000000   0.96916720185507
     40.000000000000   0.96919534240698
     41.000000000000   0.96922420060379
     42.000000000000   0.96925377684718
     43.000000000000   0.96928407155062
     44.000000000000   0.96931508513896
     45.000000000000   0.96934681804790
     46.000000000000   0.96937927072457
     47.000000000000   0.96941244362820
     48.000000000000   0.96944633722990
     49.000000000000   0.96948095201214
     50.000000000000   0.96951628846924
     51.000000000000   0.96955234710803
     52.000000000000   0.96958912844769
     53.000000000000   0.96962663301938
     54.000000000000   0.96966486136656
     55.000000000000   0.96970381404571
     56.000000000000   0.96974349162617
     57.000000000000   0.96978389468988
     58.000000000000   0.96982502383170
     59.000000000000   0.96986687965999
     60.000000000000   0.96990946279661
     61.000000000000   0.96995277387667
     62.000000000000   0.96999681354887
     63.000000000000   0.97004158247601
     64.000000000000   0.97008708133505
     65.000000000000   0.97013331081696
     66.000000000000   0.97018027162703
     67.000000000000   0.97022796448533
     68.000000000000   0.97027639012683
     69.000000000000   0.97032554930134
     70.000000000000   0.97037544277379
     71.000000000000   0.97042607132467
     72.000000000000   0.97047743575022
     73.000000000000   0.97052953686239
     74.000000000000   0.97058237548917
     75.000000000000   0.97063595247499
     76.000000000000   0.97069026868095
     77.000000000000   0.97074532498484
     78.000000000000   0.97080112228149
     79.000000000000   0.97085766148321
     80.000000000000   0.97091494351994
     81.000000000000   0.97097296933945
     82.000000000000   0.97103173990765
     83.000000000000   0.97109125620904
     84.000000000000   0.97115151924691
     85.000000000000   0.97121253004356
     86.000000000000   0.97127428964073
     87.000000000000   0.97133679909991
     88.000000000000   0.97140005950274
     89.000000000000   0.97146407195118
     90.000000000000   0.97152883756800
     91.000000000000   0.97159435749716
     92.000000000000   0.97166063290414
     93.000000000000   0.97172766497629
     94.000000000000   0.97179545492328
     95.000000000000   0.97186400397754
     96.000000000000   0.97193331339462
     97.000000000000   0.97200338445363
     98.000000000000   0.97207421845769
     99.000000000000   0.97214581673443
    100.000000000000   0.97221818063643
    101.000000000000   0.97229131154167
    102.000000000000   0.97236521085408
    103.000000000000   0.97243988000404
    104.000000000000   0.97251532044891
    105.000000000000   0.97259153367356
     106.00000000000   0.97266852119094
     107.00000000000   0.97274628454267
     108.00000000000   0.97282482529963
     109.00000000000   0.97290414506253
     110.00000000000   0.97298424546263
     111.00000000000   0.97306512816230
     112.00000000000   0.97314679485574
     113.00000000000   0.97322924726968
     114.00000000000   0.97331248716406
     115.00000000000   0.97339651633277
     116.00000000000   0.97348133660444
     117.00000000000   0.97356694984318
     118.00000000000   0.97365335794943
     119.00000000000   0.97374056286075
     120.00000000000   0.97382856655272
     121.00000000000   0.97391737103979
     122.00000000000   0.97400697837623
     123.00000000000   0.97409739065706
     124.00000000000   0.97418861001902
     125.00000000000   0.97428063864160
     126.00000000000   0.97437347874807
     127.00000000000   0.97446713260657
     128.00000000000   0.97456160253122
     129.00000000000   0.97465689088326
     130.00000000000   0.97475300007230
     131.00000000000   0.97484993255747
     132.00000000000   0.97494769084877
     133.00000000000   0.97504627750836
     134.00000000000   0.97514569515194
     135.00000000000   0.97524594645018
     136.00000000000   0.97534703413016
     137.00000000000   0.97544896097694
     138.00000000000   0.97555172983508
     139.00000000000   0.97565534361036
     140.00000000000   0.97575980527138
     141.00000000000   0.97586511785143
     142.00000000000   0.97597128445022
     143.00000000000   0.97607830823585
     144.00000000000   0.97618619244675
     145.00000000000   0.97629494039374
     146.00000000000   0.97640455546215
     147.00000000000   0.97651504111404
     148.00000000000   0.97662640089051
     149.00000000000   0.97673863841406
     150.00000000000   0.97685175739111
     151.00000000000   0.97696576161460
     152.00000000000   0.97708065496664
     153.00000000000   0.97719644142138
     154.00000000000   0.97731312504790
     155.00000000000   0.97743071001327
     156.00000000000   0.97754920058574
     157.00000000000   0.97766860113805
     158.00000000000   0.97778891615092
     159.00000000000   0.97791015021663
     160.00000000000   0.97803230804283
     161.00000000000   0.97815539445649
     162.00000000000   0.97827941440800
     163.00000000000   0.97840437297550
     164.00000000000   0.97853027536943
     165.00000000000   0.97865712693721
     166.00000000000   0.97878493316822
     167.00000000000   0.97891369969898
     168.00000000000   0.97904343231860
     169.00000000000   0.97917413697450
     170.00000000000   0.97930581977835
     171.00000000000   0.97943848701241
     172.00000000000   0.97957214513613
     173.00000000000   0.97970680079304
     174.00000000000   0.97984246081816
     175.00000000000   0.97997913224556
     176.00000000000   0.98011682231658
     177.00000000000   0.98025553848825
     178.00000000000   0.98039528844237
     179.00000000000   0.98053608009493
     180.00000000000   0.98067792160618
     181.00000000000   0.98082082139118
     182.00000000000   0.98096478813098
     183.00000000000   0.98110983078449
     184.00000000000   0.98125595860097
     185.00000000000   0.98140318113333
     186.00000000000   0.98155150825221
     187.00000000000   0.98170095016088
     188.00000000000   0.98185151741114
     189.00000000000   0.98200322092018
     190.00000000000   0.98215607198849
     191.00000000000   0.98231008231899
     192.00000000000   0.98246526403737
     193.00000000000   0.98262162971382
     194.00000000000   0.98277919238623
     195.00000000000   0.98293796558495
     196.00000000000   0.98309796335935
     197.00000000000   0.98325920030619
     198.00000000000   0.98342169160017
     199.00000000000   0.98358545302657
     200.00000000000   0.98375050101645
     201.00000000000   0.98391685268449
     202.00000000000   0.98408452586979
     203.00000000000   0.98425353917987
     204.00000000000   0.98442391203818
     205.00000000000   0.98459566473561
     206.00000000000   0.98476881848624
     207.00000000000   0.98494339548778
     208.00000000000   0.98511941898744
     209.00000000000   0.98529691335351
     210.00000000000   0.98547590415347
     211.00000000000   0.98565641823941
     212.00000000000   0.98583848384145
     213.00000000000   0.98602213067030
     214.00000000000   0.98620739002997
     215.00000000000   0.98639429494193
     216.00000000000   0.98658288028224
     217.00000000000   0.98677318293331
     218.00000000000   0.98696524195230
     219.00000000000   0.98715909875854
     220.00000000000   0.98735479734258
     221.00000000000   0.98755238450024
     222.00000000000   0.98775191009532
     223.00000000000   0.98795342735557
     224.00000000000   0.98815699320741
     225.00000000000   0.98836266865569
     226.00000000000   0.98857051921672
     227.00000000000   0.98878061541392
     228.00000000000   0.98899303334812
     229.00000000000   0.98920785535717
     230.00000000000   0.98942517078334
     231.00000000000   0.98964507687172
     232.00000000000   0.98986767982984
     233.00000000000   0.99009309608726
     234.00000000000   0.99032145380704
     235.00000000000   0.99055289471895
     236.00000000000   0.99078757637106
     237.00000000000   0.99102567493595
     238.00000000000   0.99126738876672
     239.00000000000   0.99151294298365
     240.00000000000   0.99176259549075
     241.00000000000   0.99201664496830
     242.00000000000   0.99227544153252
     243.00000000000   0.99253940081354
     244.00000000000   0.99280902200511
     245.00000000000   0.99308490969760
     246.00000000000   0.99336779763057
     247.00000000000   0.99365856950638
     248.00000000000   0.99395826755272
     249.00000000000   0.99426807408727
     250.00000000000   0.99458924642270
     251.00000000000   0.99492298373988
     252.00000000000   0.99527020952406
     253.00000000000   0.99563126782889
     254.00000000000   0.99600555664384
     255.00000000000   0.99639115326929
     256.00000000000   0.99678451597222
     257.00000000000   0.99718036084038
     258.00000000000   0.99757180091698
     259.00000000000   0.99795079116955
     260.00000000000   0.99830885369922
     261.00000000000   0.99863798084612
     262.00000000000   0.99893155444496
     263.00000000000   0.99918509992120
     264.00000000000   0.99939672440897
     265.00000000000   0.99956716120755
     266.00000000000   0.99969943579289
     267.00000000000   0.99979825187510
     268.00000000000   0.99986924532701
     269.00000000000   0.99991825871979
     270.00000000000   0.99995075525902
     271.00000000000   0.99997143521500
     272.00000000000   0.99998406084206
     273.00000000000   0.99999145311345
     274.00000000000   0.99999560246333
     275.00000000000   0.99999783467646
     276.00000000000   0.99999898531292
     277.00000000000   0.99999955350511
     278.00000000000   0.99999982224176
     279.00000000000   0.99999994396209
     280.00000000000   0.99999999675098
     281.00000000000    1.0000000186695
     282.00000000000    1.0000000273816
     283.00000000000    1.0000000306962
     284.00000000000    1.0000000319031
     285.00000000000    1.0000000323238
     286.00000000000    1.0000000324640
     287.00000000000    1.0000000325088
     288.00000000000    1.0000000325225
     289.00000000000    1.0000000325265
     290.00000000000    1.0000000325276
     291.00000000000    1.0000000325279
     292.00000000000    1.0000000325280
     293.00000000000    1.0000000325280
     294.00000000000    1.0000000325280
     295.00000000000    1.0000000325280
     296.00000000000    1.0000000325280
     297.00000000000    1.0000000325280
     298.00000000000    1.0000000325280
     299.00000000000    1.0000000325280
     300.00000000000    1.0000000325280
     301.00000000000    1.0000000325280
     302.00000000000    1.0000000325280
     303.00000000000    1.0000000325280
     304.00000000000    1.0000000325280
     305.00000000000    1.0000000325280
     306.00000000000    1.0000000325280
     307.00000000000    1.0000000325280
     308.00000000000    1.0000000325280
     309.00000000000    1.0000000325280
     310.00000000000    1.0000000325280
     311.00000000000    1.0000000325280
     312.00000000000    1.0000000325280
     313.00000000000    1.0000000325280
     314.00000000000    1.0000000325280
     315.00000000000    1.0000000325280
     316.00000000000    1.0000000325280
     317.00000000000    1.0000000325280
     318.00000000000    1.0000000325280
     319.00000000000    1.0000000325280
     320.00000000000    1.0000000325280
     321.00000000000    1.0000000325280
     322.00000000000    1.0000000325280
     323.00000000000    1.0000000325280
     324.00000000000    1.0000000325280
     325.00000000000    1.0000000325280
     326.00000000000    1.0000000325280
     327.00000000000    1.0000000325280
     328.00000000000    1.0000000325280
     329.00000000000    1.0000000325280
     330.00000000000    1.0000000325280
     331.00000000000    1.0000000325280
     332.00000000000    1.0000000325280
     333.00000000000    1.0000000325280
     334.00000000000    1.0000000325280
     335.00000000000    1.0000000325280
     336.00000000000    1.0000000325280
     337.00000000000    1.0000000325280
     338.00000000000    1.0000000325280
     339.00000000000    1.0000000325280
     340.00000000000    1.0000000325280
     341.00000000000    1.0000000325280
     342.00000000000    1.0000000325280
     343.00000000000    1.0000000325280
     344.00000000000    1.0000000325280
     345.00000000000    1.0000000325280
     346.00000000000    1.0000000325280
     347.00000000000    1.0000000325280
     348.00000000000    1.0000000325280
     349.00000000000    1.0000000325280
     350.00000000000    1.0000000325280
     351.00000000000    1.0000000325280
     352.00000000000    1.0000000325280
     353.00000000000    1.0000000325280
     354.00000000000    1.0000000325280
     355.00000000000    1.0000000325280
     356.00000000000    1.0000000325280
     357.00000000000    1.0000000325280
     358.00000000000    1.0000000325280
     359.00000000000    1.0000000325280
     360.00000000000    1.0000000325280
     361.00000000000    1.0000000325280
     362.00000000000    1.0000000325280
     363.00000000000    1.0000000325280
     364.00000000000    1.0000000325280
     365.00000000000    1.0000000325280
     366.00000000000    1.0000000325280
     367.00000000000    1.0000000325280
     368.00000000000    1.0000000325280
     369.00000000000    1.0000000325280
     370.00000000000    1.0000000325280
     371.00000000000    1.0000000325280
     372.00000000000    1.0000000325280
     373.00000000000    1.0000000325280
     374.00000000000    1.0000000325280
     375.00000000000    1.0000000325280
     376.00000000000    1.0000000325280
     377.00000000000    1.0000000325280
     378.00000000000    1.0000000325280
     379.00000000000    1.0000000325280
     380.00000000000    1.0000000325280
     381.00000000000    1.0000000325280
     382.00000000000    1.0000000325280
     383.00000000000    1.0000000325280
     384.00000000000    1.0000000325280
     385.00000000000    1.0000000325280
     386.00000000000    1.0000000325280
     387.00000000000    1.0000000325280
     388.00000000000    1.0000000325280
     389.00000000000    1.0000000325280
     390.00000000000    1.0000000325280
     391.00000000000    1.0000000325280
     392.00000000000    1.0000000325280
     393.00000000000    1.0000000325280
     394.00000000000    1.0000000325280
     395.00000000000    1.0000000325280
     396.00000000000    1.0000000325280
     397.00000000000    1.0000000325280
     398.00000000000    1.0000000325280
     399.00000000000    1.0000000325280
     400.00000000000    1.0000000325280
     401.00000000000    1.0000000325280
     402.00000000000    1.0000000325280
     403.00000000000    1.0000000325280
     404.00000000000    1.0000000325280
     405.00000000000    1.0000000325280
     406.00000000000    1.0000000325280
     407.00000000000    1.0000000325280
     408.00000000000    1.0000000325280
     409.00000000000    1.0000000325280
     410.00000000000    1.0000000325280
     411.00000000000    1.0000000325280
     412.00000000000    1.0000000325280
     413.00000000000    1.0000000325280
     414.00000000000    1.0000000325280
     415.00000000000    1.0000000325280
     416.00000000000    1.0000000325280
     417.00000000000    1.0000000325280
     418.00000000000    1.0000000325280
     419.00000000000    1.0000000325280
     420.00000000000    1.0000000325280
     421.00000000000    1.0000000325280
     422.00000000000    1.0000000325280
     423.00000000000    1.0000000325280
     424.00000000000    1.0000000325280
     425.00000000000    1.0000000325280
     426.00000000000    1.0000000325280
     427.00000000000    1.0000000325280
     428.00000000000    1.0000000325280
     429.00000000000    1.0000000325280
     430.00000000000    1.0000000325280
     431.00000000000    1.0000000325280
     432.00000000000    1.0000000325280
     433.00000000000    1.0000000325280
     434.00000000000    1.0000000325280
     435.00000000000    1.0000000325280
     436.00000000000    1.0000000325280
     437.00000000000    1.0000000325280
     438.00000000000    1.0000000325280
     439.00000000000    1.0000000325280
     440.00000000000    1.0000000325280
     441.00000000000    1.0000000325280
     442.00000000000    1.0000000325280
     443.00000000000    1.0000000325280
     444.00000000000    1.0000000325280
     445.00000000000    1.0000000325280
     446.00000000000    1.0000000325280
     447.00000000000    1.0000000325280
     448.00000000000    1.0000000325280
     449.00000000000    1.0000000325280
     450.00000000000    1.0000000325280
     451.00000000000    1.0000000325280
     452.00000000000    1.0000000325280
     453.00000000000    1.0000000325280
     454.00000000000    1.0000000325280
     455.00000000000    1.0000000325280
     456.00000000000    1.0000000325280
     457.00000000000    1.0000000325280
     458.00000000000    1.0000000325280
     459.00000000000    1.0000000325280
     460.00000000000    1.0000000325280
     461.00000000000    1.0000000325280
     462.00000000000    1.0000000325280
     463.00000000000    1.0000000325280
     464.00000000000    1.0000000325280
     465.00000000000    1.0000000325280
     466.00000000000    1.0000000325280
     467.00000000000    1.0000000325280
     468.00000000000    1.0000000325280
     469.00000000000    1.0000000325280
     470.00000000000    1.0000000325280
     471.00000000000    1.0000000325280
     472.00000000000    1.0000000325280
     473.00000000000    1.0000000325280
     474.00000000000    1.0000000325280
     475.00000000000    1.0000000325280
     476.00000000000    1.0000000325280
     477.00000000000    1.0000000325280
     478.00000000000    1.0000000325280
     479.00000000000    1.0000000325280
     480.00000000000    1.0000000325280
     481.00000000000    1.0000000325280
     482.00000000000    1.0000000325280
     483.00000000000    1.0000000325280
     484.00000000000    1.0000000325280
     485.00000000000    1.0000000325280
     486.00000000000    1.0000000325280
     487.00000000000    1.0000000325280
     488.00000000000    1.0000000325280
     489.00000000000    1.0000000325280
     490.00000000000    1.0000000325280
     491.00000000000    1.0000000325280
     492.00000000000    1.0000000325280
     493.00000000000    1.0000000325280
     494.00000000000    1.0000000325280
     495.00000000000    1.0000000325280
     496.00000000000    1.0000000325280
     497.00000000000    1.0000000325280
     498.00000000000    1.0000000325280
     499.00000000000    1.0000000325280
     500.00000000000    1.0000000325280
