    -500.00000000000    1.0000000325280
    -499.00000000000    1.0000000325280
    -498.00000000000    1.0000000325280
    -497.00000000000    1.0000000325280
    -496.00000000000    1.0000000325280
    -495.00000000000    1.0000000325280
    -494.00000000000    1.0000000325280
    -493.00000000000    1.0000000325280
    -492.00000000000    1.0000000325280
    -491.00000000000    1.0000000325280
    -490.00000000000    1.0000000325280
    -489.00000000000    1.0000000325280
    -488.00000000000    1.0000000325280
    -487.00000000000    1.0000000325280
    -486.00000000000    1.0000000325280
    -485.00000000000    1.0000000325280
    -484.00000000000    1.0000000325280
    -483.00000000000    1.0000000325280
    -482.00000000000    1.0000000325280
    -481.00000000000    1.0000000325280
    -480.00000000000    1.0000000325280
    -479.00000000000    1.0000000325280
    -478.00000000000    1.0000000325280
    -477.00000000000    1.0000000325280
    -476.00000000000    1.0000000325280
    -475.00000000000    1.0000000325280
    -474.00000000000    1.0000000325280
    -473.00000000000    1.0000000325280
    -472.00000000000    1.0000000325280
    -471.00000000000    1.0000000325280
    -470.00000000000    1.0000000325280
    -469.00000000000    1.0000000325280
    -468.00000000000    1.0000000325280
    -467.00000000000    1.0000000325280
    -466.00000000000    1.0000000325280
    -465.00000000000    1.0000000325280
    -464.00000000000    1.0000000325280
    -463.00000000000    1.0000000325280
    -462.00000000000    1.0000000325280
    -461.00000000000    1.0000000325280
    -460.00000000000    1.0000000325280
    -459.00000000000    1.0000000325280
    -458.00000000000    1.0000000325280
    -457.00000000000    1.0000000325280
    -456.00000000000    1.0000000325280
    -455.00000000000    1.0000000325280
    -454.00000000000    1.0000000325280
    -453.00000000000    1.0000000325280
    -452.00000000000    1.0000000325280
    -451.00000000000    1.0000000325280
    -450.00000000000    1.0000000325280
    -449.00000000000    1.0000000325280
    -448.00000000000    1.0000000325280
    -447.00000000000    1.0000000325280
    -446.00000000000    1.0000000325280
    -445.00000000000    1.0000000325280
    -444.00000000000    1.0000000325280
    -443.00000000000    1.0000000325280
    -442.00000000000    1.0000000325280
    -441.00000000000    1.0000000325280
    -440.00000000000    1.0000000325280
    -439.00000000000    1.0000000325280
    -438.00000000000    1.0000000325280
    -437.00000000000    1.0000000325280
    -436.00000000000    1.0000000325280
    -435.00000000000    1.0000000325280
    -434.00000000000    1.0000000325280
    -433.00000000000    1.0000000325280
    -432.00000000000    1.0000000325280
    -431.00000000000    1.0000000325280
    -430.00000000000    1.0000000325280
    -429.00000000000    1.0000000325280
    -428.00000000000    1.0000000325280
    -427.00000000000    1.0000000325280
    -426.00000000000    1.0000000325280
    -425.00000000000    1.0000000325280
    -424.00000000000    1.0000000325280
    -423.00000000000    1.0000000325280
    -422.00000000000    1.0000000325280
    -421.00000000000    1.0000000325280
    -420.00000000000    1.0000000325280
    -419.00000000000    1.0000000325280
    -418.00000000000    1.0000000325280
    -417.00000000000    1.0000000325280
    -416.00000000000    1.0000000325280
    -415.00000000000    1.0000000325280
    -414.00000000000    1.0000000325280
    -413.00000000000    1.0000000325280
    -412.00000000000    1.0000000325280
    -411.00000000000    1.0000000325280
    -410.00000000000    1.0000000325280
    -409.00000000000    1.0000000325280
    -408.00000000000    1.0000000325280
    -407.00000000000    1.0000000325280
    -406.00000000000    1.0000000325280
    -405.00000000000    1.0000000325280
    -404.00000000000    1.0000000325280
    -403.00000000000    1.0000000325280
    -402.00000000000    1.0000000325280
    -401.00000000000    1.0000000325280
    -400.00000000000    1.0000000325280
    -399.00000000000    1.0000000325280
    -398.00000000000    1.0000000325280
    -397.00000000000    1.0000000325280
    -396.00000000000    1.0000000325280
    -395.00000000000    1.0000000325280
    -394.00000000000    1.0000000325280
    -393.00000000000    1.0000000325280
    -392.00000000000    1.0000000325280
    -391.00000000000    1.0000000325280
    -390.00000000000    1.0000000325280
    -389.00000000000    1.0000000325280
    -388.00000000000    1.0000000325280
    -387.00000000000    1.0000000325280
    -386.00000000000    1.0000000325280
    -385.00000000000    1.0000000325280
    -384.00000000000    1.0000000325280
    -383.00000000000    1.0000000325280
    -382.00000000000    1.0000000325280
    -381.00000000000    1.0000000325280
    -380.00000000000    1.0000000325280
    -379.00000000000    1.0000000325280
    -378.00000000000    1.0000000325280
    -377.00000000000    1.0000000325280
    -376.00000000000    1.0000000325280
    -375.00000000000    1.0000000325280
    -374.00000000000    1.0000000325280
    -373.00000000000    1.0000000325280
    -372.00000000000    1.0000000325280
    -371.00000000000    1.0000000325280
    -370.00000000000    1.0000000325280
    -369.00000000000    1.0000000325280
    -368.00000000000    1.0000000325280
    -367.00000000000    1.0000000325280
    -366.00000000000    1.0000000325280
    -365.00000000000    1.0000000325280
    -364.00000000000    1.0000000325280
    -363.00000000000    1.0000000325280
    -362.00000000000    1.0000000325280
    -361.00000000000    1.0000000325280
    -360.00000000000    1.0000000325280
    -359.00000000000    1.0000000325280
    -358.00000000000    1.0000000325280
    -357.00000000000    1.0000000325280
    -356.00000000000    1.0000000325280
    -355.00000000000    1.0000000325280
    -354.00000000000    1.0000000325280
    -353.00000000000    1.0000000325280
    -352.00000000000    1.0000000325280
    -351.00000000000    1.0000000325280
    -350.00000000000    1.0000000325280
    -349.00000000000    1.0000000325280
    -348.00000000000    1.0000000325280
    -347.00000000000    1.0000000325280
    -346.00000000000    1.0000000325280
    -345.00000000000    1.0000000325280
    -344.00000000000    1.0000000325280
    -343.00000000000    1.0000000325280
    -342.00000000000    1.0000000325280
    -341.00000000000    1.0000000325280
    -340.00000000000    1.0000000325280
    -339.00000000000    1.0000000325280
    -338.00000000000    1.0000000325280
    -337.00000000000    1.0000000325280
    -336.00000000000    1.0000000325280
    -335.00000000000    1.0000000325280
    -334.00000000000    1.0000000325280
    -333.00000000000    1.0000000325280
    -332.00000000000    1.0000000325280
    -331.00000000000    1.0000000325280
    -330.00000000000    1.0000000325280
    -329.00000000000    1.0000000325280
    -328.00000000000    1.0000000325280
    -327.00000000000    1.0000000325280
    -326.00000000000    1.0000000325280
    -325.00000000000    1.0000000325280
    -324.00000000000    1.0000000325280
    -323.00000000000    1.0000000325280
    -322.00000000000    1.0000000325280
    -321.00000000000    1.0000000325280
    -320.00000000000    1.0000000325280
    -319.00000000000    1.0000000325280
    -318.00000000000    1.0000000325280
    -317.00000000000    1.0000000325280
    -316.00000000000    1.0000000325280
    -315.00000000000    1.0000000325280
    -314.00000000000    1.0000000325280
    -313.00000000000    1.0000000325280
    -312.00000000000    1.0000000325280
    -311.00000000000    1.0000000325280
    -310.00000000000    1.0000000325280
    -309.00000000000    1.0000000325280
    -308.00000000000    1.0000000325280
    -307.00000000000    1.0000000325280
    -306.00000000000    1.0000000325280
    -305.00000000000    1.0000000325280
    -304.00000000000    1.0000000325280
    -303.00000000000    1.0000000325280
    -302.00000000000    1.0000000325280
    -301.00000000000    1.0000000325280
    -300.00000000000    1.0000000325280
    -299.00000000000    1.0000000325280
    -298.00000000000    1.0000000325280
    -297.00000000000    1.0000000325280
    -296.00000000000    1.0000000325280
    -295.00000000000    1.0000000325280
    -294.00000000000    1.0000000325280
    -293.00000000000    1.0000000325280
    -292.00000000000    1.0000000325280
    -291.00000000000    1.0000000325280
    -290.00000000000    1.0000000325280
    -289.00000000000    1.0000000325280
    -288.00000000000    1.0000000325280
    -287.00000000000    1.0000000325280
    -286.00000000000    1.0000000325280
    -285.00000000000    1.0000000325280
    -284.00000000000    1.0000000325280
    -283.00000000000    1.0000000325280
    -282.00000000000    1.0000000325280
    -281.00000000000    1.0000000325280
    -280.00000000000    1.0000000325280
    -279.00000000000    1.0000000325280
    -278.00000000000    1.0000000325280
    -277.00000000000    1.0000000325280
    -276.00000000000    1.0000000325280
    -275.00000000000    1.0000000325280
    -274.00000000000    1.0000000325280
    -273.00000000000    1.0000000325280
    -272.00000000000    1.0000000325280
    -271.00000000000    1.0000000325280
    -270.00000000000    1.0000000325280
    -269.00000000000    1.0000000325280
    -268.00000000000    1.0000000325280
    -267.00000000000    1.0000000325280
    -266.00000000000    1.0000000325280
    -265.00000000000    1.0000000325280
    -264.00000000000    1.0000000325280
    -263.00000000000    1.0000000325280
    -262.00000000000    1.0000000325280
    -261.00000000000    1.0000000325280
    -260.00000000000    1.0000000325280
    -259.00000000000    1.0000000325280
    -258.00000000000    1.0000000325280
    -257.00000000000    1.0000000325280
    -256.00000000000    1.0000000325280
    -255.00000000000    1.0000000325280
    -254.00000000000    1.0000000325280
    -253.00000000000    1.0000000325280
    -252.00000000000    1.0000000325280
    -251.00000000000    1.0000000325280
    -250.00000000000    1.0000000325280
    -249.00000000000    1.0000000325280
    -248.00000000000    1.0000000325280
    -247.00000000000    1.0000000325280
    -246.00000000000    1.0000000325280
    -245.00000000000    1.0000000325280
    -244.00000000000    1.0000000325280
    -243.00000000000    1.0000000325280
    -242.00000000000    1.0000000325280
    -241.00000000000    1.0000000325280
    -240.00000000000    1.0000000325280
    -239.00000000000    1.0000000325280
    -238.00000000000    1.0000000325280
    -237.00000000000    1.0000000325280
    -236.00000000000    1.0000000325280
    -235.00000000000    1.0000000325280
    -234.00000000000    1.0000000325280
    -233.00000000000    1.0000000325280
    -232.00000000000    1.0000000325280
    -231.00000000000    1.0000000325280
    -230.00000000000    1.0000000325280
    -229.00000000000    1.0000000325280
    -228.00000000000    1.0000000325280
    -227.00000000000    1.0000000325280
    -226.00000000000    1.0000000325280
    -225.00000000000    1.0000000325280
    -224.00000000000    1.0000000325280
    -223.00000000000    1.0000000325280
    -222.00000000000    1.0000000325280
    -221.00000000000    1.0000000325280
    -220.00000000000    1.0000000325280
    -219.00000000000    1.0000000325280
    -218.00000000000    1.0000000325280
    -217.00000000000    1.0000000325280
    -216.00000000000    1.0000000325280
    -215.00000000000    1.0000000325280
    -214.00000000000    1.0000000325280
    -213.00000000000    1.0000000325280
    -212.00000000000    1.0000000325280
    -211.00000000000    1.0000000325280
    -210.00000000000    1.0000000325280
    -209.00000000000    1.0000000325280
    -208.00000000000    1.0000000325280
    -207.00000000000    1.0000000325280
    -206.00000000000    1.0000000325280
    -205.00000000000    1.0000000325280
    -204.00000000000    1.0000000325280
    -203.00000000000    1.0000000325280
    -202.00000000000    1.0000000325280
    -201.00000000000    1.0000000325280
    -200.00000000000    1.0000000325280
    -199.00000000000    1.0000000325280
    -198.00000000000    1.0000000325280
    -197.00000000000    1.0000000325280
    -196.00000000000    1.0000000325280
    -195.00000000000    1.0000000325280
    -194.00000000000    1.0000000325279
    -193.00000000000    1.0000000325278
    -192.00000000000    1.0000000325272
    -191.00000000000    1.0000000325248
    -190.00000000000    1.0000000325166
    -189.00000000000    1.0000000324882
    -188.00000000000    1.0000000323953
    -187.00000000000    1.0000000321039
    -186.00000000000    1.0000000312300
    -185.00000000000    1.0000000287214
    -184.00000000000    1.0000000218290
    -183.00000000000    1.0000000037044
    -182.00000000000   0.99999995808260
    -181.00000000000   0.99999984814842
    -180.00000000000   0.99999959452175
    -179.00000000000   0.99999903422938
    -178.00000000000   0.99999784885696
    -177.00000000000   0.99999544678062
    -176.00000000000   0.99999078348897
    -175.00000000000   0.99998210855184
    -174.00000000000   0.99996664116625
    -173.00000000000   0.99994020060881
    -172.00000000000   0.99989685204894
    -171.00000000000   0.99982866504970
    -170.00000000000   0.99972570844367
    -169.00000000000   0.99957640414759
    -168.00000000000   0.99936831944525
    -167.00000000000   0.99908938887345
    -166.00000000000   0.99872943744556
    -165.00000000000   0.99828175926791
    -164.00000000000   0.99774443220104
    -163.00000000000   0.99712105631761
    -162.00000000000   0.99642070407120
    -161.00000000000   0.99565704245041
    -160.00000000000   0.99484678188026
    -159.00000000000   0.99400776192764
    -158.00000000000   0.99315705149818
    -157.00000000000   0.99230940451560
    -156.00000000000   0.99147629114604
    -155.00000000000   0.99066556561299
    -154.00000000000   0.98988168651613
    -153.00000000000   0.98912631245294
    -152.00000000000   0.98839906821036
    -151.00000000000   0.98769830483557
    -150.00000000000   0.98702173653637
    -149.00000000000   0.98636690274868
    -148.00000000000   0.98573145613092
    -147.00000000000   0.98511330858319
    -146.00000000000   0.98451067861517
    -145.00000000000   0.98392208056555
    -144.00000000000   0.98334628643458
    -143.00000000000   0.98278228002927
    -142.00000000000   0.98222921392059
    -141.00000000000   0.98168637344651
    -140.00000000000   0.98115314843183
    -139.00000000000   0.98062901167089
    -138.00000000000   0.98011350274114
    -137.00000000000   0.97960621579151
    -136.00000000000   0.97910679021943
    -135.00000000000   0.97861490343582
    -134.00000000000   0.97813026515189
    -133.00000000000   0.97765261279305
    -132.00000000000   0.97718170776349
    -131.00000000000   0.97671733236554
    -130.00000000000   0.97625928723146
    -129.00000000000   0.97580738916270
    -128.00000000000   0.97536146929704
    -127.00000000000   0.97492137154294
    -126.00000000000   0.97448695123326
    -125.00000000000   0.97405807396109
    -124.00000000000   0.97363461456762
    -123.00000000000   0.97321645625789
    -122.00000000000   0.97280348982480
    -121.00000000000   0.97239561296534
    -120.00000000000   0.97199272967565
    -119.00000000000   0.97159474971397
    -118.00000000000   0.97120158812214
    -117.00000000000   0.97081316479803
    -116.00000000000   0.97042940411226
    -115.00000000000   0.97005023456360
    -114.00000000000   0.96967558846846
    -113.00000000000   0.96930540168022
    -112.00000000000   0.96893961333509
    -111.00000000000   0.96857816562130
    -110.00000000000   0.96822100356915
    -109.00000000000   0.96786807485957
    -108.00000000000   0.96751932964925
    -107.00000000000   0.96717472041058
    -106.00000000000   0.96683420178485
   -105.000000000000   0.96649773044747
   -104.000000000000   0.96616526498396
   -103.000000000000   0.96583676577560
   -102.000000000000   0.96551219489397
   -101.000000000000   0.96519151600350
   -100.000000000000   0.96487469427113
    -99.000000000000   0.96456169628277
    -98.000000000000   0.96425248996559
    -97.000000000000   0.96394704451595
    -96.000000000000   0.96364533033226
    -95.000000000000   0.96334731895247
    -94.000000000000   0.96305298299577
    -93.000000000000   0.96276229610821
    -92.000000000000   0.96247523291178
    -91.000000000000   0.96219176895690
    -90.000000000000   0.96191188067779
    -89.000000000000   0.96163554535080
    -88.000000000000   0.96136274105513
    -87.000000000000   0.96109344663613
    -86.000000000000   0.96082764167066
    -85.000000000000   0.96056530643459
    -84.000000000000   0.96030642187214
    -83.000000000000   0.96005096956708
    -82.000000000000   0.95979893171551
    -81.000000000000   0.95955029110014
    -80.000000000000   0.95930503106613
    -79.000000000000   0.95906313549811
    -78.000000000000   0.95882458879857
    -77.000000000000   0.95858937586732
    -76.000000000000   0.95835748208213
    -75.000000000000   0.95812889328031
    -74.000000000000   0.95790359574131
    -73.000000000000   0.95768157617014
    -72.000000000000   0.95746282168172
    -71.000000000000   0.95724731978599
    -70.000000000000   0.95703505837370
    -69.000000000000   0.95682602570300
    -68.000000000000   0.95662021038662
    -67.000000000000   0.95641760137971
    -66.000000000000   0.95621818796821
    -65.000000000000   0.95602195975784
    -64.000000000000   0.95582890666360
    -63.000000000000   0.95563901889966
    -62.000000000000   0.95545228696991
    -61.000000000000   0.95526870165873
    -60.000000000000   0.95508825402236
    -59.000000000000   0.95491093538057
    -58.000000000000   0.95473673730869
    -57.000000000000   0.95456565163009
    -56.000000000000   0.95439767040888
    -55.000000000000   0.95423278594301
    -54.000000000000   0.95407099075768
    -53.000000000000   0.95391227759893
    -52.000000000000   0.95375663942768
    -51.000000000000   0.95360406941387
    -50.000000000000   0.95345456093092
    -49.000000000000   0.95330810755046
    -48.000000000000   0.95316470303722
    -47.000000000000   0.95302434134418
    -46.000000000000   0.95288701660790
    -45.000000000000   0.95275272314408
    -44.000000000000   0.95262145544326
    -43.000000000000   0.95249320816675
    -42.000000000000   0.95236797614271
    -41.000000000000   0.95224575436240
    -40.000000000000   0.95212653797657
    -39.000000000000   0.95201032229203
    -38.000000000000   0.95189710276836
    -37.000000000000   0.95178687501472
    -36.000000000000   0.95167963478689
    -35.000000000000   0.95157537798429
    -34.000000000000   0.95147410064731
    -33.000000000000   0.95137579895459
    -32.000000000000   0.95128046922049
    -31.000000000000   0.95118810789271
    -30.000000000000   0.95109871154996
    -29.000000000000   0.95101227689971
    -28.000000000000   0.95092880077613
    -27.000000000000   0.95084828013805
    -26.000000000000   0.95077071206704
    -25.000000000000   0.95069609376558
    -24.000000000000   0.95062442255534
    -23.000000000000   0.95055569587547
    -22.000000000000   0.95048991128108
    -21.000000000000   0.95042706644174
    -20.000000000000   0.95036715914003
    -19.000000000000   0.95031018727021
    -18.000000000000   0.95025614883699
    -17.000000000000   0.95020504195430
    -16.000000000000   0.95015686484420
    -15.000000000000   0.95011161583577
    -14.000000000000   0.95006929336419
    -13.000000000000   0.95002989596980
    -12.000000000000   0.94999342229722
    -11.000000000000   0.94995987109460
   -10.0000000000000   0.94992924121287
    -9.0000000000000   0.94990153160505
    -8.0000000000000   0.94987674132571
    -7.0000000000000   0.94985486953038
    -6.0000000000000   0.94983591547506
    -5.0000000000000   0.94981987851581
    -4.0000000000000   0.94980675810840
    -3.0000000000000   0.94979655380794
    -2.0000000000000   0.94978926526869
    -1.0000000000000   0.94978489224383
   0.   0.94978343458532
     1.0000000000000   0.94978489224383
     2.0000000000000   0.94978926526869
     3.0000000000000   0.94979655380794
     4.0000000000000   0.94980675810840
     5.0000000000000   0.94981987851581
     6.0000000000000   0.94983591547506
     7.0000000000000   0.94985486953038
     8.0000000000000   0.94987674132571
     9.0000000000000   0.94990153160505
    10.0000000000000   0.94992924121287
     11.000000000000   0.94995987109460
     12.000000000000   0.94999342229722
     13.000000000000   0.95002989596980
     14.000000000000   0.95006929336419
     15.000000000000   0.95011161583577
     16.000000000000   0.95015686484420
     17.000000000000   0.95020504195430
     18.000000000000   0.95025614883699
     19.000000000000   0.95031018727021
     20.000000000000   0.95036715914003
     21.000000000000   0.95042706644174
     22.000000000000   0.95048991128108
     23.000000000000   0.95055569587547
     24.000000000000   0.95062442255534
     25.000000000000   0.95069609376558
     26.000000000000   0.95077071206704
     27.000000000000   0.95084828013805
     28.000000000000   0.95092880077613
     29.000000000000   0.95101227689971
     30.000000000000   0.95109871154996
     31.000000000000   0.95118810789271
     32.000000000000   0.95128046922049
     33.000000000000   0.95137579895458
     34.000000000000   0.95147410064731
     35.000000000000   0.95157537798429
     36.000000000000   0.95167963478688
     37.000000000000   0.95178687501472
     38.000000000000   0.95189710276836
     39.000000000000   0.95201032229203
     40.000000000000   0.95212653797657
     41.000000000000   0.95224575436240
     42.000000000000   0.95236797614271
     43.000000000000   0.95249320816675
     44.000000000000   0.95262145544326
     45.000000000000   0.95275272314408
     46.000000000000   0.95288701660790
     47.000000000000   0.95302434134418
     48.000000000000   0.95316470303722
     49.000000000000   0.95330810755046
     50.000000000000   0.95345456093092
     51.000000000000   0.95360406941387
     52.000000000000   0.95375663942768
     53.000000000000   0.95391227759893
     54.000000000000   0.95407099075768
     55.000000000000   0.95423278594301
     56.000000000000   0.95439767040888
     57.000000000000   0.95456565163009
     58.000000000000   0.95473673730869
     59.000000000000   0.95491093538057
     60.000000000000   0.95508825402236
     61.000000000000   0.95526870165873
     62.000000000000   0.95545228696991
     63.000000000000   0.95563901889966
     64.000000000000   0.95582890666360
     65.000000000000   0.95602195975784
     66.000000000000   0.95621818796821
     67.000000000000   0.95641760137971
     68.000000000000   0.95662021038662
     69.000000000000   0.95682602570300
     70.000000000000   0.95703505837370
     71.000000000000   0.95724731978599
     72.000000000000   0.95746282168172
     73.000000000000   0.95768157617014
     74.000000000000   0.95790359574131
     75.000000000000   0.95812889328031
     76.000000000000   0.95835748208213
     77.000000000000   0.95858937586732
     78.000000000000   0.95882458879857
     79.000000000000   0.95906313549811
     80.000000000000   0.95930503106613
     81.000000000000   0.95955029110014
     82.000000000000   0.95979893171551
     83.000000000000   0.96005096956708
     84.000000000000   0.96030642187214
     85.000000000000   0.96056530643459
     86.000000000000   0.96082764167066
     87.000000000000   0.96109344663613
     88.000000000000   0.96136274105513
     89.000000000000   0.96163554535080
     90.000000000000   0.96191188067779
     91.000000000000   0.96219176895690
     92.000000000000   0.96247523291178
     93.000000000000   0.96276229610821
     94.000000000000   0.96305298299577
     95.000000000000   0.96334731895247
     96.000000000000   0.96364533033226
     97.000000000000   0.96394704451595
     98.000000000000   0.96425248996559
     99.000000000000   0.96456169628277
    100.000000000000   0.96487469427113
    101.000000000000   0.96519151600350
    102.000000000000   0.96551219489397
    103.000000000000   0.96583676577560
    104.000000000000   0.96616526498396
    105.000000000000   0.96649773044747
     106.00000000000   0.96683420178485
     107.00000000000   0.96717472041058
     108.00000000000   0.96751932964925
     109.00000000000   0.96786807485957
     110.00000000000   0.96822100356915
     111.00000000000   0.96857816562130
     112.00000000000   0.96893961333509
     113.00000000000   0.96930540168022
     114.00000000000   0.96967558846846
     115.00000000000   0.97005023456360
     116.00000000000   0.97042940411226
     117.00000000000   0.97081316479803
     118.00000000000   0.97120158812214
     119.00000000000   0.97159474971397
     120.00000000000   0.97199272967565
     121.00000000000   0.97239561296534
     122.00000000000   0.97280348982480
     123.00000000000   0.97321645625789
     124.00000000000   0.97363461456762
     125.00000000000   0.97405807396109
     126.00000000000   0.97448695123326
     127.00000000000   0.97492137154294
     128.00000000000   0.97536146929704
     129.00000000000   0.97580738916270
     130.00000000000   0.97625928723146
     131.00000000000   0.97671733236553
     132.00000000000   0.97718170776349
     133.00000000000   0.97765261279305
     134.00000000000   0.97813026515189
     135.00000000000   0.97861490343582
     136.00000000000   0.97910679021943
     137.00000000000   0.97960621579151
     138.00000000000   0.98011350274114
     139.00000000000   0.98062901167089
     140.00000000000   0.98115314843183
     141.00000000000   0.98168637344651
     142.00000000000   0.98222921392059
     143.00000000000   0.98278228002927
     144.00000000000   0.98334628643458
     145.00000000000   0.98392208056555
     146.00000000000   0.98451067861517
     147.00000000000   0.98511330858319
     148.00000000000   0.98573145613092
     149.00000000000   0.98636690274868
     150.00000000000   0.98702173653637
     151.00000000000   0.98769830483557
     152.00000000000   0.98839906821036
     153.00000000000   0.98912631245294
     154.00000000000   0.98988168651613
     155.00000000000   0.99066556561299
     156.00000000000   0.99147629114604
     157.00000000000   0.99230940451560
     158.00000000000   0.99315705149818
     159.00000000000   0.99400776192764
     160.00000000000   0.99484678188026
     161.00000000000   0.99565704245041
     162.00000000000   0.99642070407120
     163.00000000000   0.99712105631761
     164.00000000000   0.99774443220104
     165.00000000000   0.99828175926791
     166.00000000000   0.99872943744556
     167.00000000000   0.99908938887345
     168.00000000000   0.99936831944525
     169.00000000000   0.99957640414759
     170.00000000000   0.99972570844367
     171.00000000000   0.99982866504970
     172.00000000000   0.99989685204894
     173.00000000000   0.99994020060881
     174.00000000000   0.99996664116625
     175.00000000000   0.99998210855184
     176.00000000000   0.99999078348897
     177.00000000000   0.99999544678062
     178.00000000000   0.99999784885696
     179.00000000000   0.99999903422938
     180.00000000000   0.99999959452175
     181.00000000000   0.99999984814842
     182.00000000000   0.99999995808260
     183.00000000000    1.0000000037044
     184.00000000000    1.0000000218290
     185.00000000000    1.0000000287214
     186.00000000000    1.0000000312300
     187.00000000000    1.0000000321039
     188.00000000000    1.0000000323953
     189.00000000000    1.0000000324882
     190.00000000000    1.0000000325166
     191.00000000000    1.0000000325248
     192.00000000000    1.0000000325272
     193.00000000000    1.0000000325278
     194.00000000000    1.0000000325279
     195.00000000000    1.0000000325280
     196.00000000000    1.0000000325280
     197.00000000000    1.0000000325280
     198.00000000000    1.0000000325280
     199.00000000000    1.0000000325280
     200.00000000000    1.0000000325280
     201.00000000000    1.0000000325280
     202.00000000000    1.0000000325280
     203.00000000000    1.0000000325280
     204.00000000000    1.0000000325280
     205.00000000000    1.0000000325280
     206.00000000000    1.0000000325280
     207.00000000000    1.0000000325280
     208.00000000000    1.0000000325280
     209.00000000000    1.0000000325280
     210.00000000000    1.0000000325280
     211.00000000000    1.0000000325280
     212.00000000000    1.0000000325280
     213.00000000000    1.0000000325280
     214.00000000000    1.0000000325280
     215.00000000000    1.0000000325280
     216.00000000000    1.0000000325280
     217.00000000000    1.0000000325280
     218.00000000000    1.0000000325280
     219.00000000000    1.0000000325280
     220.00000000000    1.0000000325280
     221.00000000000    1.0000000325280
     222.00000000000    1.0000000325280
     223.00000000000    1.0000000325280
     224.00000000000    1.0000000325280
     225.00000000000    1.0000000325280
     226.00000000000    1.0000000325280
     227.00000000000    1.0000000325280
     228.00000000000    1.0000000325280
     229.00000000000    1.0000000325280
     230.00000000000    1.0000000325280
     231.00000000000    1.0000000325280
     232.00000000000    1.0000000325280
     233.00000000000    1.0000000325280
     234.00000000000    1.0000000325280
     235.00000000000    1.0000000325280
     236.00000000000    1.0000000325280
     237.00000000000    1.0000000325280
     238.00000000000    1.0000000325280
     239.00000000000    1.0000000325280
     240.00000000000    1.0000000325280
     241.00000000000    1.0000000325280
     242.00000000000    1.0000000325280
     243.00000000000    1.0000000325280
     244.00000000000    1.0000000325280
     245.00000000000    1.0000000325280
     246.00000000000    1.0000000325280
     247.00000000000    1.0000000325280
     248.00000000000    1.0000000325280
     249.00000000000    1.0000000325280
     250.00000000000    1.0000000325280
     251.00000000000    1.0000000325280
     252.00000000000    1.0000000325280
     253.00000000000    1.0000000325280
     254.00000000000    1.0000000325280
     255.00000000000    1.0000000325280
     256.00000000000    1.0000000325280
     257.00000000000    1.0000000325280
     258.00000000000    1.0000000325280
     259.00000000000    1.0000000325280
     260.00000000000    1.0000000325280
     261.00000000000    1.0000000325280
     262.00000000000    1.0000000325280
     263.00000000000    1.0000000325280
     264.00000000000    1.0000000325280
     265.00000000000    1.0000000325280
     266.00000000000    1.0000000325280
     267.00000000000    1.0000000325280
     268.00000000000    1.0000000325280
     269.00000000000    1.0000000325280
     270.00000000000    1.0000000325280
     271.00000000000    1.0000000325280
     272.00000000000    1.0000000325280
     273.00000000000    1.0000000325280
     274.00000000000    1.0000000325280
     275.00000000000    1.0000000325280
     276.00000000000    1.0000000325280
     277.00000000000    1.0000000325280
     278.00000000000    1.0000000325280
     279.00000000000    1.0000000325280
     280.00000000000    1.0000000325280
     281.00000000000    1.0000000325280
     282.00000000000    1.0000000325280
     283.00000000000    1.0000000325280
     284.00000000000    1.0000000325280
     285.00000000000    1.0000000325280
     286.00000000000    1.0000000325280
     287.00000000000    1.0000000325280
     288.00000000000    1.0000000325280
     289.00000000000    1.0000000325280
     290.00000000000    1.0000000325280
     291.00000000000    1.0000000325280
     292.00000000000    1.0000000325280
     293.00000000000    1.0000000325280
     294.00000000000    1.0000000325280
     295.00000000000    1.0000000325280
     296.00000000000    1.0000000325280
     297.00000000000    1.0000000325280
     298.00000000000    1.0000000325280
     299.00000000000    1.0000000325280
     300.00000000000    1.0000000325280
     301.00000000000    1.0000000325280
     302.00000000000    1.0000000325280
     303.00000000000    1.0000000325280
     304.00000000000    1.0000000325280
     305.00000000000    1.0000000325280
     306.00000000000    1.0000000325280
     307.00000000000    1.0000000325280
     308.00000000000    1.0000000325280
     309.00000000000    1.0000000325280
     310.00000000000    1.0000000325280
     311.00000000000    1.0000000325280
     312.00000000000    1.0000000325280
     313.00000000000    1.0000000325280
     314.00000000000    1.0000000325280
     315.00000000000    1.0000000325280
     316.00000000000    1.0000000325280
     317.00000000000    1.0000000325280
     318.00000000000    1.0000000325280
     319.00000000000    1.0000000325280
     320.00000000000    1.0000000325280
     321.00000000000    1.0000000325280
     322.00000000000    1.0000000325280
     323.00000000000    1.0000000325280
     324.00000000000    1.0000000325280
     325.00000000000    1.0000000325280
     326.00000000000    1.0000000325280
     327.00000000000    1.0000000325280
     328.00000000000    1.0000000325280
     329.00000000000    1.0000000325280
     330.00000000000    1.0000000325280
     331.00000000000    1.0000000325280
     332.00000000000    1.0000000325280
     333.00000000000    1.0000000325280
     334.00000000000    1.0000000325280
     335.00000000000    1.0000000325280
     336.00000000000    1.0000000325280
     337.00000000000    1.0000000325280
     338.00000000000    1.0000000325280
     339.00000000000    1.0000000325280
     340.00000000000    1.0000000325280
     341.00000000000    1.0000000325280
     342.00000000000    1.0000000325280
     343.00000000000    1.0000000325280
     344.00000000000    1.0000000325280
     345.00000000000    1.0000000325280
     346.00000000000    1.0000000325280
     347.00000000000    1.0000000325280
     348.00000000000    1.0000000325280
     349.00000000000    1.0000000325280
     350.00000000000    1.0000000325280
     351.00000000000    1.0000000325280
     352.00000000000    1.0000000325280
     353.00000000000    1.0000000325280
     354.00000000000    1.0000000325280
     355.00000000000    1.0000000325280
     356.00000000000    1.0000000325280
     357.00000000000    1.0000000325280
     358.00000000000    1.0000000325280
     359.00000000000    1.0000000325280
     360.00000000000    1.0000000325280
     361.00000000000    1.0000000325280
     362.00000000000    1.0000000325280
     363.00000000000    1.0000000325280
     364.00000000000    1.0000000325280
     365.00000000000    1.0000000325280
     366.00000000000    1.0000000325280
     367.00000000000    1.0000000325280
     368.00000000000    1.0000000325280
     369.00000000000    1.0000000325280
     370.00000000000    1.0000000325280
     371.00000000000    1.0000000325280
     372.00000000000    1.0000000325280
     373.00000000000    1.0000000325280
     374.00000000000    1.0000000325280
     375.00000000000    1.0000000325280
     376.00000000000    1.0000000325280
     377.00000000000    1.0000000325280
     378.00000000000    1.0000000325280
     379.00000000000    1.0000000325280
     380.00000000000    1.0000000325280
     381.00000000000    1.0000000325280
     382.00000000000    1.0000000325280
     383.00000000000    1.0000000325280
     384.00000000000    1.0000000325280
     385.00000000000    1.0000000325280
     386.00000000000    1.0000000325280
     387.00000000000    1.0000000325280
     388.00000000000    1.0000000325280
     389.00000000000    1.0000000325280
     390.00000000000    1.0000000325280
     391.00000000000    1.0000000325280
     392.00000000000    1.0000000325280
     393.00000000000    1.0000000325280
     394.00000000000    1.0000000325280
     395.00000000000    1.0000000325280
     396.00000000000    1.0000000325280
     397.00000000000    1.0000000325280
     398.00000000000    1.0000000325280
     399.00000000000    1.0000000325280
     400.00000000000    1.0000000325280
     401.00000000000    1.0000000325280
     402.00000000000    1.0000000325280
     403.00000000000    1.0000000325280
     404.00000000000    1.0000000325280
     405.00000000000    1.0000000325280
     406.00000000000    1.0000000325280
     407.00000000000    1.0000000325280
     408.00000000000    1.0000000325280
     409.00000000000    1.0000000325280
     410.00000000000    1.0000000325280
     411.00000000000    1.0000000325280
     412.00000000000    1.0000000325280
     413.00000000000    1.0000000325280
     414.00000000000    1.0000000325280
     415.00000000000    1.0000000325280
     416.00000000000    1.0000000325280
     417.00000000000    1.0000000325280
     418.00000000000    1.0000000325280
     419.00000000000    1.0000000325280
     420.00000000000    1.0000000325280
     421.00000000000    1.0000000325280
     422.00000000000    1.0000000325280
     423.00000000000    1.0000000325280
     424.00000000000    1.0000000325280
     425.00000000000    1.0000000325280
     426.00000000000    1.0000000325280
     427.00000000000    1.0000000325280
     428.00000000000    1.0000000325280
     429.00000000000    1.0000000325280
     430.00000000000    1.0000000325280
     431.00000000000    1.0000000325280
     432.00000000000    1.0000000325280
     433.00000000000    1.0000000325280
     434.00000000000    1.0000000325280
     435.00000000000    1.0000000325280
     436.00000000000    1.0000000325280
     437.00000000000    1.0000000325280
     438.00000000000    1.0000000325280
     439.00000000000    1.0000000325280
     440.00000000000    1.0000000325280
     441.00000000000    1.0000000325280
     442.00000000000    1.0000000325280
     443.00000000000    1.0000000325280
     444.00000000000    1.0000000325280
     445.00000000000    1.0000000325280
     446.00000000000    1.0000000325280
     447.00000000000    1.0000000325280
     448.00000000000    1.0000000325280
     449.00000000000    1.0000000325280
     450.00000000000    1.0000000325280
     451.00000000000    1.0000000325280
     452.00000000000    1.0000000325280
     453.00000000000    1.0000000325280
     454.00000000000    1.0000000325280
     455.00000000000    1.0000000325280
     456.00000000000    1.0000000325280
     457.00000000000    1.0000000325280
     458.00000000000    1.0000000325280
     459.00000000000    1.0000000325280
     460.00000000000    1.0000000325280
     461.00000000000    1.0000000325280
     462.00000000000    1.0000000325280
     463.00000000000    1.0000000325280
     464.00000000000    1.0000000325280
     465.00000000000    1.0000000325280
     466.00000000000    1.0000000325280
     467.00000000000    1.0000000325280
     468.00000000000    1.0000000325280
     469.00000000000    1.0000000325280
     470.00000000000    1.0000000325280
     471.00000000000    1.0000000325280
     472.00000000000    1.0000000325280
     473.00000000000    1.0000000325280
     474.00000000000    1.0000000325280
     475.00000000000    1.0000000325280
     476.00000000000    1.0000000325280
     477.00000000000    1.0000000325280
     478.00000000000    1.0000000325280
     479.00000000000    1.0000000325280
     480.00000000000    1.0000000325280
     481.00000000000    1.0000000325280
     482.00000000000    1.0000000325280
     483.00000000000    1.0000000325280
     484.00000000000    1.0000000325280
     485.00000000000    1.0000000325280
     486.00000000000    1.0000000325280
     487.00000000000    1.0000000325280
     488.00000000000    1.0000000325280
     489.00000000000    1.0000000325280
     490.00000000000    1.0000000325280
     491.00000000000    1.0000000325280
     492.00000000000    1.0000000325280
     493.00000000000    1.0000000325280
     494.00000000000    1.0000000325280
     495.00000000000    1.0000000325280
     496.00000000000    1.0000000325280
     497.00000000000    1.0000000325280
     498.00000000000    1.0000000325280
     499.00000000000    1.0000000325280
     500.00000000000    1.0000000325280
