    -500.00000000000    1.0000000325280
    -499.00000000000    1.0000000325280
    -498.00000000000    1.0000000325280
    -497.00000000000    1.0000000325280
    -496.00000000000    1.0000000325280
    -495.00000000000    1.0000000325280
    -494.00000000000    1.0000000325280
    -493.00000000000    1.0000000325280
    -492.00000000000    1.0000000325280
    -491.00000000000    1.0000000325280
    -490.00000000000    1.0000000325280
    -489.00000000000    1.0000000325280
    -488.00000000000    1.0000000325280
    -487.00000000000    1.0000000325280
    -486.00000000000    1.0000000325280
    -485.00000000000    1.0000000325280
    -484.00000000000    1.0000000325280
    -483.00000000000    1.0000000325280
    -482.00000000000    1.0000000325280
    -481.00000000000    1.0000000325280
    -480.00000000000    1.0000000325280
    -479.00000000000    1.0000000325280
    -478.00000000000    1.0000000325280
    -477.00000000000    1.0000000325280
    -476.00000000000    1.0000000325280
    -475.00000000000    1.0000000325280
    -474.00000000000    1.0000000325280
    -473.00000000000    1.0000000325280
    -472.00000000000    1.0000000325280
    -471.00000000000    1.0000000325280
    -470.00000000000    1.0000000325280
    -469.00000000000    1.0000000325280
    -468.00000000000    1.0000000325280
    -467.00000000000    1.0000000325280
    -466.00000000000    1.0000000325280
    -465.00000000000    1.0000000325280
    -464.00000000000    1.0000000325280
    -463.00000000000    1.0000000325280
    -462.00000000000    1.0000000325280
    -461.00000000000    1.0000000325280
    -460.00000000000    1.0000000325280
    -459.00000000000    1.0000000325280
    -458.00000000000    1.0000000325280
    -457.00000000000    1.0000000325280
    -456.00000000000    1.0000000325280
    -455.00000000000    1.0000000325280
    -454.00000000000    1.0000000325280
    -453.00000000000    1.0000000325280
    -452.00000000000    1.0000000325280
    -451.00000000000    1.0000000325280
    -450.00000000000    1.0000000325280
    -449.00000000000    1.0000000325280
    -448.00000000000    1.0000000325280
    -447.00000000000    1.0000000325280
    -446.00000000000    1.0000000325280
    -445.00000000000    1.0000000325280
    -444.00000000000    1.0000000325280
    -443.00000000000    1.0000000325280
    -442.00000000000    1.0000000325280
    -441.00000000000    1.0000000325280
    -440.00000000000    1.0000000325280
    -439.00000000000    1.0000000325280
    -438.00000000000    1.0000000325280
    -437.00000000000    1.0000000325280
    -436.00000000000    1.0000000325280
    -435.00000000000    1.0000000325280
    -434.00000000000    1.0000000325280
    -433.00000000000    1.0000000325280
    -432.00000000000    1.0000000325280
    -431.00000000000    1.0000000325280
    -430.00000000000    1.0000000325280
    -429.00000000000    1.0000000325280
    -428.00000000000    1.0000000325280
    -427.00000000000    1.0000000325280
    -426.00000000000    1.0000000325280
    -425.00000000000    1.0000000325280
    -424.00000000000    1.0000000325280
    -423.00000000000    1.0000000325280
    -422.00000000000    1.0000000325280
    -421.00000000000    1.0000000325280
    -420.00000000000    1.0000000325280
    -419.00000000000    1.0000000325280
    -418.00000000000    1.0000000325280
    -417.00000000000    1.0000000325280
    -416.00000000000    1.0000000325280
    -415.00000000000    1.0000000325280
    -414.00000000000    1.0000000325280
    -413.00000000000    1.0000000325280
    -412.00000000000    1.0000000325280
    -411.00000000000    1.0000000325280
    -410.00000000000    1.0000000325280
    -409.00000000000    1.0000000325280
    -408.00000000000    1.0000000325280
    -407.00000000000    1.0000000325280
    -406.00000000000    1.0000000325280
    -405.00000000000    1.0000000325280
    -404.00000000000    1.0000000325280
    -403.00000000000    1.0000000325280
    -402.00000000000    1.0000000325280
    -401.00000000000    1.0000000325280
    -400.00000000000    1.0000000325280
    -399.00000000000    1.0000000325280
    -398.00000000000    1.0000000325280
    -397.00000000000    1.0000000325280
    -396.00000000000    1.0000000325280
    -395.00000000000    1.0000000325280
    -394.00000000000    1.0000000325280
    -393.00000000000    1.0000000325280
    -392.00000000000    1.0000000325280
    -391.00000000000    1.0000000325280
    -390.00000000000    1.0000000325280
    -389.00000000000    1.0000000325280
    -388.00000000000    1.0000000325280
    -387.00000000000    1.0000000325280
    -386.00000000000    1.0000000325280
    -385.00000000000    1.0000000325280
    -384.00000000000    1.0000000325280
    -383.00000000000    1.0000000325280
    -382.00000000000    1.0000000325280
    -381.00000000000    1.0000000325280
    -380.00000000000    1.0000000325280
    -379.00000000000    1.0000000325280
    -378.00000000000    1.0000000325280
    -377.00000000000    1.0000000325280
    -376.00000000000    1.0000000325280
    -375.00000000000    1.0000000325280
    -374.00000000000    1.0000000325280
    -373.00000000000    1.0000000325280
    -372.00000000000    1.0000000325280
    -371.00000000000    1.0000000325280
    -370.00000000000    1.0000000325280
    -369.00000000000    1.0000000325280
    -368.00000000000    1.0000000325280
    -367.00000000000    1.0000000325280
    -366.00000000000    1.0000000325280
    -365.00000000000    1.0000000325280
    -364.00000000000    1.0000000325280
    -363.00000000000    1.0000000325280
    -362.00000000000    1.0000000325280
    -361.00000000000    1.0000000325280
    -360.00000000000    1.0000000325280
    -359.00000000000    1.0000000325280
    -358.00000000000    1.0000000325280
    -357.00000000000    1.0000000325280
    -356.00000000000    1.0000000325280
    -355.00000000000    1.0000000325280
    -354.00000000000    1.0000000325280
    -353.00000000000    1.0000000325280
    -352.00000000000    1.0000000325280
    -351.00000000000    1.0000000325280
    -350.00000000000    1.0000000325280
    -349.00000000000    1.0000000325280
    -348.00000000000    1.0000000325280
    -347.00000000000    1.0000000325280
    -346.00000000000    1.0000000325280
    -345.00000000000    1.0000000325280
    -344.00000000000    1.0000000325280
    -343.00000000000    1.0000000325280
    -342.00000000000    1.0000000325280
    -341.00000000000    1.0000000325280
    -340.00000000000    1.0000000325280
    -339.00000000000    1.0000000325280
    -338.00000000000    1.0000000325280
    -337.00000000000    1.0000000325280
    -336.00000000000    1.0000000325280
    -335.00000000000    1.0000000325280
    -334.00000000000    1.0000000325280
    -333.00000000000    1.0000000325280
    -332.00000000000    1.0000000325280
    -331.00000000000    1.0000000325280
    -330.00000000000    1.0000000325280
    -329.00000000000    1.0000000325280
    -328.00000000000    1.0000000325280
    -327.00000000000    1.0000000325280
    -326.00000000000    1.0000000325280
    -325.00000000000    1.0000000325280
    -324.00000000000    1.0000000325280
    -323.00000000000    1.0000000325280
    -322.00000000000    1.0000000325280
    -321.00000000000    1.0000000325280
    -320.00000000000    1.0000000325280
    -319.00000000000    1.0000000325280
    -318.00000000000    1.0000000325280
    -317.00000000000    1.0000000325280
    -316.00000000000    1.0000000325280
    -315.00000000000    1.0000000325280
    -314.00000000000    1.0000000325280
    -313.00000000000    1.0000000325280
    -312.00000000000    1.0000000325280
    -311.00000000000    1.0000000325280
    -310.00000000000    1.0000000325280
    -309.00000000000    1.0000000325280
    -308.00000000000    1.0000000325280
    -307.00000000000    1.0000000325280
    -306.00000000000    1.0000000325280
    -305.00000000000    1.0000000325280
    -304.00000000000    1.0000000325280
    -303.00000000000    1.0000000325280
    -302.00000000000    1.0000000325280
    -301.00000000000    1.0000000325280
    -300.00000000000    1.0000000325280
    -299.00000000000    1.0000000325280
    -298.00000000000    1.0000000325280
    -297.00000000000    1.0000000325280
    -296.00000000000    1.0000000325280
    -295.00000000000    1.0000000325280
    -294.00000000000    1.0000000325280
    -293.00000000000    1.0000000325280
    -292.00000000000    1.0000000325279
    -291.00000000000    1.0000000325276
    -290.00000000000    1.0000000325265
    -289.00000000000    1.0000000325225
    -288.00000000000    1.0000000325089
    -287.00000000000    1.0000000324644
    -286.00000000000    1.0000000323250
    -285.00000000000    1.0000000319068
    -284.00000000000    1.0000000307070
    -283.00000000000    1.0000000274120
    -282.00000000000    1.0000000187514
    -281.00000000000   0.99999999696256
    -280.00000000000   0.99999994448617
    -279.00000000000   0.99999982348694
    -278.00000000000   0.99999955634351
    -277.00000000000   0.99999899152259
    -276.00000000000   0.99999784771905
    -275.00000000000   0.99999562877366
    -274.00000000000   0.99999150411043
    -273.00000000000   0.99998415586522
    -272.00000000000   0.99997160551662
    -271.00000000000   0.99995104901017
    -270.00000000000   0.99991874671186
    -269.00000000000   0.99987002669789
    -268.00000000000   0.99979945883909
    -267.00000000000   0.99970123612511
    -266.00000000000   0.99956975725562
    -265.00000000000   0.99940034776713
    -264.00000000000   0.99919000159947
    -263.00000000000   0.99893799127457
    -262.00000000000   0.99864619975297
    -261.00000000000   0.99831907608515
    -260.00000000000   0.99796319976023
    -259.00000000000   0.99758653100083
    -258.00000000000   0.99719749694502
    -257.00000000000   0.99680409395181
    -256.00000000000   0.99641316680406
    -255.00000000000   0.99602996652297
    -254.00000000000   0.99565801220838
    -253.00000000000   0.99529921358554
    -252.00000000000   0.99495416767656
    -251.00000000000   0.99462253125935
    -250.00000000000   0.99430338534400
    -249.00000000000   0.99399553709689
    -248.00000000000   0.99369773608584
    -247.00000000000   0.99340880658149
    -246.00000000000   0.99312771223040
    -245.00000000000   0.99285357434960
    -244.00000000000   0.99258566338992
    -243.00000000000   0.99232337822725
    -242.00000000000   0.99206622253778
    -241.00000000000   0.99181378308560
    -240.00000000000   0.99156571177412
    -239.00000000000   0.99132171164783
    -238.00000000000   0.99108152629316
    -237.00000000000   0.99084493189167
    -236.00000000000   0.99061173123800
    -235.00000000000   0.99038174917945
    -234.00000000000   0.99015482908046
    -233.00000000000   0.98993083003251
    -232.00000000000   0.98970962461550
    -231.00000000000   0.98949109707507
    -230.00000000000   0.98927514181988
    -229.00000000000   0.98906166216919
    -228.00000000000   0.98885056929943
    -227.00000000000   0.98864178135095
    -226.00000000000   0.98843522266500
    -225.00000000000   0.98823082312799
    -224.00000000000   0.98802851760444
    -223.00000000000   0.98782824544417
    -222.00000000000   0.98762995005187
    -221.00000000000   0.98743357850938
    -220.00000000000   0.98723908124303
    -219.00000000000   0.98704641172932
    -218.00000000000   0.98685552623373
    -217.00000000000   0.98666638357805
    -216.00000000000   0.98647894493249
    -215.00000000000   0.98629317362941
    -214.00000000000   0.98610903499584
    -213.00000000000   0.98592649620261
    -212.00000000000   0.98574552612802
    -211.00000000000   0.98556609523442
    -210.00000000000   0.98538817545609
    -209.00000000000   0.98521174009735
    -208.00000000000   0.98503676373962
    -207.00000000000   0.98486322215653
    -206.00000000000   0.98469109223626
    -205.00000000000   0.98452035191034
    -204.00000000000   0.98435098008821
    -203.00000000000   0.98418295659712
    -202.00000000000   0.98401626212666
    -201.00000000000   0.98385087817759
    -200.00000000000   0.98368678701462
    -199.00000000000   0.98352397162262
    -198.00000000000   0.98336241566608
    -197.00000000000   0.98320210345149
    -196.00000000000   0.98304301989236
    -195.00000000000   0.98288515047672
    -194.00000000000   0.98272848123680
    -193.00000000000   0.98257299872079
    -192.00000000000   0.98241868996648
    -191.00000000000   0.98226554247659
    -190.00000000000   0.98211354419573
    -189.00000000000   0.98196268348878
    -188.00000000000   0.98181294912070
    -187.00000000000   0.98166433023749
    -186.00000000000   0.98151681634840
    -185.00000000000   0.98137039730913
    -184.00000000000   0.98122506330606
    -183.00000000000   0.98108080484143
    -182.00000000000   0.98093761271933
    -181.00000000000   0.98079547803249
    -180.00000000000   0.98065439214985
    -179.00000000000   0.98051434670476
    -178.00000000000   0.98037533358390
    -177.00000000000   0.98023734491672
    -176.00000000000   0.98010037306552
    -175.00000000000   0.97996441061599
    -174.00000000000   0.97982945036826
    -173.00000000000   0.97969548532848
    -172.00000000000   0.97956250870068
    -171.00000000000   0.97943051387923
    -170.00000000000   0.97929949444148
    -169.00000000000   0.97916944414093
    -168.00000000000   0.97904035690063
    -167.00000000000   0.97891222680691
    -166.00000000000   0.97878504810348
    -165.00000000000   0.97865881518569
    -164.00000000000   0.97853352259518
    -163.00000000000   0.97840916501466
    -162.00000000000   0.97828573726306
    -161.00000000000   0.97816323429076
    -160.00000000000   0.97804165117512
    -159.00000000000   0.97792098311623
    -158.00000000000   0.97780122543273
    -157.00000000000   0.97768237355794
    -156.00000000000   0.97756442303608
    -155.00000000000   0.97744736951870
    -154.00000000000   0.97733120876119
    -153.00000000000   0.97721593661951
    -152.00000000000   0.97710154904701
    -151.00000000000   0.97698804209142
    -150.00000000000   0.97687541189191
    -149.00000000000   0.97676365467630
    -148.00000000000   0.97665276675840
    -147.00000000000   0.97654274453542
    -146.00000000000   0.97643358448545
    -145.00000000000   0.97632528316519
    -144.00000000000   0.97621783720754
    -143.00000000000   0.97611124331948
    -142.00000000000   0.97600549827992
    -141.00000000000   0.97590059893769
    -140.00000000000   0.97579654220955
    -139.00000000000   0.97569332507830
    -138.00000000000   0.97559094459099
    -137.00000000000   0.97548939785715
    -136.00000000000   0.97538868204709
    -135.00000000000   0.97528879439029
    -134.00000000000   0.97518973217383
    -133.00000000000   0.97509149274085
    -132.00000000000   0.97499407348910
    -131.00000000000   0.97489747186955
    -130.00000000000   0.97480168538500
    -129.00000000000   0.97470671158875
    -128.00000000000   0.97461254808339
    -127.00000000000   0.97451919251949
    -126.00000000000   0.97442664259449
    -125.00000000000   0.97433489605149
    -124.00000000000   0.97424395067818
    -123.00000000000   0.97415380430573
    -122.00000000000   0.97406445480781
    -121.00000000000   0.97397590009953
    -120.00000000000   0.97388813813648
    -119.00000000000   0.97380116691380
    -118.00000000000   0.97371498446526
    -117.00000000000   0.97362958886240
    -116.00000000000   0.97354497821363
    -115.00000000000   0.97346115066343
    -114.00000000000   0.97337810439158
    -113.00000000000   0.97329583761230
    -112.00000000000   0.97321434857356
    -111.00000000000   0.97313363555635
    -110.00000000000   0.97305369687392
    -109.00000000000   0.97297453087114
    -108.00000000000   0.97289613592382
    -107.00000000000   0.97281851043806
    -106.00000000000   0.97274165284962
   -105.000000000000   0.97266556162331
   -104.000000000000   0.97259023525239
   -103.000000000000   0.97251567225803
   -102.000000000000   0.97244187118871
   -101.000000000000   0.97236883061970
   -100.000000000000   0.97229654915253
    -99.000000000000   0.97222502541447
    -98.000000000000   0.97215425805808
    -97.000000000000   0.97208424576064
    -96.000000000000   0.97201498722374
    -95.000000000000   0.97194648117284
    -94.000000000000   0.97187872635681
    -93.000000000000   0.97181172154743
    -92.000000000000   0.97174546553907
    -91.000000000000   0.97167995714828
    -90.000000000000   0.97161519521331
    -89.000000000000   0.97155117859378
    -88.000000000000   0.97148790617028
    -87.000000000000   0.97142537684409
    -86.000000000000   0.97136358953675
    -85.000000000000   0.97130254318962
    -84.000000000000   0.97124223676374
    -83.000000000000   0.97118266923944
    -82.000000000000   0.97112383961597
    -81.000000000000   0.97106574691113
    -80.000000000000   0.97100839016111
    -79.000000000000   0.97095176842025
    -78.000000000000   0.97089588076053
    -77.000000000000   0.97084072627135
    -76.000000000000   0.97078630405941
    -75.000000000000   0.97073261324844
    -74.000000000000   0.97067965297874
    -73.000000000000   0.97062742240698
    -72.000000000000   0.97057592070611
    -71.000000000000   0.97052514706520
    -70.000000000000   0.97047510068886
    -69.000000000000   0.97042578079711
    -68.000000000000   0.97037718662542
    -67.000000000000   0.97032931742446
    -66.000000000000   0.97028217245959
    -65.000000000000   0.97023575101070
    -64.000000000000   0.97019005237232
    -63.000000000000   0.97014507585346
    -62.000000000000   0.97010082077700
    -61.000000000000   0.97005728647952
    -60.000000000000   0.97001447231161
    -59.000000000000   0.96997237763760
    -58.000000000000   0.96993100183500
    -57.000000000000   0.96989034429431
    -56.000000000000   0.96985040441935
    -55.000000000000   0.96981118162716
    -54.000000000000   0.96977267534728
    -53.000000000000   0.96973488502156
    -52.000000000000   0.96969781010462
    -51.000000000000   0.96966145006381
    -50.000000000000   0.96962580437837
    -49.000000000000   0.96959087253926
    -48.000000000000   0.96955665404966
    -47.000000000000   0.96952314842508
    -46.000000000000   0.96949035519242
    -45.000000000000   0.96945827388971
    -44.000000000000   0.96942690406673
    -43.000000000000   0.96939624528520
    -42.000000000000   0.96936629711788
    -41.000000000000   0.96933705914805
    -40.000000000000   0.96930853097032
    -39.000000000000   0.96928071219096
    -38.000000000000   0.96925360242689
    -37.000000000000   0.96922720130511
    -36.000000000000   0.96920150846349
    -35.000000000000   0.96917652355130
    -34.000000000000   0.96915224622823
    -33.000000000000   0.96912867616359
    -32.000000000000   0.96910581303713
    -31.000000000000   0.96908365653978
    -30.000000000000   0.96906220637274
    -29.000000000000   0.96904146224645
    -28.000000000000   0.96902142388134
    -27.000000000000   0.96900209100882
    -26.000000000000   0.96898346337050
    -25.000000000000   0.96896554071690
    -24.000000000000   0.96894832280812
    -23.000000000000   0.96893180941506
    -22.000000000000   0.96891600031876
    -21.000000000000   0.96890089530897
    -20.000000000000   0.96888649418461
    -19.000000000000   0.96887279675517
    -18.000000000000   0.96885980284034
    -17.000000000000   0.96884751226837
    -16.000000000000   0.96883592487630
    -15.000000000000   0.96882504051151
    -14.000000000000   0.96881485903165
    -13.000000000000   0.96880538030288
    -12.000000000000   0.96879660419983
    -11.000000000000   0.96878853060721
   -10.0000000000000   0.96878115942005
    -9.0000000000000   0.96877449054200
    -8.0000000000000   0.96876852388486
    -7.0000000000000   0.96876325937026
    -6.0000000000000   0.96875869693020
    -5.0000000000000   0.96875483650545
    -4.0000000000000   0.96875167804476
    -3.0000000000000   0.96874922150637
    -2.0000000000000   0.96874746685899
    -1.0000000000000   0.96874641408028
   0.   0.96874606315579
     1.0000000000000   0.96874641408028
     2.0000000000000   0.96874746685899
     3.0000000000000   0.96874922150637
     4.0000000000000   0.96875167804476
     5.0000000000000   0.96875483650545
     6.0000000000000   0.96875869693020
     7.0000000000000   0.96876325937026
     8.0000000000000   0.96876852388486
     9.0000000000000   0.96877449054200
    10.0000000000000   0.96878115942005
     11.000000000000   0.96878853060721
     12.000000000000   0.96879660419983
     13.000000000000   0.96880538030288
     14.000000000000   0.96881485903165
     15.000000000000   0.96882504051151
     16.000000000000   0.96883592487630
     17.000000000000   0.96884751226837
     18.000000000000   0.96885980284034
     19.000000000000   0.96887279675517
     20.000000000000   0.96888649418461
     21.000000000000   0.96890089530897
     22.000000000000   0.96891600031876
     23.000000000000   0.96893180941506
     24.000000000000   0.96894832280812
     25.000000000000   0.96896554071690
     26.000000000000   0.96898346337050
     27.000000000000   0.96900209100882
     28.000000000000   0.96902142388134
     29.000000000000   0.96904146224645
     30.000000000000   0.96906220637274
     31.000000000000   0.96908365653978
     32.000000000000   0.96910581303712
     33.000000000000   0.96912867616359
     34.000000000000   0.96915224622822
     35.000000000000   0.96917652355130
     36.000000000000   0.96920150846349
     37.000000000000   0.96922720130511
     38.000000000000   0.96925360242689
     39.000000000000   0.96928071219096
     40.000000000000   0.96930853097032
     41.000000000000   0.96933705914805
     42.000000000000   0.96936629711788
     43.000000000000   0.96939624528520
     44.000000000000   0.96942690406673
     45.000000000000   0.96945827388971
     46.000000000000   0.96949035519242
     47.000000000000   0.96952314842508
     48.000000000000   0.96955665404966
     49.000000000000   0.96959087253926
     50.000000000000   0.96962580437837
     51.000000000000   0.96966145006381
     52.000000000000   0.96969781010462
     53.000000000000   0.96973488502156
     54.000000000000   0.96977267534728
     55.000000000000   0.96981118162716
     56.000000000000   0.96985040441935
     57.000000000000   0.96989034429431
     58.000000000000   0.96993100183500
     59.000000000000   0.96997237763760
     60.000000000000   0.97001447231161
     61.000000000000   0.97005728647952
     62.000000000000   0.97010082077700
     63.000000000000   0.97014507585346
     64.000000000000   0.97019005237232
     65.000000000000   0.97023575101070
     66.000000000000   0.97028217245959
     67.000000000000   0.97032931742446
     68.000000000000   0.97037718662542
     69.000000000000   0.97042578079711
     70.000000000000   0.97047510068886
     71.000000000000   0.97052514706520
     72.000000000000   0.97057592070611
     73.000000000000   0.97062742240698
     74.000000000000   0.97067965297874
     75.000000000000   0.97073261324844
     76.000000000000   0.97078630405941
     77.000000000000   0.97084072627135
     78.000000000000   0.97089588076053
     79.000000000000   0.97095176842025
     80.000000000000   0.97100839016111
     81.000000000000   0.97106574691113
     82.000000000000   0.97112383961597
     83.000000000000   0.97118266923944
     84.000000000000   0.97124223676374
     85.000000000000   0.97130254318962
     86.000000000000   0.97136358953675
     87.000000000000   0.97142537684409
     88.000000000000   0.97148790617028
     89.000000000000   0.97155117859378
     90.000000000000   0.97161519521331
     91.000000000000   0.97167995714828
     92.000000000000   0.97174546553907
     93.000000000000   0.97181172154743
     94.000000000000   0.97187872635681
     95.000000000000   0.97194648117284
     96.000000000000   0.97201498722374
     97.000000000000   0.97208424576064
     98.000000000000   0.97215425805808
     99.000000000000   0.97222502541447
    100.000000000000   0.97229654915253
    101.000000000000   0.97236883061970
    102.000000000000   0.97244187118871
    103.000000000000   0.97251567225803
    104.000000000000   0.97259023525239
    105.000000000000   0.97266556162331
     106.00000000000   0.97274165284962
     107.00000000000   0.97281851043806
     108.00000000000   0.97289613592382
     109.00000000000   0.97297453087114
     110.00000000000   0.97305369687392
     111.00000000000   0.97313363555635
     112.00000000000   0.97321434857356
     113.00000000000   0.97329583761230
     114.00000000000   0.97337810439158
     115.00000000000   0.97346115066343
     116.00000000000   0.97354497821363
     117.00000000000   0.97362958886240
     118.00000000000   0.97371498446526
     119.00000000000   0.97380116691379
     120.00000000000   0.97388813813648
     121.00000000000   0.97397590009953
     122.00000000000   0.97406445480781
     123.00000000000   0.97415380430573
     124.00000000000   0.97424395067818
     125.00000000000   0.97433489605149
     126.00000000000   0.97442664259449
     127.00000000000   0.97451919251949
     128.00000000000   0.97461254808339
     129.00000000000   0.97470671158875
     130.00000000000   0.97480168538500
     131.00000000000   0.97489747186955
     132.00000000000   0.97499407348910
     133.00000000000   0.97509149274085
     134.00000000000   0.97518973217383
     135.00000000000   0.97528879439029
     136.00000000000   0.97538868204709
     137.00000000000   0.97548939785714
     138.00000000000   0.97559094459099
     139.00000000000   0.97569332507830
     140.00000000000   0.97579654220955
     141.00000000000   0.97590059893769
     142.00000000000   0.97600549827992
     143.00000000000   0.97611124331948
     144.00000000000   0.97621783720754
     145.00000000000   0.97632528316519
     146.00000000000   0.97643358448545
     147.00000000000   0.97654274453542
     148.00000000000   0.97665276675841
     149.00000000000   0.97676365467630
     150.00000000000   0.97687541189191
     151.00000000000   0.97698804209142
     152.00000000000   0.97710154904701
     153.00000000000   0.97721593661951
     154.00000000000   0.97733120876119
     155.00000000000   0.97744736951870
     156.00000000000   0.97756442303608
     157.00000000000   0.97768237355794
     158.00000000000   0.97780122543273
     159.00000000000   0.97792098311623
     160.00000000000   0.97804165117512
     161.00000000000   0.97816323429076
     162.00000000000   0.97828573726306
     163.00000000000   0.97840916501466
     164.00000000000   0.97853352259518
     165.00000000000   0.97865881518569
     166.00000000000   0.97878504810348
     167.00000000000   0.97891222680691
     168.00000000000   0.97904035690063
     169.00000000000   0.97916944414093
     170.00000000000   0.97929949444148
     171.00000000000   0.97943051387923
     172.00000000000   0.97956250870068
     173.00000000000   0.97969548532848
     174.00000000000   0.97982945036826
     175.00000000000   0.97996441061599
     176.00000000000   0.98010037306552
     177.00000000000   0.98023734491672
     178.00000000000   0.98037533358390
     179.00000000000   0.98051434670476
     180.00000000000   0.98065439214985
     181.00000000000   0.98079547803249
     182.00000000000   0.98093761271933
     183.00000000000   0.98108080484143
     184.00000000000   0.98122506330606
     185.00000000000   0.98137039730913
     186.00000000000   0.98151681634840
     187.00000000000   0.98166433023749
     188.00000000000   0.98181294912070
     189.00000000000   0.98196268348878
     190.00000000000   0.98211354419573
     191.00000000000   0.98226554247659
     192.00000000000   0.98241868996649
     193.00000000000   0.98257299872079
     194.00000000000   0.98272848123680
     195.00000000000   0.98288515047672
     196.00000000000   0.98304301989236
     197.00000000000   0.98320210345149
     198.00000000000   0.98336241566608
     199.00000000000   0.98352397162262
     200.00000000000   0.98368678701462
     201.00000000000   0.98385087817759
     202.00000000000   0.98401626212666
     203.00000000000   0.98418295659712
     204.00000000000   0.98435098008821
     205.00000000000   0.98452035191034
     206.00000000000   0.98469109223626
     207.00000000000   0.98486322215653
     208.00000000000   0.98503676373962
     209.00000000000   0.98521174009735
     210.00000000000   0.98538817545609
     211.00000000000   0.98556609523442
     212.00000000000   0.98574552612802
     213.00000000000   0.98592649620261
     214.00000000000   0.98610903499584
     215.00000000000   0.98629317362941
     216.00000000000   0.98647894493249
     217.00000000000   0.98666638357805
     218.00000000000   0.98685552623373
     219.00000000000   0.98704641172932
     220.00000000000   0.98723908124303
     221.00000000000   0.98743357850938
     222.00000000000   0.98762995005187
     223.00000000000   0.98782824544417
     224.00000000000   0.98802851760444
     225.00000000000   0.98823082312799
     226.00000000000   0.98843522266500
     227.00000000000   0.98864178135095
     228.00000000000   0.98885056929943
     229.00000000000   0.98906166216918
     230.00000000000   0.98927514181988
     231.00000000000   0.98949109707507
     232.00000000000   0.98970962461550
     233.00000000000   0.98993083003251
     234.00000000000   0.99015482908046
     235.00000000000   0.99038174917945
     236.00000000000   0.99061173123800
     237.00000000000   0.99084493189167
     238.00000000000   0.99108152629316
     239.00000000000   0.99132171164783
     240.00000000000   0.99156571177412
     241.00000000000   0.99181378308559
     242.00000000000   0.99206622253778
     243.00000000000   0.99232337822725
     244.00000000000   0.99258566338992
     245.00000000000   0.99285357434960
     246.00000000000   0.99312771223040
     247.00000000000   0.99340880658149
     248.00000000000   0.99369773608584
     249.00000000000   0.99399553709689
     250.00000000000   0.99430338534400
     251.00000000000   0.99462253125935
     252.00000000000   0.99495416767656
     253.00000000000   0.99529921358554
     254.00000000000   0.99565801220838
     255.00000000000   0.99602996652297
     256.00000000000   0.99641316680406
     257.00000000000   0.99680409395181
     258.00000000000   0.99719749694502
     259.00000000000   0.99758653100083
     260.00000000000   0.99796319976023
     261.00000000000   0.99831907608515
     262.00000000000   0.99864619975297
     263.00000000000   0.99893799127457
     264.00000000000   0.99919000159947
     265.00000000000   0.99940034776713
     266.00000000000   0.99956975725562
     267.00000000000   0.99970123612511
     268.00000000000   0.99979945883909
     269.00000000000   0.99987002669789
     270.00000000000   0.99991874671186
     271.00000000000   0.99995104901017
     272.00000000000   0.99997160551662
     273.00000000000   0.99998415586522
     274.00000000000   0.99999150411043
     275.00000000000   0.99999562877366
     276.00000000000   0.99999784771905
     277.00000000000   0.99999899152259
     278.00000000000   0.99999955634351
     279.00000000000   0.99999982348694
     280.00000000000   0.99999994448617
     281.00000000000   0.99999999696256
     282.00000000000    1.0000000187514
     283.00000000000    1.0000000274120
     284.00000000000    1.0000000307070
     285.00000000000    1.0000000319068
     286.00000000000    1.0000000323250
     287.00000000000    1.0000000324644
     288.00000000000    1.0000000325089
     289.00000000000    1.0000000325225
     290.00000000000    1.0000000325265
     291.00000000000    1.0000000325276
     292.00000000000    1.0000000325279
     293.00000000000    1.0000000325280
     294.00000000000    1.0000000325280
     295.00000000000    1.0000000325280
     296.00000000000    1.0000000325280
     297.00000000000    1.0000000325280
     298.00000000000    1.0000000325280
     299.00000000000    1.0000000325280
     300.00000000000    1.0000000325280
     301.00000000000    1.0000000325280
     302.00000000000    1.0000000325280
     303.00000000000    1.0000000325280
     304.00000000000    1.0000000325280
     305.00000000000    1.0000000325280
     306.00000000000    1.0000000325280
     307.00000000000    1.0000000325280
     308.00000000000    1.0000000325280
     309.00000000000    1.0000000325280
     310.00000000000    1.0000000325280
     311.00000000000    1.0000000325280
     312.00000000000    1.0000000325280
     313.00000000000    1.0000000325280
     314.00000000000    1.0000000325280
     315.00000000000    1.0000000325280
     316.00000000000    1.0000000325280
     317.00000000000    1.0000000325280
     318.00000000000    1.0000000325280
     319.00000000000    1.0000000325280
     320.00000000000    1.0000000325280
     321.00000000000    1.0000000325280
     322.00000000000    1.0000000325280
     323.00000000000    1.0000000325280
     324.00000000000    1.0000000325280
     325.00000000000    1.0000000325280
     326.00000000000    1.0000000325280
     327.00000000000    1.0000000325280
     328.00000000000    1.0000000325280
     329.00000000000    1.0000000325280
     330.00000000000    1.0000000325280
     331.00000000000    1.0000000325280
     332.00000000000    1.0000000325280
     333.00000000000    1.0000000325280
     334.00000000000    1.0000000325280
     335.00000000000    1.0000000325280
     336.00000000000    1.0000000325280
     337.00000000000    1.0000000325280
     338.00000000000    1.0000000325280
     339.00000000000    1.0000000325280
     340.00000000000    1.0000000325280
     341.00000000000    1.0000000325280
     342.00000000000    1.0000000325280
     343.00000000000    1.0000000325280
     344.00000000000    1.0000000325280
     345.00000000000    1.0000000325280
     346.00000000000    1.0000000325280
     347.00000000000    1.0000000325280
     348.00000000000    1.0000000325280
     349.00000000000    1.0000000325280
     350.00000000000    1.0000000325280
     351.00000000000    1.0000000325280
     352.00000000000    1.0000000325280
     353.00000000000    1.0000000325280
     354.00000000000    1.0000000325280
     355.00000000000    1.0000000325280
     356.00000000000    1.0000000325280
     357.00000000000    1.0000000325280
     358.00000000000    1.0000000325280
     359.00000000000    1.0000000325280
     360.00000000000    1.0000000325280
     361.00000000000    1.0000000325280
     362.00000000000    1.0000000325280
     363.00000000000    1.0000000325280
     364.00000000000    1.0000000325280
     365.00000000000    1.0000000325280
     366.00000000000    1.0000000325280
     367.00000000000    1.0000000325280
     368.00000000000    1.0000000325280
     369.00000000000    1.0000000325280
     370.00000000000    1.0000000325280
     371.00000000000    1.0000000325280
     372.00000000000    1.0000000325280
     373.00000000000    1.0000000325280
     374.00000000000    1.0000000325280
     375.00000000000    1.0000000325280
     376.00000000000    1.0000000325280
     377.00000000000    1.0000000325280
     378.00000000000    1.0000000325280
     379.00000000000    1.0000000325280
     380.00000000000    1.0000000325280
     381.00000000000    1.0000000325280
     382.00000000000    1.0000000325280
     383.00000000000    1.0000000325280
     384.00000000000    1.0000000325280
     385.00000000000    1.0000000325280
     386.00000000000    1.0000000325280
     387.00000000000    1.0000000325280
     388.00000000000    1.0000000325280
     389.00000000000    1.0000000325280
     390.00000000000    1.0000000325280
     391.00000000000    1.0000000325280
     392.00000000000    1.0000000325280
     393.00000000000    1.0000000325280
     394.00000000000    1.0000000325280
     395.00000000000    1.0000000325280
     396.00000000000    1.0000000325280
     397.00000000000    1.0000000325280
     398.00000000000    1.0000000325280
     399.00000000000    1.0000000325280
     400.00000000000    1.0000000325280
     401.00000000000    1.0000000325280
     402.00000000000    1.0000000325280
     403.00000000000    1.0000000325280
     404.00000000000    1.0000000325280
     405.00000000000    1.0000000325280
     406.00000000000    1.0000000325280
     407.00000000000    1.0000000325280
     408.00000000000    1.0000000325280
     409.00000000000    1.0000000325280
     410.00000000000    1.0000000325280
     411.00000000000    1.0000000325280
     412.00000000000    1.0000000325280
     413.00000000000    1.0000000325280
     414.00000000000    1.0000000325280
     415.00000000000    1.0000000325280
     416.00000000000    1.0000000325280
     417.00000000000    1.0000000325280
     418.00000000000    1.0000000325280
     419.00000000000    1.0000000325280
     420.00000000000    1.0000000325280
     421.00000000000    1.0000000325280
     422.00000000000    1.0000000325280
     423.00000000000    1.0000000325280
     424.00000000000    1.0000000325280
     425.00000000000    1.0000000325280
     426.00000000000    1.0000000325280
     427.00000000000    1.0000000325280
     428.00000000000    1.0000000325280
     429.00000000000    1.0000000325280
     430.00000000000    1.0000000325280
     431.00000000000    1.0000000325280
     432.00000000000    1.0000000325280
     433.00000000000    1.0000000325280
     434.00000000000    1.0000000325280
     435.00000000000    1.0000000325280
     436.00000000000    1.0000000325280
     437.00000000000    1.0000000325280
     438.00000000000    1.0000000325280
     439.00000000000    1.0000000325280
     440.00000000000    1.0000000325280
     441.00000000000    1.0000000325280
     442.00000000000    1.0000000325280
     443.00000000000    1.0000000325280
     444.00000000000    1.0000000325280
     445.00000000000    1.0000000325280
     446.00000000000    1.0000000325280
     447.00000000000    1.0000000325280
     448.00000000000    1.0000000325280
     449.00000000000    1.0000000325280
     450.00000000000    1.0000000325280
     451.00000000000    1.0000000325280
     452.00000000000    1.0000000325280
     453.00000000000    1.0000000325280
     454.00000000000    1.0000000325280
     455.00000000000    1.0000000325280
     456.00000000000    1.0000000325280
     457.00000000000    1.0000000325280
     458.00000000000    1.0000000325280
     459.00000000000    1.0000000325280
     460.00000000000    1.0000000325280
     461.00000000000    1.0000000325280
     462.00000000000    1.0000000325280
     463.00000000000    1.0000000325280
     464.00000000000    1.0000000325280
     465.00000000000    1.0000000325280
     466.00000000000    1.0000000325280
     467.00000000000    1.0000000325280
     468.00000000000    1.0000000325280
     469.00000000000    1.0000000325280
     470.00000000000    1.0000000325280
     471.00000000000    1.0000000325280
     472.00000000000    1.0000000325280
     473.00000000000    1.0000000325280
     474.00000000000    1.0000000325280
     475.00000000000    1.0000000325280
     476.00000000000    1.0000000325280
     477.00000000000    1.0000000325280
     478.00000000000    1.0000000325280
     479.00000000000    1.0000000325280
     480.00000000000    1.0000000325280
     481.00000000000    1.0000000325280
     482.00000000000    1.0000000325280
     483.00000000000    1.0000000325280
     484.00000000000    1.0000000325280
     485.00000000000    1.0000000325280
     486.00000000000    1.0000000325280
     487.00000000000    1.0000000325280
     488.00000000000    1.0000000325280
     489.00000000000    1.0000000325280
     490.00000000000    1.0000000325280
     491.00000000000    1.0000000325280
     492.00000000000    1.0000000325280
     493.00000000000    1.0000000325280
     494.00000000000    1.0000000325280
     495.00000000000    1.0000000325280
     496.00000000000    1.0000000325280
     497.00000000000    1.0000000325280
     498.00000000000    1.0000000325280
     499.00000000000    1.0000000325280
     500.00000000000    1.0000000325280
