    -500.00000000000    1.0000000325280
    -499.00000000000    1.0000000325280
    -498.00000000000    1.0000000325280
    -497.00000000000    1.0000000325280
    -496.00000000000    1.0000000325280
    -495.00000000000    1.0000000325280
    -494.00000000000    1.0000000325280
    -493.00000000000    1.0000000325280
    -492.00000000000    1.0000000325280
    -491.00000000000    1.0000000325280
    -490.00000000000    1.0000000325280
    -489.00000000000    1.0000000325280
    -488.00000000000    1.0000000325280
    -487.00000000000    1.0000000325280
    -486.00000000000    1.0000000325280
    -485.00000000000    1.0000000325280
    -484.00000000000    1.0000000325280
    -483.00000000000    1.0000000325280
    -482.00000000000    1.0000000325280
    -481.00000000000    1.0000000325280
    -480.00000000000    1.0000000325280
    -479.00000000000    1.0000000325280
    -478.00000000000    1.0000000325280
    -477.00000000000    1.0000000325280
    -476.00000000000    1.0000000325280
    -475.00000000000    1.0000000325280
    -474.00000000000    1.0000000325280
    -473.00000000000    1.0000000325280
    -472.00000000000    1.0000000325280
    -471.00000000000    1.0000000325280
    -470.00000000000    1.0000000325280
    -469.00000000000    1.0000000325280
    -468.00000000000    1.0000000325280
    -467.00000000000    1.0000000325280
    -466.00000000000    1.0000000325280
    -465.00000000000    1.0000000325280
    -464.00000000000    1.0000000325280
    -463.00000000000    1.0000000325280
    -462.00000000000    1.0000000325280
    -461.00000000000    1.0000000325280
    -460.00000000000    1.0000000325280
    -459.00000000000    1.0000000325280
    -458.00000000000    1.0000000325280
    -457.00000000000    1.0000000325280
    -456.00000000000    1.0000000325280
    -455.00000000000    1.0000000325280
    -454.00000000000    1.0000000325280
    -453.00000000000    1.0000000325280
    -452.00000000000    1.0000000325280
    -451.00000000000    1.0000000325280
    -450.00000000000    1.0000000325280
    -449.00000000000    1.0000000325280
    -448.00000000000    1.0000000325280
    -447.00000000000    1.0000000325280
    -446.00000000000    1.0000000325280
    -445.00000000000    1.0000000325280
    -444.00000000000    1.0000000325280
    -443.00000000000    1.0000000325280
    -442.00000000000    1.0000000325280
    -441.00000000000    1.0000000325280
    -440.00000000000    1.0000000325280
    -439.00000000000    1.0000000325280
    -438.00000000000    1.0000000325280
    -437.00000000000    1.0000000325280
    -436.00000000000    1.0000000325280
    -435.00000000000    1.0000000325280
    -434.00000000000    1.0000000325280
    -433.00000000000    1.0000000325280
    -432.00000000000    1.0000000325280
    -431.00000000000    1.0000000325280
    -430.00000000000    1.0000000325280
    -429.00000000000    1.0000000325280
    -428.00000000000    1.0000000325280
    -427.00000000000    1.0000000325280
    -426.00000000000    1.0000000325280
    -425.00000000000    1.0000000325280
    -424.00000000000    1.0000000325280
    -423.00000000000    1.0000000325280
    -422.00000000000    1.0000000325280
    -421.00000000000    1.0000000325280
    -420.00000000000    1.0000000325280
    -419.00000000000    1.0000000325280
    -418.00000000000    1.0000000325280
    -417.00000000000    1.0000000325280
    -416.00000000000    1.0000000325280
    -415.00000000000    1.0000000325280
    -414.00000000000    1.0000000325280
    -413.00000000000    1.0000000325280
    -412.00000000000    1.0000000325280
    -411.00000000000    1.0000000325280
    -410.00000000000    1.0000000325280
    -409.00000000000    1.0000000325280
    -408.00000000000    1.0000000325280
    -407.00000000000    1.0000000325280
    -406.00000000000    1.0000000325280
    -405.00000000000    1.0000000325280
    -404.00000000000    1.0000000325280
    -403.00000000000    1.0000000325280
    -402.00000000000    1.0000000325280
    -401.00000000000    1.0000000325280
    -400.00000000000    1.0000000325280
    -399.00000000000    1.0000000325280
    -398.00000000000    1.0000000325280
    -397.00000000000    1.0000000325280
    -396.00000000000    1.0000000325280
    -395.00000000000    1.0000000325280
    -394.00000000000    1.0000000325280
    -393.00000000000    1.0000000325280
    -392.00000000000    1.0000000325280
    -391.00000000000    1.0000000325280
    -390.00000000000    1.0000000325280
    -389.00000000000    1.0000000325280
    -388.00000000000    1.0000000325280
    -387.00000000000    1.0000000325280
    -386.00000000000    1.0000000325280
    -385.00000000000    1.0000000325280
    -384.00000000000    1.0000000325280
    -383.00000000000    1.0000000325280
    -382.00000000000    1.0000000325280
    -381.00000000000    1.0000000325280
    -380.00000000000    1.0000000325280
    -379.00000000000    1.0000000325280
    -378.00000000000    1.0000000325280
    -377.00000000000    1.0000000325280
    -376.00000000000    1.0000000325280
    -375.00000000000    1.0000000325280
    -374.00000000000    1.0000000325280
    -373.00000000000    1.0000000325280
    -372.00000000000    1.0000000325280
    -371.00000000000    1.0000000325280
    -370.00000000000    1.0000000325280
    -369.00000000000    1.0000000325280
    -368.00000000000    1.0000000325280
    -367.00000000000    1.0000000325280
    -366.00000000000    1.0000000325280
    -365.00000000000    1.0000000325280
    -364.00000000000    1.0000000325280
    -363.00000000000    1.0000000325280
    -362.00000000000    1.0000000325280
    -361.00000000000    1.0000000325280
    -360.00000000000    1.0000000325280
    -359.00000000000    1.0000000325280
    -358.00000000000    1.0000000325280
    -357.00000000000    1.0000000325280
    -356.00000000000    1.0000000325280
    -355.00000000000    1.0000000325280
    -354.00000000000    1.0000000325280
    -353.00000000000    1.0000000325280
    -352.00000000000    1.0000000325280
    -351.00000000000    1.0000000325280
    -350.00000000000    1.0000000325280
    -349.00000000000    1.0000000325280
    -348.00000000000    1.0000000325280
    -347.00000000000    1.0000000325280
    -346.00000000000    1.0000000325280
    -345.00000000000    1.0000000325280
    -344.00000000000    1.0000000325280
    -343.00000000000    1.0000000325280
    -342.00000000000    1.0000000325280
    -341.00000000000    1.0000000325280
    -340.00000000000    1.0000000325280
    -339.00000000000    1.0000000325280
    -338.00000000000    1.0000000325280
    -337.00000000000    1.0000000325280
    -336.00000000000    1.0000000325280
    -335.00000000000    1.0000000325280
    -334.00000000000    1.0000000325280
    -333.00000000000    1.0000000325280
    -332.00000000000    1.0000000325280
    -331.00000000000    1.0000000325280
    -330.00000000000    1.0000000325280
    -329.00000000000    1.0000000325280
    -328.00000000000    1.0000000325280
    -327.00000000000    1.0000000325280
    -326.00000000000    1.0000000325280
    -325.00000000000    1.0000000325280
    -324.00000000000    1.0000000325280
    -323.00000000000    1.0000000325280
    -322.00000000000    1.0000000325280
    -321.00000000000    1.0000000325280
    -320.00000000000    1.0000000325280
    -319.00000000000    1.0000000325280
    -318.00000000000    1.0000000325280
    -317.00000000000    1.0000000325280
    -316.00000000000    1.0000000325280
    -315.00000000000    1.0000000325280
    -314.00000000000    1.0000000325280
    -313.00000000000    1.0000000325280
    -312.00000000000    1.0000000325280
    -311.00000000000    1.0000000325280
    -310.00000000000    1.0000000325280
    -309.00000000000    1.0000000325280
    -308.00000000000    1.0000000325280
    -307.00000000000    1.0000000325280
    -306.00000000000    1.0000000325280
    -305.00000000000    1.0000000325280
    -304.00000000000    1.0000000325280
    -303.00000000000    1.0000000325280
    -302.00000000000    1.0000000325280
    -301.00000000000    1.0000000325280
    -300.00000000000    1.0000000325280
    -299.00000000000    1.0000000325280
    -298.00000000000    1.0000000325280
    -297.00000000000    1.0000000325280
    -296.00000000000    1.0000000325280
    -295.00000000000    1.0000000325280
    -294.00000000000    1.0000000325280
    -293.00000000000    1.0000000325280
    -292.00000000000    1.0000000325280
    -291.00000000000    1.0000000325280
    -290.00000000000    1.0000000325280
    -289.00000000000    1.0000000325280
    -288.00000000000    1.0000000325280
    -287.00000000000    1.0000000325280
    -286.00000000000    1.0000000325280
    -285.00000000000    1.0000000325280
    -284.00000000000    1.0000000325280
    -283.00000000000    1.0000000325280
    -282.00000000000    1.0000000325280
    -281.00000000000    1.0000000325280
    -280.00000000000    1.0000000325280
    -279.00000000000    1.0000000325280
    -278.00000000000    1.0000000325280
    -277.00000000000    1.0000000325280
    -276.00000000000    1.0000000325280
    -275.00000000000    1.0000000325280
    -274.00000000000    1.0000000325280
    -273.00000000000    1.0000000325280
    -272.00000000000    1.0000000325280
    -271.00000000000    1.0000000325280
    -270.00000000000    1.0000000325280
    -269.00000000000    1.0000000325280
    -268.00000000000    1.0000000325280
    -267.00000000000    1.0000000325280
    -266.00000000000    1.0000000325280
    -265.00000000000    1.0000000325280
    -264.00000000000    1.0000000325280
    -263.00000000000    1.0000000325280
    -262.00000000000    1.0000000325280
    -261.00000000000    1.0000000325280
    -260.00000000000    1.0000000325280
    -259.00000000000    1.0000000325280
    -258.00000000000    1.0000000325280
    -257.00000000000    1.0000000325280
    -256.00000000000    1.0000000325280
    -255.00000000000    1.0000000325280
    -254.00000000000    1.0000000325280
    -253.00000000000    1.0000000325280
    -252.00000000000    1.0000000325280
    -251.00000000000    1.0000000325280
    -250.00000000000    1.0000000325280
    -249.00000000000    1.0000000325280
    -248.00000000000    1.0000000325280
    -247.00000000000    1.0000000325280
    -246.00000000000    1.0000000325280
    -245.00000000000    1.0000000325280
    -244.00000000000    1.0000000325280
    -243.00000000000    1.0000000325280
    -242.00000000000    1.0000000325280
    -241.00000000000    1.0000000325280
    -240.00000000000    1.0000000325280
    -239.00000000000    1.0000000325280
    -238.00000000000    1.0000000325280
    -237.00000000000    1.0000000325280
    -236.00000000000    1.0000000325280
    -235.00000000000    1.0000000325280
    -234.00000000000    1.0000000325280
    -233.00000000000    1.0000000325280
    -232.00000000000    1.0000000325280
    -231.00000000000    1.0000000325280
    -230.00000000000    1.0000000325280
    -229.00000000000    1.0000000325280
    -228.00000000000    1.0000000325280
    -227.00000000000    1.0000000325280
    -226.00000000000    1.0000000325280
    -225.00000000000    1.0000000325280
    -224.00000000000    1.0000000325280
    -223.00000000000    1.0000000325280
    -222.00000000000    1.0000000325280
    -221.00000000000    1.0000000325280
    -220.00000000000    1.0000000325280
    -219.00000000000    1.0000000325280
    -218.00000000000    1.0000000325280
    -217.00000000000    1.0000000325280
    -216.00000000000    1.0000000325280
    -215.00000000000    1.0000000325280
    -214.00000000000    1.0000000325280
    -213.00000000000    1.0000000325280
    -212.00000000000    1.0000000325280
    -211.00000000000    1.0000000325280
    -210.00000000000    1.0000000325280
    -209.00000000000    1.0000000325280
    -208.00000000000    1.0000000325280
    -207.00000000000    1.0000000325280
    -206.00000000000    1.0000000325280
    -205.00000000000    1.0000000325280
    -204.00000000000    1.0000000325280
    -203.00000000000    1.0000000325280
    -202.00000000000    1.0000000325280
    -201.00000000000    1.0000000325280
    -200.00000000000    1.0000000325280
    -199.00000000000    1.0000000325280
    -198.00000000000    1.0000000325280
    -197.00000000000    1.0000000325280
    -196.00000000000    1.0000000325280
    -195.00000000000    1.0000000325280
    -194.00000000000    1.0000000325280
    -193.00000000000    1.0000000325280
    -192.00000000000    1.0000000325280
    -191.00000000000    1.0000000325280
    -190.00000000000    1.0000000325280
    -189.00000000000    1.0000000325280
    -188.00000000000    1.0000000325280
    -187.00000000000    1.0000000325280
    -186.00000000000    1.0000000325280
    -185.00000000000    1.0000000325280
    -184.00000000000    1.0000000325280
    -183.00000000000    1.0000000325280
    -182.00000000000    1.0000000325280
    -181.00000000000    1.0000000325280
    -180.00000000000    1.0000000325280
    -179.00000000000    1.0000000325280
    -178.00000000000    1.0000000325280
    -177.00000000000    1.0000000325280
    -176.00000000000    1.0000000325280
    -175.00000000000    1.0000000325280
    -174.00000000000    1.0000000325280
    -173.00000000000    1.0000000325280
    -172.00000000000    1.0000000325280
    -171.00000000000    1.0000000325279
    -170.00000000000    1.0000000325277
    -169.00000000000    1.0000000325269
    -168.00000000000    1.0000000325240
    -167.00000000000    1.0000000325135
    -166.00000000000    1.0000000324776
    -165.00000000000    1.0000000323598
    -164.00000000000    1.0000000319904
    -163.00000000000    1.0000000308824
    -162.00000000000    1.0000000277012
    -161.00000000000    1.0000000189595
    -160.00000000000   0.99999999596834
    -159.00000000000   0.99999993808633
    -158.00000000000   0.99999979858333
    -157.00000000000   0.99999947667645
    -156.00000000000   0.99999876539835
    -155.00000000000   0.99999726026743
    -154.00000000000   0.99999420951603
    -153.00000000000   0.99998828545484
    -152.00000000000   0.99997726226571
    -151.00000000000   0.99995760244641
    -150.00000000000   0.99992398510151
    -149.00000000000   0.99986885268266
    -148.00000000000   0.99978209981073
    -147.00000000000   0.99965106164553
    -146.00000000000   0.99946095831305
    -145.00000000000   0.99919589771709
    -144.00000000000   0.99884042708097
    -143.00000000000   0.99838147180917
    -142.00000000000   0.99781035015559
    -141.00000000000   0.99712445781356
    -140.00000000000   0.99632822416018
    -139.00000000000   0.99543306786253
    -138.00000000000   0.99445629783945
    -137.00000000000   0.99341915287639
    -136.00000000000   0.99234437163345
    -135.00000000000   0.99125377248116
    -134.00000000000   0.99016627784107
    -133.00000000000   0.98909666547016
    -132.00000000000   0.98805512766461
    -131.00000000000   0.98704753463678
    -130.00000000000   0.98607617901756
    -129.00000000000   0.98514074218601
    -128.00000000000   0.98423925760730
    -127.00000000000   0.98336892137250
    -126.00000000000   0.98252668291065
    -125.00000000000   0.98170961553717
    -124.00000000000   0.98091510663882
    -123.00000000000   0.98014092194780
    -122.00000000000   0.97938519511509
    -121.00000000000   0.97864638165477
    -120.00000000000   0.97792320240644
    -119.00000000000   0.97721459001920
    -118.00000000000   0.97651964399428
    -117.00000000000   0.97583759526647
    -116.00000000000   0.97516777920540
    -115.00000000000   0.97450961528020
    -114.00000000000   0.97386259170486
    -113.00000000000   0.97322625370884
    -112.00000000000   0.97260019443137
    -111.00000000000   0.97198404772916
    -110.00000000000   0.97137748240173
    -109.00000000000   0.97078019748748
    -108.00000000000   0.97019191838355
    -107.00000000000   0.96961239361086
    -106.00000000000   0.96904139209204
   -105.000000000000   0.96847870084226
   -104.000000000000   0.96792412299642
   -103.000000000000   0.96737747611262
   -102.000000000000   0.96683859070506
   -101.000000000000   0.96630730896826
   -100.000000000000   0.96578348366255
    -99.000000000000   0.96526697713583
    -98.000000000000   0.96475766046152
    -97.000000000000   0.96425541267588
    -96.000000000000   0.96376012010080
    -95.000000000000   0.96327167574047
    -94.000000000000   0.96278997874218
    -93.000000000000   0.96231493391290
    -92.000000000000   0.96184645128471
    -91.000000000000   0.96138444572315
    -90.000000000000   0.96092883657321
    -89.000000000000   0.96047954733873
    -88.000000000000   0.96003650539129
    -87.000000000000   0.95959964170532
    -86.000000000000   0.95916889061667
    -85.000000000000   0.95874418960193
    -84.000000000000   0.95832547907656
    -83.000000000000   0.95791270220971
    -82.000000000000   0.95750580475418
    -81.000000000000   0.95710473488998
    -80.000000000000   0.95670944308010
    -79.000000000000   0.95631988193756
    -78.000000000000   0.95593600610232
    -77.000000000000   0.95555777212759
    -76.000000000000   0.95518513837426
    -75.000000000000   0.95481806491309
    -74.000000000000   0.95445651343373
    -73.000000000000   0.95410044716016
    -72.000000000000   0.95374983077188
    -71.000000000000   0.95340463033046
    -70.000000000000   0.95306481321101
    -69.000000000000   0.95273034803809
    -68.000000000000   0.95240120462582
    -67.000000000000   0.95207735392180
    -66.000000000000   0.95175876795455
    -65.000000000000   0.95144541978425
    -64.000000000000   0.95113728345643
    -63.000000000000   0.95083433395859
    -62.000000000000   0.95053654717923
    -61.000000000000   0.95024389986953
    -60.000000000000   0.94995636960701
    -59.000000000000   0.94967393476155
    -58.000000000000   0.94939657446312
    -57.000000000000   0.94912426857146
    -56.000000000000   0.94885699764745
    -55.000000000000   0.94859474292598
    -54.000000000000   0.94833748629041
    -53.000000000000   0.94808521024833
    -52.000000000000   0.94783789790862
    -51.000000000000   0.94759553295985
    -50.000000000000   0.94735809964964
    -49.000000000000   0.94712558276523
    -48.000000000000   0.94689796761501
    -47.000000000000   0.94667524001102
    -46.000000000000   0.94645738625231
    -45.000000000000   0.94624439310917
    -44.000000000000   0.94603624780819
    -43.000000000000   0.94583293801800
    -42.000000000000   0.94563445183574
    -41.000000000000   0.94544077777429
    -40.000000000000   0.94525190475000
    -39.000000000000   0.94506782207111
    -38.000000000000   0.94488851942671
    -37.000000000000   0.94471398687630
    -36.000000000000   0.94454421483974
    -35.000000000000   0.94437919408783
    -34.000000000000   0.94421891573325
    -33.000000000000   0.94406337122203
    -32.000000000000   0.94391255232535
    -31.000000000000   0.94376645113183
    -30.000000000000   0.94362506004014
    -29.000000000000   0.94348837175201
    -28.000000000000   0.94335637926561
    -27.000000000000   0.94322907586919
    -26.000000000000   0.94310645513514
    -25.000000000000   0.94298851091430
    -24.000000000000   0.94287523733057
    -23.000000000000   0.94276662877580
    -22.000000000000   0.94266267990503
    -21.000000000000   0.94256338563187
    -20.000000000000   0.94246874112422
    -19.000000000000   0.94237874180023
    -18.000000000000   0.94229338332447
    -17.000000000000   0.94221266160435
    -16.000000000000   0.94213657278675
    -15.000000000000   0.94206511325487
    -14.000000000000   0.94199827962531
    -13.000000000000   0.94193606874532
    -12.000000000000   0.94187847769029
    -11.000000000000   0.94182550376138
   -10.0000000000000   0.94177714448342
    -9.0000000000000   0.94173339760288
    -8.0000000000000   0.94169426108618
    -7.0000000000000   0.94165973311801
    -6.0000000000000   0.94162981209994
    -5.0000000000000   0.94160449664919
    -4.0000000000000   0.94158378559752
    -3.0000000000000   0.94156767799032
    -2.0000000000000   0.94155617308590
    -1.0000000000000   0.94154927035489
   0.   0.94154696947981
     1.0000000000000   0.94154927035489
     2.0000000000000   0.94155617308590
     3.0000000000000   0.94156767799032
     4.0000000000000   0.94158378559752
     5.0000000000000   0.94160449664919
     6.0000000000000   0.94162981209994
     7.0000000000000   0.94165973311801
     8.0000000000000   0.94169426108618
     9.0000000000000   0.94173339760288
    10.0000000000000   0.94177714448342
     11.000000000000   0.94182550376139
     12.000000000000   0.94187847769029
     13.000000000000   0.94193606874532
     14.000000000000   0.94199827962531
     15.000000000000   0.94206511325487
     16.000000000000   0.94213657278675
     17.000000000000   0.94221266160435
     18.000000000000   0.94229338332447
     19.000000000000   0.94237874180023
     20.000000000000   0.94246874112422
     21.000000000000   0.94256338563187
     22.000000000000   0.94266267990503
     23.000000000000   0.94276662877580
     24.000000000000   0.94287523733057
     25.000000000000   0.94298851091430
     26.000000000000   0.94310645513514
     27.000000000000   0.94322907586919
     28.000000000000   0.94335637926561
     29.000000000000   0.94348837175201
     30.000000000000   0.94362506004014
     31.000000000000   0.94376645113183
     32.000000000000   0.94391255232535
     33.000000000000   0.94406337122203
     34.000000000000   0.94421891573325
     35.000000000000   0.94437919408783
     36.000000000000   0.94454421483974
     37.000000000000   0.94471398687630
     38.000000000000   0.94488851942671
     39.000000000000   0.94506782207111
     40.000000000000   0.94525190475000
     41.000000000000   0.94544077777429
     42.000000000000   0.94563445183574
     43.000000000000   0.94583293801799
     44.000000000000   0.94603624780819
     45.000000000000   0.94624439310917
     46.000000000000   0.94645738625231
     47.000000000000   0.94667524001102
     48.000000000000   0.94689796761501
     49.000000000000   0.94712558276523
     50.000000000000   0.94735809964964
     51.000000000000   0.94759553295985
     52.000000000000   0.94783789790862
     53.000000000000   0.94808521024833
     54.000000000000   0.94833748629041
     55.000000000000   0.94859474292598
     56.000000000000   0.94885699764745
     57.000000000000   0.94912426857146
     58.000000000000   0.94939657446312
     59.000000000000   0.94967393476155
     60.000000000000   0.94995636960701
     61.000000000000   0.95024389986953
     62.000000000000   0.95053654717923
     63.000000000000   0.95083433395859
     64.000000000000   0.95113728345643
     65.000000000000   0.95144541978425
     66.000000000000   0.95175876795455
     67.000000000000   0.95207735392180
     68.000000000000   0.95240120462582
     69.000000000000   0.95273034803809
     70.000000000000   0.95306481321101
     71.000000000000   0.95340463033046
     72.000000000000   0.95374983077188
     73.000000000000   0.95410044716016
     74.000000000000   0.95445651343373
     75.000000000000   0.95481806491309
     76.000000000000   0.95518513837426
     77.000000000000   0.95555777212759
     78.000000000000   0.95593600610232
     79.000000000000   0.95631988193756
     80.000000000000   0.95670944308011
     81.000000000000   0.95710473488998
     82.000000000000   0.95750580475418
     83.000000000000   0.95791270220971
     84.000000000000   0.95832547907656
     85.000000000000   0.95874418960193
     86.000000000000   0.95916889061667
     87.000000000000   0.95959964170532
     88.000000000000   0.96003650539129
     89.000000000000   0.96047954733873
     90.000000000000   0.96092883657321
     91.000000000000   0.96138444572315
     92.000000000000   0.96184645128471
     93.000000000000   0.96231493391290
     94.000000000000   0.96278997874218
     95.000000000000   0.96327167574047
     96.000000000000   0.96376012010080
     97.000000000000   0.96425541267588
     98.000000000000   0.96475766046152
     99.000000000000   0.96526697713583
    100.000000000000   0.96578348366255
    101.000000000000   0.96630730896826
    102.000000000000   0.96683859070506
    103.000000000000   0.96737747611262
    104.000000000000   0.96792412299642
    105.000000000000   0.96847870084226
     106.00000000000   0.96904139209204
     107.00000000000   0.96961239361086
     108.00000000000   0.97019191838355
     109.00000000000   0.97078019748748
     110.00000000000   0.97137748240173
     111.00000000000   0.97198404772916
     112.00000000000   0.97260019443137
     113.00000000000   0.97322625370884
     114.00000000000   0.97386259170486
     115.00000000000   0.97450961528020
     116.00000000000   0.97516777920540
     117.00000000000   0.97583759526647
     118.00000000000   0.97651964399428
     119.00000000000   0.97721459001920
     120.00000000000   0.97792320240644
     121.00000000000   0.97864638165477
     122.00000000000   0.97938519511509
     123.00000000000   0.98014092194780
     124.00000000000   0.98091510663882
     125.00000000000   0.98170961553717
     126.00000000000   0.98252668291065
     127.00000000000   0.98336892137250
     128.00000000000   0.98423925760730
     129.00000000000   0.98514074218601
     130.00000000000   0.98607617901756
     131.00000000000   0.98704753463678
     132.00000000000   0.98805512766461
     133.00000000000   0.98909666547016
     134.00000000000   0.99016627784107
     135.00000000000   0.99125377248115
     136.00000000000   0.99234437163345
     137.00000000000   0.99341915287639
     138.00000000000   0.99445629783945
     139.00000000000   0.99543306786253
     140.00000000000   0.99632822416018
     141.00000000000   0.99712445781356
     142.00000000000   0.99781035015559
     143.00000000000   0.99838147180917
     144.00000000000   0.99884042708097
     145.00000000000   0.99919589771709
     146.00000000000   0.99946095831305
     147.00000000000   0.99965106164553
     148.00000000000   0.99978209981073
     149.00000000000   0.99986885268266
     150.00000000000   0.99992398510151
     151.00000000000   0.99995760244641
     152.00000000000   0.99997726226571
     153.00000000000   0.99998828545484
     154.00000000000   0.99999420951603
     155.00000000000   0.99999726026743
     156.00000000000   0.99999876539835
     157.00000000000   0.99999947667645
     158.00000000000   0.99999979858333
     159.00000000000   0.99999993808633
     160.00000000000   0.99999999596834
     161.00000000000    1.0000000189595
     162.00000000000    1.0000000277012
     163.00000000000    1.0000000308824
     164.00000000000    1.0000000319904
     165.00000000000    1.0000000323598
     166.00000000000    1.0000000324776
     167.00000000000    1.0000000325135
     168.00000000000    1.0000000325240
     169.00000000000    1.0000000325269
     170.00000000000    1.0000000325277
     171.00000000000    1.0000000325279
     172.00000000000    1.0000000325280
     173.00000000000    1.0000000325280
     174.00000000000    1.0000000325280
     175.00000000000    1.0000000325280
     176.00000000000    1.0000000325280
     177.00000000000    1.0000000325280
     178.00000000000    1.0000000325280
     179.00000000000    1.0000000325280
     180.00000000000    1.0000000325280
     181.00000000000    1.0000000325280
     182.00000000000    1.0000000325280
     183.00000000000    1.0000000325280
     184.00000000000    1.0000000325280
     185.00000000000    1.0000000325280
     186.00000000000    1.0000000325280
     187.00000000000    1.0000000325280
     188.00000000000    1.0000000325280
     189.00000000000    1.0000000325280
     190.00000000000    1.0000000325280
     191.00000000000    1.0000000325280
     192.00000000000    1.0000000325280
     193.00000000000    1.0000000325280
     194.00000000000    1.0000000325280
     195.00000000000    1.0000000325280
     196.00000000000    1.0000000325280
     197.00000000000    1.0000000325280
     198.00000000000    1.0000000325280
     199.00000000000    1.0000000325280
     200.00000000000    1.0000000325280
     201.00000000000    1.0000000325280
     202.00000000000    1.0000000325280
     203.00000000000    1.0000000325280
     204.00000000000    1.0000000325280
     205.00000000000    1.0000000325280
     206.00000000000    1.0000000325280
     207.00000000000    1.0000000325280
     208.00000000000    1.0000000325280
     209.00000000000    1.0000000325280
     210.00000000000    1.0000000325280
     211.00000000000    1.0000000325280
     212.00000000000    1.0000000325280
     213.00000000000    1.0000000325280
     214.00000000000    1.0000000325280
     215.00000000000    1.0000000325280
     216.00000000000    1.0000000325280
     217.00000000000    1.0000000325280
     218.00000000000    1.0000000325280
     219.00000000000    1.0000000325280
     220.00000000000    1.0000000325280
     221.00000000000    1.0000000325280
     222.00000000000    1.0000000325280
     223.00000000000    1.0000000325280
     224.00000000000    1.0000000325280
     225.00000000000    1.0000000325280
     226.00000000000    1.0000000325280
     227.00000000000    1.0000000325280
     228.00000000000    1.0000000325280
     229.00000000000    1.0000000325280
     230.00000000000    1.0000000325280
     231.00000000000    1.0000000325280
     232.00000000000    1.0000000325280
     233.00000000000    1.0000000325280
     234.00000000000    1.0000000325280
     235.00000000000    1.0000000325280
     236.00000000000    1.0000000325280
     237.00000000000    1.0000000325280
     238.00000000000    1.0000000325280
     239.00000000000    1.0000000325280
     240.00000000000    1.0000000325280
     241.00000000000    1.0000000325280
     242.00000000000    1.0000000325280
     243.00000000000    1.0000000325280
     244.00000000000    1.0000000325280
     245.00000000000    1.0000000325280
     246.00000000000    1.0000000325280
     247.00000000000    1.0000000325280
     248.00000000000    1.0000000325280
     249.00000000000    1.0000000325280
     250.00000000000    1.0000000325280
     251.00000000000    1.0000000325280
     252.00000000000    1.0000000325280
     253.00000000000    1.0000000325280
     254.00000000000    1.0000000325280
     255.00000000000    1.0000000325280
     256.00000000000    1.0000000325280
     257.00000000000    1.0000000325280
     258.00000000000    1.0000000325280
     259.00000000000    1.0000000325280
     260.00000000000    1.0000000325280
     261.00000000000    1.0000000325280
     262.00000000000    1.0000000325280
     263.00000000000    1.0000000325280
     264.00000000000    1.0000000325280
     265.00000000000    1.0000000325280
     266.00000000000    1.0000000325280
     267.00000000000    1.0000000325280
     268.00000000000    1.0000000325280
     269.00000000000    1.0000000325280
     270.00000000000    1.0000000325280
     271.00000000000    1.0000000325280
     272.00000000000    1.0000000325280
     273.00000000000    1.0000000325280
     274.00000000000    1.0000000325280
     275.00000000000    1.0000000325280
     276.00000000000    1.0000000325280
     277.00000000000    1.0000000325280
     278.00000000000    1.0000000325280
     279.00000000000    1.0000000325280
     280.00000000000    1.0000000325280
     281.00000000000    1.0000000325280
     282.00000000000    1.0000000325280
     283.00000000000    1.0000000325280
     284.00000000000    1.0000000325280
     285.00000000000    1.0000000325280
     286.00000000000    1.0000000325280
     287.00000000000    1.0000000325280
     288.00000000000    1.0000000325280
     289.00000000000    1.0000000325280
     290.00000000000    1.0000000325280
     291.00000000000    1.0000000325280
     292.00000000000    1.0000000325280
     293.00000000000    1.0000000325280
     294.00000000000    1.0000000325280
     295.00000000000    1.0000000325280
     296.00000000000    1.0000000325280
     297.00000000000    1.0000000325280
     298.00000000000    1.0000000325280
     299.00000000000    1.0000000325280
     300.00000000000    1.0000000325280
     301.00000000000    1.0000000325280
     302.00000000000    1.0000000325280
     303.00000000000    1.0000000325280
     304.00000000000    1.0000000325280
     305.00000000000    1.0000000325280
     306.00000000000    1.0000000325280
     307.00000000000    1.0000000325280
     308.00000000000    1.0000000325280
     309.00000000000    1.0000000325280
     310.00000000000    1.0000000325280
     311.00000000000    1.0000000325280
     312.00000000000    1.0000000325280
     313.00000000000    1.0000000325280
     314.00000000000    1.0000000325280
     315.00000000000    1.0000000325280
     316.00000000000    1.0000000325280
     317.00000000000    1.0000000325280
     318.00000000000    1.0000000325280
     319.00000000000    1.0000000325280
     320.00000000000    1.0000000325280
     321.00000000000    1.0000000325280
     322.00000000000    1.0000000325280
     323.00000000000    1.0000000325280
     324.00000000000    1.0000000325280
     325.00000000000    1.0000000325280
     326.00000000000    1.0000000325280
     327.00000000000    1.0000000325280
     328.00000000000    1.0000000325280
     329.00000000000    1.0000000325280
     330.00000000000    1.0000000325280
     331.00000000000    1.0000000325280
     332.00000000000    1.0000000325280
     333.00000000000    1.0000000325280
     334.00000000000    1.0000000325280
     335.00000000000    1.0000000325280
     336.00000000000    1.0000000325280
     337.00000000000    1.0000000325280
     338.00000000000    1.0000000325280
     339.00000000000    1.0000000325280
     340.00000000000    1.0000000325280
     341.00000000000    1.0000000325280
     342.00000000000    1.0000000325280
     343.00000000000    1.0000000325280
     344.00000000000    1.0000000325280
     345.00000000000    1.0000000325280
     346.00000000000    1.0000000325280
     347.00000000000    1.0000000325280
     348.00000000000    1.0000000325280
     349.00000000000    1.0000000325280
     350.00000000000    1.0000000325280
     351.00000000000    1.0000000325280
     352.00000000000    1.0000000325280
     353.00000000000    1.0000000325280
     354.00000000000    1.0000000325280
     355.00000000000    1.0000000325280
     356.00000000000    1.0000000325280
     357.00000000000    1.0000000325280
     358.00000000000    1.0000000325280
     359.00000000000    1.0000000325280
     360.00000000000    1.0000000325280
     361.00000000000    1.0000000325280
     362.00000000000    1.0000000325280
     363.00000000000    1.0000000325280
     364.00000000000    1.0000000325280
     365.00000000000    1.0000000325280
     366.00000000000    1.0000000325280
     367.00000000000    1.0000000325280
     368.00000000000    1.0000000325280
     369.00000000000    1.0000000325280
     370.00000000000    1.0000000325280
     371.00000000000    1.0000000325280
     372.00000000000    1.0000000325280
     373.00000000000    1.0000000325280
     374.00000000000    1.0000000325280
     375.00000000000    1.0000000325280
     376.00000000000    1.0000000325280
     377.00000000000    1.0000000325280
     378.00000000000    1.0000000325280
     379.00000000000    1.0000000325280
     380.00000000000    1.0000000325280
     381.00000000000    1.0000000325280
     382.00000000000    1.0000000325280
     383.00000000000    1.0000000325280
     384.00000000000    1.0000000325280
     385.00000000000    1.0000000325280
     386.00000000000    1.0000000325280
     387.00000000000    1.0000000325280
     388.00000000000    1.0000000325280
     389.00000000000    1.0000000325280
     390.00000000000    1.0000000325280
     391.00000000000    1.0000000325280
     392.00000000000    1.0000000325280
     393.00000000000    1.0000000325280
     394.00000000000    1.0000000325280
     395.00000000000    1.0000000325280
     396.00000000000    1.0000000325280
     397.00000000000    1.0000000325280
     398.00000000000    1.0000000325280
     399.00000000000    1.0000000325280
     400.00000000000    1.0000000325280
     401.00000000000    1.0000000325280
     402.00000000000    1.0000000325280
     403.00000000000    1.0000000325280
     404.00000000000    1.0000000325280
     405.00000000000    1.0000000325280
     406.00000000000    1.0000000325280
     407.00000000000    1.0000000325280
     408.00000000000    1.0000000325280
     409.00000000000    1.0000000325280
     410.00000000000    1.0000000325280
     411.00000000000    1.0000000325280
     412.00000000000    1.0000000325280
     413.00000000000    1.0000000325280
     414.00000000000    1.0000000325280
     415.00000000000    1.0000000325280
     416.00000000000    1.0000000325280
     417.00000000000    1.0000000325280
     418.00000000000    1.0000000325280
     419.00000000000    1.0000000325280
     420.00000000000    1.0000000325280
     421.00000000000    1.0000000325280
     422.00000000000    1.0000000325280
     423.00000000000    1.0000000325280
     424.00000000000    1.0000000325280
     425.00000000000    1.0000000325280
     426.00000000000    1.0000000325280
     427.00000000000    1.0000000325280
     428.00000000000    1.0000000325280
     429.00000000000    1.0000000325280
     430.00000000000    1.0000000325280
     431.00000000000    1.0000000325280
     432.00000000000    1.0000000325280
     433.00000000000    1.0000000325280
     434.00000000000    1.0000000325280
     435.00000000000    1.0000000325280
     436.00000000000    1.0000000325280
     437.00000000000    1.0000000325280
     438.00000000000    1.0000000325280
     439.00000000000    1.0000000325280
     440.00000000000    1.0000000325280
     441.00000000000    1.0000000325280
     442.00000000000    1.0000000325280
     443.00000000000    1.0000000325280
     444.00000000000    1.0000000325280
     445.00000000000    1.0000000325280
     446.00000000000    1.0000000325280
     447.00000000000    1.0000000325280
     448.00000000000    1.0000000325280
     449.00000000000    1.0000000325280
     450.00000000000    1.0000000325280
     451.00000000000    1.0000000325280
     452.00000000000    1.0000000325280
     453.00000000000    1.0000000325280
     454.00000000000    1.0000000325280
     455.00000000000    1.0000000325280
     456.00000000000    1.0000000325280
     457.00000000000    1.0000000325280
     458.00000000000    1.0000000325280
     459.00000000000    1.0000000325280
     460.00000000000    1.0000000325280
     461.00000000000    1.0000000325280
     462.00000000000    1.0000000325280
     463.00000000000    1.0000000325280
     464.00000000000    1.0000000325280
     465.00000000000    1.0000000325280
     466.00000000000    1.0000000325280
     467.00000000000    1.0000000325280
     468.00000000000    1.0000000325280
     469.00000000000    1.0000000325280
     470.00000000000    1.0000000325280
     471.00000000000    1.0000000325280
     472.00000000000    1.0000000325280
     473.00000000000    1.0000000325280
     474.00000000000    1.0000000325280
     475.00000000000    1.0000000325280
     476.00000000000    1.0000000325280
     477.00000000000    1.0000000325280
     478.00000000000    1.0000000325280
     479.00000000000    1.0000000325280
     480.00000000000    1.0000000325280
     481.00000000000    1.0000000325280
     482.00000000000    1.0000000325280
     483.00000000000    1.0000000325280
     484.00000000000    1.0000000325280
     485.00000000000    1.0000000325280
     486.00000000000    1.0000000325280
     487.00000000000    1.0000000325280
     488.00000000000    1.0000000325280
     489.00000000000    1.0000000325280
     490.00000000000    1.0000000325280
     491.00000000000    1.0000000325280
     492.00000000000    1.0000000325280
     493.00000000000    1.0000000325280
     494.00000000000    1.0000000325280
     495.00000000000    1.0000000325280
     496.00000000000    1.0000000325280
     497.00000000000    1.0000000325280
     498.00000000000    1.0000000325280
     499.00000000000    1.0000000325280
     500.00000000000    1.0000000325280
