    -500.00000000000    1.0000000325280
    -499.00000000000    1.0000000325280
    -498.00000000000    1.0000000325280
    -497.00000000000    1.0000000325280
    -496.00000000000    1.0000000325280
    -495.00000000000    1.0000000325280
    -494.00000000000    1.0000000325280
    -493.00000000000    1.0000000325280
    -492.00000000000    1.0000000325280
    -491.00000000000    1.0000000325280
    -490.00000000000    1.0000000325280
    -489.00000000000    1.0000000325280
    -488.00000000000    1.0000000325280
    -487.00000000000    1.0000000325280
    -486.00000000000    1.0000000325280
    -485.00000000000    1.0000000325280
    -484.00000000000    1.0000000325280
    -483.00000000000    1.0000000325280
    -482.00000000000    1.0000000325280
    -481.00000000000    1.0000000325280
    -480.00000000000    1.0000000325280
    -479.00000000000    1.0000000325280
    -478.00000000000    1.0000000325280
    -477.00000000000    1.0000000325280
    -476.00000000000    1.0000000325280
    -475.00000000000    1.0000000325280
    -474.00000000000    1.0000000325280
    -473.00000000000    1.0000000325280
    -472.00000000000    1.0000000325280
    -471.00000000000    1.0000000325280
    -470.00000000000    1.0000000325280
    -469.00000000000    1.0000000325280
    -468.00000000000    1.0000000325280
    -467.00000000000    1.0000000325280
    -466.00000000000    1.0000000325280
    -465.00000000000    1.0000000325280
    -464.00000000000    1.0000000325280
    -463.00000000000    1.0000000325280
    -462.00000000000    1.0000000325280
    -461.00000000000    1.0000000325280
    -460.00000000000    1.0000000325280
    -459.00000000000    1.0000000325280
    -458.00000000000    1.0000000325280
    -457.00000000000    1.0000000325280
    -456.00000000000    1.0000000325280
    -455.00000000000    1.0000000325280
    -454.00000000000    1.0000000325280
    -453.00000000000    1.0000000325280
    -452.00000000000    1.0000000325280
    -451.00000000000    1.0000000325280
    -450.00000000000    1.0000000325280
    -449.00000000000    1.0000000325280
    -448.00000000000    1.0000000325280
    -447.00000000000    1.0000000325280
    -446.00000000000    1.0000000325280
    -445.00000000000    1.0000000325280
    -444.00000000000    1.0000000325280
    -443.00000000000    1.0000000325280
    -442.00000000000    1.0000000325280
    -441.00000000000    1.0000000325280
    -440.00000000000    1.0000000325280
    -439.00000000000    1.0000000325280
    -438.00000000000    1.0000000325280
    -437.00000000000    1.0000000325280
    -436.00000000000    1.0000000325280
    -435.00000000000    1.0000000325280
    -434.00000000000    1.0000000325280
    -433.00000000000    1.0000000325280
    -432.00000000000    1.0000000325280
    -431.00000000000    1.0000000325280
    -430.00000000000    1.0000000325280
    -429.00000000000    1.0000000325280
    -428.00000000000    1.0000000325280
    -427.00000000000    1.0000000325280
    -426.00000000000    1.0000000325280
    -425.00000000000    1.0000000325280
    -424.00000000000    1.0000000325280
    -423.00000000000    1.0000000325280
    -422.00000000000    1.0000000325280
    -421.00000000000    1.0000000325280
    -420.00000000000    1.0000000325280
    -419.00000000000    1.0000000325280
    -418.00000000000    1.0000000325280
    -417.00000000000    1.0000000325280
    -416.00000000000    1.0000000325280
    -415.00000000000    1.0000000325280
    -414.00000000000    1.0000000325280
    -413.00000000000    1.0000000325280
    -412.00000000000    1.0000000325280
    -411.00000000000    1.0000000325280
    -410.00000000000    1.0000000325280
    -409.00000000000    1.0000000325280
    -408.00000000000    1.0000000325280
    -407.00000000000    1.0000000325280
    -406.00000000000    1.0000000325280
    -405.00000000000    1.0000000325280
    -404.00000000000    1.0000000325280
    -403.00000000000    1.0000000325280
    -402.00000000000    1.0000000325280
    -401.00000000000    1.0000000325280
    -400.00000000000    1.0000000325280
    -399.00000000000    1.0000000325280
    -398.00000000000    1.0000000325280
    -397.00000000000    1.0000000325280
    -396.00000000000    1.0000000325280
    -395.00000000000    1.0000000325280
    -394.00000000000    1.0000000325280
    -393.00000000000    1.0000000325280
    -392.00000000000    1.0000000325280
    -391.00000000000    1.0000000325280
    -390.00000000000    1.0000000325280
    -389.00000000000    1.0000000325280
    -388.00000000000    1.0000000325280
    -387.00000000000    1.0000000325280
    -386.00000000000    1.0000000325280
    -385.00000000000    1.0000000325280
    -384.00000000000    1.0000000325280
    -383.00000000000    1.0000000325280
    -382.00000000000    1.0000000325280
    -381.00000000000    1.0000000325280
    -380.00000000000    1.0000000325280
    -379.00000000000    1.0000000325280
    -378.00000000000    1.0000000325280
    -377.00000000000    1.0000000325280
    -376.00000000000    1.0000000325280
    -375.00000000000    1.0000000325280
    -374.00000000000    1.0000000325280
    -373.00000000000    1.0000000325280
    -372.00000000000    1.0000000325280
    -371.00000000000    1.0000000325280
    -370.00000000000    1.0000000325280
    -369.00000000000    1.0000000325280
    -368.00000000000    1.0000000325280
    -367.00000000000    1.0000000325280
    -366.00000000000    1.0000000325280
    -365.00000000000    1.0000000325280
    -364.00000000000    1.0000000325280
    -363.00000000000    1.0000000325280
    -362.00000000000    1.0000000325280
    -361.00000000000    1.0000000325280
    -360.00000000000    1.0000000325280
    -359.00000000000    1.0000000325280
    -358.00000000000    1.0000000325280
    -357.00000000000    1.0000000325280
    -356.00000000000    1.0000000325280
    -355.00000000000    1.0000000325280
    -354.00000000000    1.0000000325280
    -353.00000000000    1.0000000325280
    -352.00000000000    1.0000000325280
    -351.00000000000    1.0000000325280
    -350.00000000000    1.0000000325280
    -349.00000000000    1.0000000325280
    -348.00000000000    1.0000000325280
    -347.00000000000    1.0000000325280
    -346.00000000000    1.0000000325280
    -345.00000000000    1.0000000325280
    -344.00000000000    1.0000000325280
    -343.00000000000    1.0000000325280
    -342.00000000000    1.0000000325280
    -341.00000000000    1.0000000325280
    -340.00000000000    1.0000000325280
    -339.00000000000    1.0000000325280
    -338.00000000000    1.0000000325280
    -337.00000000000    1.0000000325280
    -336.00000000000    1.0000000325280
    -335.00000000000    1.0000000325280
    -334.00000000000    1.0000000325280
    -333.00000000000    1.0000000325280
    -332.00000000000    1.0000000325280
    -331.00000000000    1.0000000325280
    -330.00000000000    1.0000000325280
    -329.00000000000    1.0000000325280
    -328.00000000000    1.0000000325280
    -327.00000000000    1.0000000325280
    -326.00000000000    1.0000000325280
    -325.00000000000    1.0000000325280
    -324.00000000000    1.0000000325280
    -323.00000000000    1.0000000325280
    -322.00000000000    1.0000000325280
    -321.00000000000    1.0000000325280
    -320.00000000000    1.0000000325280
    -319.00000000000    1.0000000325280
    -318.00000000000    1.0000000325280
    -317.00000000000    1.0000000325280
    -316.00000000000    1.0000000325280
    -315.00000000000    1.0000000325280
    -314.00000000000    1.0000000325280
    -313.00000000000    1.0000000325280
    -312.00000000000    1.0000000325280
    -311.00000000000    1.0000000325280
    -310.00000000000    1.0000000325280
    -309.00000000000    1.0000000325280
    -308.00000000000    1.0000000325280
    -307.00000000000    1.0000000325280
    -306.00000000000    1.0000000325280
    -305.00000000000    1.0000000325280
    -304.00000000000    1.0000000325280
    -303.00000000000    1.0000000325280
    -302.00000000000    1.0000000325280
    -301.00000000000    1.0000000325280
    -300.00000000000    1.0000000325280
    -299.00000000000    1.0000000325280
    -298.00000000000    1.0000000325280
    -297.00000000000    1.0000000325280
    -296.00000000000    1.0000000325280
    -295.00000000000    1.0000000325280
    -294.00000000000    1.0000000325280
    -293.00000000000    1.0000000325280
    -292.00000000000    1.0000000325280
    -291.00000000000    1.0000000325280
    -290.00000000000    1.0000000325280
    -289.00000000000    1.0000000325280
    -288.00000000000    1.0000000325280
    -287.00000000000    1.0000000325280
    -286.00000000000    1.0000000325280
    -285.00000000000    1.0000000325280
    -284.00000000000    1.0000000325280
    -283.00000000000    1.0000000325280
    -282.00000000000    1.0000000325280
    -281.00000000000    1.0000000325280
    -280.00000000000    1.0000000325280
    -279.00000000000    1.0000000325280
    -278.00000000000    1.0000000325280
    -277.00000000000    1.0000000325280
    -276.00000000000    1.0000000325280
    -275.00000000000    1.0000000325280
    -274.00000000000    1.0000000325280
    -273.00000000000    1.0000000325280
    -272.00000000000    1.0000000325280
    -271.00000000000    1.0000000325280
    -270.00000000000    1.0000000325280
    -269.00000000000    1.0000000325280
    -268.00000000000    1.0000000325280
    -267.00000000000    1.0000000325280
    -266.00000000000    1.0000000325280
    -265.00000000000    1.0000000325280
    -264.00000000000    1.0000000325280
    -263.00000000000    1.0000000325280
    -262.00000000000    1.0000000325280
    -261.00000000000    1.0000000325280
    -260.00000000000    1.0000000325280
    -259.00000000000    1.0000000325280
    -258.00000000000    1.0000000325280
    -257.00000000000    1.0000000325280
    -256.00000000000    1.0000000325280
    -255.00000000000    1.0000000325280
    -254.00000000000    1.0000000325280
    -253.00000000000    1.0000000325280
    -252.00000000000    1.0000000325280
    -251.00000000000    1.0000000325280
    -250.00000000000    1.0000000325280
    -249.00000000000    1.0000000325280
    -248.00000000000    1.0000000325280
    -247.00000000000    1.0000000325280
    -246.00000000000    1.0000000325280
    -245.00000000000    1.0000000325280
    -244.00000000000    1.0000000325280
    -243.00000000000    1.0000000325280
    -242.00000000000    1.0000000325280
    -241.00000000000    1.0000000325280
    -240.00000000000    1.0000000325280
    -239.00000000000    1.0000000325280
    -238.00000000000    1.0000000325280
    -237.00000000000    1.0000000325280
    -236.00000000000    1.0000000325280
    -235.00000000000    1.0000000325280
    -234.00000000000    1.0000000325280
    -233.00000000000    1.0000000325280
    -232.00000000000    1.0000000325280
    -231.00000000000    1.0000000325280
    -230.00000000000    1.0000000325280
    -229.00000000000    1.0000000325280
    -228.00000000000    1.0000000325280
    -227.00000000000    1.0000000325280
    -226.00000000000    1.0000000325280
    -225.00000000000    1.0000000325280
    -224.00000000000    1.0000000325280
    -223.00000000000    1.0000000325280
    -222.00000000000    1.0000000325280
    -221.00000000000    1.0000000325280
    -220.00000000000    1.0000000325280
    -219.00000000000    1.0000000325280
    -218.00000000000    1.0000000325280
    -217.00000000000    1.0000000325280
    -216.00000000000    1.0000000325280
    -215.00000000000    1.0000000325280
    -214.00000000000    1.0000000325280
    -213.00000000000    1.0000000325280
    -212.00000000000    1.0000000325280
    -211.00000000000    1.0000000325280
    -210.00000000000    1.0000000325280
    -209.00000000000    1.0000000325280
    -208.00000000000    1.0000000325280
    -207.00000000000    1.0000000325280
    -206.00000000000    1.0000000325280
    -205.00000000000    1.0000000325280
    -204.00000000000    1.0000000325280
    -203.00000000000    1.0000000325280
    -202.00000000000    1.0000000325280
    -201.00000000000    1.0000000325280
    -200.00000000000    1.0000000325280
    -199.00000000000    1.0000000325280
    -198.00000000000    1.0000000325280
    -197.00000000000    1.0000000325280
    -196.00000000000    1.0000000325280
    -195.00000000000    1.0000000325280
    -194.00000000000    1.0000000325280
    -193.00000000000    1.0000000325280
    -192.00000000000    1.0000000325280
    -191.00000000000    1.0000000325280
    -190.00000000000    1.0000000325280
    -189.00000000000    1.0000000325280
    -188.00000000000    1.0000000325280
    -187.00000000000    1.0000000325280
    -186.00000000000    1.0000000325279
    -185.00000000000    1.0000000325278
    -184.00000000000    1.0000000325271
    -183.00000000000    1.0000000325246
    -182.00000000000    1.0000000325156
    -181.00000000000    1.0000000324850
    -180.00000000000    1.0000000323844
    -179.00000000000    1.0000000320694
    -178.00000000000    1.0000000311241
    -177.00000000000    1.0000000284105
    -176.00000000000    1.0000000209547
    -175.00000000000    1.0000000013476
    -174.00000000000   0.99999995199110
    -173.00000000000   0.99999983305036
    -172.00000000000   0.99999955862740
    -171.00000000000   0.99999895235267
    -170.00000000000   0.99999766960697
    -169.00000000000   0.99999507001330
    -168.00000000000   0.99999002286270
    -167.00000000000   0.99998063304062
    -166.00000000000   0.99996388947940
    -165.00000000000   0.99993526456204
    -164.00000000000   0.99988832985291
    -163.00000000000   0.99981449349052
    -162.00000000000   0.99970299320446
    -161.00000000000   0.99954127783394
    -160.00000000000   0.99931586378484
    -159.00000000000   0.99901365727935
    -158.00000000000   0.99862360400372
    -157.00000000000   0.99813840022625
    -156.00000000000   0.99755591969943
    -155.00000000000   0.99688001795415
    -154.00000000000   0.99612048364698
    -153.00000000000   0.99529209297906
    -152.00000000000   0.99441293376485
    -151.00000000000   0.99350233412768
    -150.00000000000   0.99257880449039
    -149.00000000000   0.99165836233055
    -148.00000000000   0.99075347867388
    -147.00000000000   0.98987271334739
    -146.00000000000   0.98902094884018
    -145.00000000000   0.98820003156061
    -144.00000000000   0.98740959912755
    -143.00000000000   0.98664790236481
    -142.00000000000   0.98591249500878
    -141.00000000000   0.98520073482673
    -140.00000000000   0.98451009660756
    -139.00000000000   0.98383833149351
    -138.00000000000   0.98318351937993
    -137.00000000000   0.98254405815174
    -136.00000000000   0.98191862304746
    -135.00000000000   0.98130611750517
    -134.00000000000   0.98070562689966
    -133.00000000000   0.98011637979666
    -132.00000000000   0.97953771748588
    -131.00000000000   0.97896907078594
    -130.00000000000   0.97840994258892
    -129.00000000000   0.97785989468764
    -128.00000000000   0.97731853771713
    -127.00000000000   0.97678552334786
    -126.00000000000   0.97626053812060
    -125.00000000000   0.97574329849711
    -124.00000000000   0.97523354682886
    -123.00000000000   0.97473104803206
    -122.00000000000   0.97423558681585
    -121.00000000000   0.97374696535002
    -120.00000000000   0.97326500128669
    -119.00000000000   0.97278952607028
    -118.00000000000   0.97232038348427
    -117.00000000000   0.97185742839448
    -116.00000000000   0.97140052565646
    -115.00000000000   0.97094954916086
    -114.00000000000   0.97050438099573
    -113.00000000000   0.97006491070829
    -112.00000000000   0.96963103465179
    -111.00000000000   0.96920265540571
    -110.00000000000   0.96877968125911
    -109.00000000000   0.96836202574895
    -108.00000000000   0.96794960724629
    -107.00000000000   0.96754234858416
    -106.00000000000   0.96714017672229
   -105.000000000000   0.96674302244407
   -104.000000000000   0.96635082008207
   -103.000000000000   0.96596350726884
   -102.000000000000   0.96558102471016
   -101.000000000000   0.96520331597837
   -100.000000000000   0.96483032732346
    -99.000000000000   0.96446200750026
    -98.000000000000   0.96409830760990
    -97.000000000000   0.96373918095430
    -96.000000000000   0.96338458290216
    -95.000000000000   0.96303447076560
    -94.000000000000   0.96268880368617
    -93.000000000000   0.96234754252963
    -92.000000000000   0.96201064978849
    -91.000000000000   0.96167808949164
    -90.000000000000   0.96134982712060
    -89.000000000000   0.96102582953155
    -88.000000000000   0.96070606488296
    -87.000000000000   0.96039050256800
    -86.000000000000   0.96007911315168
    -85.000000000000   0.95977186831203
    -84.000000000000   0.95946874078523
    -83.000000000000   0.95916970431426
    -82.000000000000   0.95887473360077
    -81.000000000000   0.95858380426002
    -80.000000000000   0.95829689277859
    -79.000000000000   0.95801397647469
    -78.000000000000   0.95773503346080
    -77.000000000000   0.95746004260863
    -76.000000000000   0.95718898351602
    -75.000000000000   0.95692183647588
    -74.000000000000   0.95665858244679
    -73.000000000000   0.95639920302533
    -72.000000000000   0.95614368041997
    -71.000000000000   0.95589199742634
    -70.000000000000   0.95564413740390
    -69.000000000000   0.95540008425384
    -68.000000000000   0.95515982239818
    -67.000000000000   0.95492333675998
    -66.000000000000   0.95469061274453
    -65.000000000000   0.95446163622159
    -64.000000000000   0.95423639350850
    -63.000000000000   0.95401487135412
    -62.000000000000   0.95379705692362
    -61.000000000000   0.95358293778403
    -60.000000000000   0.95337250189047
    -59.000000000000   0.95316573757304
    -58.000000000000   0.95296263352445
    -57.000000000000   0.95276317878808
    -56.000000000000   0.95256736274677
    -55.000000000000   0.95237517511201
    -54.000000000000   0.95218660591377
    -53.000000000000   0.95200164549066
    -52.000000000000   0.95182028448066
    -51.000000000000   0.95164251381223
    -50.000000000000   0.95146832469585
    -49.000000000000   0.95129770861591
    -48.000000000000   0.95113065732298
    -47.000000000000   0.95096716282647
    -46.000000000000   0.95080721738757
    -45.000000000000   0.95065081351252
    -44.000000000000   0.95049794394622
    -43.000000000000   0.95034860166603
    -42.000000000000   0.95020277987597
    -41.000000000000   0.95006047200106
    -40.000000000000   0.94992167168202
    -39.000000000000   0.94978637277010
    -38.000000000000   0.94965456932223
    -37.000000000000   0.94952625559630
    -36.000000000000   0.94940142604674
    -35.000000000000   0.94928007532025
    -34.000000000000   0.94916219825169
    -33.000000000000   0.94904778986021
    -32.000000000000   0.94893684534554
    -31.000000000000   0.94882936008444
    -30.000000000000   0.94872532962730
    -29.000000000000   0.94862474969493
    -28.000000000000   0.94852761617548
    -27.000000000000   0.94843392512152
    -26.000000000000   0.94834367274721
    -25.000000000000   0.94825685542570
    -24.000000000000   0.94817346968655
    -23.000000000000   0.94809351221338
    -22.000000000000   0.94801697984156
    -21.000000000000   0.94794386955608
    -20.000000000000   0.94787417848946
    -19.000000000000   0.94780790391991
    -18.000000000000   0.94774504326941
    -17.000000000000   0.94768559410206
    -16.000000000000   0.94762955412245
    -15.000000000000   0.94757692117414
    -14.000000000000   0.94752769323826
    -13.000000000000   0.94748186843220
    -12.000000000000   0.94743944500835
    -11.000000000000   0.94740042135302
   -10.0000000000000   0.94736479598537
    -9.0000000000000   0.94733256755647
    -8.0000000000000   0.94730373484843
    -7.0000000000000   0.94727829677361
    -6.0000000000000   0.94725625237397
    -5.0000000000000   0.94723760082041
    -4.0000000000000   0.94722234141228
    -3.0000000000000   0.94721047357691
    -2.0000000000000   0.94720199686929
    -1.0000000000000   0.94719691097173
   0.   0.94719521569371
     1.0000000000000   0.94719691097173
     2.0000000000000   0.94720199686929
     3.0000000000000   0.94721047357691
     4.0000000000000   0.94722234141228
     5.0000000000000   0.94723760082041
     6.0000000000000   0.94725625237397
     7.0000000000000   0.94727829677361
     8.0000000000000   0.94730373484843
     9.0000000000000   0.94733256755647
    10.0000000000000   0.94736479598537
     11.000000000000   0.94740042135302
     12.000000000000   0.94743944500835
     13.000000000000   0.94748186843219
     14.000000000000   0.94752769323826
     15.000000000000   0.94757692117414
     16.000000000000   0.94762955412245
     17.000000000000   0.94768559410206
     18.000000000000   0.94774504326941
     19.000000000000   0.94780790391991
     20.000000000000   0.94787417848946
     21.000000000000   0.94794386955608
     22.000000000000   0.94801697984156
     23.000000000000   0.94809351221338
     24.000000000000   0.94817346968655
     25.000000000000   0.94825685542570
     26.000000000000   0.94834367274721
     27.000000000000   0.94843392512152
     28.000000000000   0.94852761617548
     29.000000000000   0.94862474969493
     30.000000000000   0.94872532962730
     31.000000000000   0.94882936008444
     32.000000000000   0.94893684534554
     33.000000000000   0.94904778986021
     34.000000000000   0.94916219825169
     35.000000000000   0.94928007532025
     36.000000000000   0.94940142604674
     37.000000000000   0.94952625559630
     38.000000000000   0.94965456932223
     39.000000000000   0.94978637277010
     40.000000000000   0.94992167168202
     41.000000000000   0.95006047200106
     42.000000000000   0.95020277987597
     43.000000000000   0.95034860166603
     44.000000000000   0.95049794394622
     45.000000000000   0.95065081351252
     46.000000000000   0.95080721738757
     47.000000000000   0.95096716282647
     48.000000000000   0.95113065732298
     49.000000000000   0.95129770861591
     50.000000000000   0.95146832469585
     51.000000000000   0.95164251381223
     52.000000000000   0.95182028448066
     53.000000000000   0.95200164549066
     54.000000000000   0.95218660591377
     55.000000000000   0.95237517511201
     56.000000000000   0.95256736274677
     57.000000000000   0.95276317878808
     58.000000000000   0.95296263352445
     59.000000000000   0.95316573757304
     60.000000000000   0.95337250189047
     61.000000000000   0.95358293778403
     62.000000000000   0.95379705692362
     63.000000000000   0.95401487135412
     64.000000000000   0.95423639350850
     65.000000000000   0.95446163622159
     66.000000000000   0.95469061274453
     67.000000000000   0.95492333675998
     68.000000000000   0.95515982239818
     69.000000000000   0.95540008425384
     70.000000000000   0.95564413740390
     71.000000000000   0.95589199742634
     72.000000000000   0.95614368041997
     73.000000000000   0.95639920302533
     74.000000000000   0.95665858244679
     75.000000000000   0.95692183647588
     76.000000000000   0.95718898351602
     77.000000000000   0.95746004260862
     78.000000000000   0.95773503346080
     79.000000000000   0.95801397647469
     80.000000000000   0.95829689277859
     81.000000000000   0.95858380426002
     82.000000000000   0.95887473360077
     83.000000000000   0.95916970431426
     84.000000000000   0.95946874078523
     85.000000000000   0.95977186831203
     86.000000000000   0.96007911315168
     87.000000000000   0.96039050256800
     88.000000000000   0.96070606488296
     89.000000000000   0.96102582953155
     90.000000000000   0.96134982712059
     91.000000000000   0.96167808949164
     92.000000000000   0.96201064978849
     93.000000000000   0.96234754252963
     94.000000000000   0.96268880368617
     95.000000000000   0.96303447076560
     96.000000000000   0.96338458290216
     97.000000000000   0.96373918095430
     98.000000000000   0.96409830760990
     99.000000000000   0.96446200750026
    100.000000000000   0.96483032732346
    101.000000000000   0.96520331597837
    102.000000000000   0.96558102471016
    103.000000000000   0.96596350726884
    104.000000000000   0.96635082008207
    105.000000000000   0.96674302244407
     106.00000000000   0.96714017672229
     107.00000000000   0.96754234858416
     108.00000000000   0.96794960724629
     109.00000000000   0.96836202574895
     110.00000000000   0.96877968125911
     111.00000000000   0.96920265540571
     112.00000000000   0.96963103465179
     113.00000000000   0.97006491070829
     114.00000000000   0.97050438099573
     115.00000000000   0.97094954916086
     116.00000000000   0.97140052565646
     117.00000000000   0.97185742839448
     118.00000000000   0.97232038348427
     119.00000000000   0.97278952607028
     120.00000000000   0.97326500128669
     121.00000000000   0.97374696535002
     122.00000000000   0.97423558681585
     123.00000000000   0.97473104803206
     124.00000000000   0.97523354682886
     125.00000000000   0.97574329849711
     126.00000000000   0.97626053812060
     127.00000000000   0.97678552334786
     128.00000000000   0.97731853771713
     129.00000000000   0.97785989468764
     130.00000000000   0.97840994258892
     131.00000000000   0.97896907078594
     132.00000000000   0.97953771748588
     133.00000000000   0.98011637979666
     134.00000000000   0.98070562689966
     135.00000000000   0.98130611750517
     136.00000000000   0.98191862304745
     137.00000000000   0.98254405815174
     138.00000000000   0.98318351937993
     139.00000000000   0.98383833149351
     140.00000000000   0.98451009660756
     141.00000000000   0.98520073482673
     142.00000000000   0.98591249500878
     143.00000000000   0.98664790236481
     144.00000000000   0.98740959912754
     145.00000000000   0.98820003156061
     146.00000000000   0.98902094884018
     147.00000000000   0.98987271334739
     148.00000000000   0.99075347867388
     149.00000000000   0.99165836233055
     150.00000000000   0.99257880449039
     151.00000000000   0.99350233412768
     152.00000000000   0.99441293376485
     153.00000000000   0.99529209297906
     154.00000000000   0.99612048364698
     155.00000000000   0.99688001795415
     156.00000000000   0.99755591969943
     157.00000000000   0.99813840022625
     158.00000000000   0.99862360400372
     159.00000000000   0.99901365727935
     160.00000000000   0.99931586378484
     161.00000000000   0.99954127783394
     162.00000000000   0.99970299320446
     163.00000000000   0.99981449349052
     164.00000000000   0.99988832985291
     165.00000000000   0.99993526456204
     166.00000000000   0.99996388947940
     167.00000000000   0.99998063304062
     168.00000000000   0.99999002286270
     169.00000000000   0.99999507001330
     170.00000000000   0.99999766960697
     171.00000000000   0.99999895235267
     172.00000000000   0.99999955862740
     173.00000000000   0.99999983305036
     174.00000000000   0.99999995199110
     175.00000000000    1.0000000013476
     176.00000000000    1.0000000209547
     177.00000000000    1.0000000284105
     178.00000000000    1.0000000311241
     179.00000000000    1.0000000320694
     180.00000000000    1.0000000323844
     181.00000000000    1.0000000324850
     182.00000000000    1.0000000325156
     183.00000000000    1.0000000325246
     184.00000000000    1.0000000325271
     185.00000000000    1.0000000325278
     186.00000000000    1.0000000325279
     187.00000000000    1.0000000325280
     188.00000000000    1.0000000325280
     189.00000000000    1.0000000325280
     190.00000000000    1.0000000325280
     191.00000000000    1.0000000325280
     192.00000000000    1.0000000325280
     193.00000000000    1.0000000325280
     194.00000000000    1.0000000325280
     195.00000000000    1.0000000325280
     196.00000000000    1.0000000325280
     197.00000000000    1.0000000325280
     198.00000000000    1.0000000325280
     199.00000000000    1.0000000325280
     200.00000000000    1.0000000325280
     201.00000000000    1.0000000325280
     202.00000000000    1.0000000325280
     203.00000000000    1.0000000325280
     204.00000000000    1.0000000325280
     205.00000000000    1.0000000325280
     206.00000000000    1.0000000325280
     207.00000000000    1.0000000325280
     208.00000000000    1.0000000325280
     209.00000000000    1.0000000325280
     210.00000000000    1.0000000325280
     211.00000000000    1.0000000325280
     212.00000000000    1.0000000325280
     213.00000000000    1.0000000325280
     214.00000000000    1.0000000325280
     215.00000000000    1.0000000325280
     216.00000000000    1.0000000325280
     217.00000000000    1.0000000325280
     218.00000000000    1.0000000325280
     219.00000000000    1.0000000325280
     220.00000000000    1.0000000325280
     221.00000000000    1.0000000325280
     222.00000000000    1.0000000325280
     223.00000000000    1.0000000325280
     224.00000000000    1.0000000325280
     225.00000000000    1.0000000325280
     226.00000000000    1.0000000325280
     227.00000000000    1.0000000325280
     228.00000000000    1.0000000325280
     229.00000000000    1.0000000325280
     230.00000000000    1.0000000325280
     231.00000000000    1.0000000325280
     232.00000000000    1.0000000325280
     233.00000000000    1.0000000325280
     234.00000000000    1.0000000325280
     235.00000000000    1.0000000325280
     236.00000000000    1.0000000325280
     237.00000000000    1.0000000325280
     238.00000000000    1.0000000325280
     239.00000000000    1.0000000325280
     240.00000000000    1.0000000325280
     241.00000000000    1.0000000325280
     242.00000000000    1.0000000325280
     243.00000000000    1.0000000325280
     244.00000000000    1.0000000325280
     245.00000000000    1.0000000325280
     246.00000000000    1.0000000325280
     247.00000000000    1.0000000325280
     248.00000000000    1.0000000325280
     249.00000000000    1.0000000325280
     250.00000000000    1.0000000325280
     251.00000000000    1.0000000325280
     252.00000000000    1.0000000325280
     253.00000000000    1.0000000325280
     254.00000000000    1.0000000325280
     255.00000000000    1.0000000325280
     256.00000000000    1.0000000325280
     257.00000000000    1.0000000325280
     258.00000000000    1.0000000325280
     259.00000000000    1.0000000325280
     260.00000000000    1.0000000325280
     261.00000000000    1.0000000325280
     262.00000000000    1.0000000325280
     263.00000000000    1.0000000325280
     264.00000000000    1.0000000325280
     265.00000000000    1.0000000325280
     266.00000000000    1.0000000325280
     267.00000000000    1.0000000325280
     268.00000000000    1.0000000325280
     269.00000000000    1.0000000325280
     270.00000000000    1.0000000325280
     271.00000000000    1.0000000325280
     272.00000000000    1.0000000325280
     273.00000000000    1.0000000325280
     274.00000000000    1.0000000325280
     275.00000000000    1.0000000325280
     276.00000000000    1.0000000325280
     277.00000000000    1.0000000325280
     278.00000000000    1.0000000325280
     279.00000000000    1.0000000325280
     280.00000000000    1.0000000325280
     281.00000000000    1.0000000325280
     282.00000000000    1.0000000325280
     283.00000000000    1.0000000325280
     284.00000000000    1.0000000325280
     285.00000000000    1.0000000325280
     286.00000000000    1.0000000325280
     287.00000000000    1.0000000325280
     288.00000000000    1.0000000325280
     289.00000000000    1.0000000325280
     290.00000000000    1.0000000325280
     291.00000000000    1.0000000325280
     292.00000000000    1.0000000325280
     293.00000000000    1.0000000325280
     294.00000000000    1.0000000325280
     295.00000000000    1.0000000325280
     296.00000000000    1.0000000325280
     297.00000000000    1.0000000325280
     298.00000000000    1.0000000325280
     299.00000000000    1.0000000325280
     300.00000000000    1.0000000325280
     301.00000000000    1.0000000325280
     302.00000000000    1.0000000325280
     303.00000000000    1.0000000325280
     304.00000000000    1.0000000325280
     305.00000000000    1.0000000325280
     306.00000000000    1.0000000325280
     307.00000000000    1.0000000325280
     308.00000000000    1.0000000325280
     309.00000000000    1.0000000325280
     310.00000000000    1.0000000325280
     311.00000000000    1.0000000325280
     312.00000000000    1.0000000325280
     313.00000000000    1.0000000325280
     314.00000000000    1.0000000325280
     315.00000000000    1.0000000325280
     316.00000000000    1.0000000325280
     317.00000000000    1.0000000325280
     318.00000000000    1.0000000325280
     319.00000000000    1.0000000325280
     320.00000000000    1.0000000325280
     321.00000000000    1.0000000325280
     322.00000000000    1.0000000325280
     323.00000000000    1.0000000325280
     324.00000000000    1.0000000325280
     325.00000000000    1.0000000325280
     326.00000000000    1.0000000325280
     327.00000000000    1.0000000325280
     328.00000000000    1.0000000325280
     329.00000000000    1.0000000325280
     330.00000000000    1.0000000325280
     331.00000000000    1.0000000325280
     332.00000000000    1.0000000325280
     333.00000000000    1.0000000325280
     334.00000000000    1.0000000325280
     335.00000000000    1.0000000325280
     336.00000000000    1.0000000325280
     337.00000000000    1.0000000325280
     338.00000000000    1.0000000325280
     339.00000000000    1.0000000325280
     340.00000000000    1.0000000325280
     341.00000000000    1.0000000325280
     342.00000000000    1.0000000325280
     343.00000000000    1.0000000325280
     344.00000000000    1.0000000325280
     345.00000000000    1.0000000325280
     346.00000000000    1.0000000325280
     347.00000000000    1.0000000325280
     348.00000000000    1.0000000325280
     349.00000000000    1.0000000325280
     350.00000000000    1.0000000325280
     351.00000000000    1.0000000325280
     352.00000000000    1.0000000325280
     353.00000000000    1.0000000325280
     354.00000000000    1.0000000325280
     355.00000000000    1.0000000325280
     356.00000000000    1.0000000325280
     357.00000000000    1.0000000325280
     358.00000000000    1.0000000325280
     359.00000000000    1.0000000325280
     360.00000000000    1.0000000325280
     361.00000000000    1.0000000325280
     362.00000000000    1.0000000325280
     363.00000000000    1.0000000325280
     364.00000000000    1.0000000325280
     365.00000000000    1.0000000325280
     366.00000000000    1.0000000325280
     367.00000000000    1.0000000325280
     368.00000000000    1.0000000325280
     369.00000000000    1.0000000325280
     370.00000000000    1.0000000325280
     371.00000000000    1.0000000325280
     372.00000000000    1.0000000325280
     373.00000000000    1.0000000325280
     374.00000000000    1.0000000325280
     375.00000000000    1.0000000325280
     376.00000000000    1.0000000325280
     377.00000000000    1.0000000325280
     378.00000000000    1.0000000325280
     379.00000000000    1.0000000325280
     380.00000000000    1.0000000325280
     381.00000000000    1.0000000325280
     382.00000000000    1.0000000325280
     383.00000000000    1.0000000325280
     384.00000000000    1.0000000325280
     385.00000000000    1.0000000325280
     386.00000000000    1.0000000325280
     387.00000000000    1.0000000325280
     388.00000000000    1.0000000325280
     389.00000000000    1.0000000325280
     390.00000000000    1.0000000325280
     391.00000000000    1.0000000325280
     392.00000000000    1.0000000325280
     393.00000000000    1.0000000325280
     394.00000000000    1.0000000325280
     395.00000000000    1.0000000325280
     396.00000000000    1.0000000325280
     397.00000000000    1.0000000325280
     398.00000000000    1.0000000325280
     399.00000000000    1.0000000325280
     400.00000000000    1.0000000325280
     401.00000000000    1.0000000325280
     402.00000000000    1.0000000325280
     403.00000000000    1.0000000325280
     404.00000000000    1.0000000325280
     405.00000000000    1.0000000325280
     406.00000000000    1.0000000325280
     407.00000000000    1.0000000325280
     408.00000000000    1.0000000325280
     409.00000000000    1.0000000325280
     410.00000000000    1.0000000325280
     411.00000000000    1.0000000325280
     412.00000000000    1.0000000325280
     413.00000000000    1.0000000325280
     414.00000000000    1.0000000325280
     415.00000000000    1.0000000325280
     416.00000000000    1.0000000325280
     417.00000000000    1.0000000325280
     418.00000000000    1.0000000325280
     419.00000000000    1.0000000325280
     420.00000000000    1.0000000325280
     421.00000000000    1.0000000325280
     422.00000000000    1.0000000325280
     423.00000000000    1.0000000325280
     424.00000000000    1.0000000325280
     425.00000000000    1.0000000325280
     426.00000000000    1.0000000325280
     427.00000000000    1.0000000325280
     428.00000000000    1.0000000325280
     429.00000000000    1.0000000325280
     430.00000000000    1.0000000325280
     431.00000000000    1.0000000325280
     432.00000000000    1.0000000325280
     433.00000000000    1.0000000325280
     434.00000000000    1.0000000325280
     435.00000000000    1.0000000325280
     436.00000000000    1.0000000325280
     437.00000000000    1.0000000325280
     438.00000000000    1.0000000325280
     439.00000000000    1.0000000325280
     440.00000000000    1.0000000325280
     441.00000000000    1.0000000325280
     442.00000000000    1.0000000325280
     443.00000000000    1.0000000325280
     444.00000000000    1.0000000325280
     445.00000000000    1.0000000325280
     446.00000000000    1.0000000325280
     447.00000000000    1.0000000325280
     448.00000000000    1.0000000325280
     449.00000000000    1.0000000325280
     450.00000000000    1.0000000325280
     451.00000000000    1.0000000325280
     452.00000000000    1.0000000325280
     453.00000000000    1.0000000325280
     454.00000000000    1.0000000325280
     455.00000000000    1.0000000325280
     456.00000000000    1.0000000325280
     457.00000000000    1.0000000325280
     458.00000000000    1.0000000325280
     459.00000000000    1.0000000325280
     460.00000000000    1.0000000325280
     461.00000000000    1.0000000325280
     462.00000000000    1.0000000325280
     463.00000000000    1.0000000325280
     464.00000000000    1.0000000325280
     465.00000000000    1.0000000325280
     466.00000000000    1.0000000325280
     467.00000000000    1.0000000325280
     468.00000000000    1.0000000325280
     469.00000000000    1.0000000325280
     470.00000000000    1.0000000325280
     471.00000000000    1.0000000325280
     472.00000000000    1.0000000325280
     473.00000000000    1.0000000325280
     474.00000000000    1.0000000325280
     475.00000000000    1.0000000325280
     476.00000000000    1.0000000325280
     477.00000000000    1.0000000325280
     478.00000000000    1.0000000325280
     479.00000000000    1.0000000325280
     480.00000000000    1.0000000325280
     481.00000000000    1.0000000325280
     482.00000000000    1.0000000325280
     483.00000000000    1.0000000325280
     484.00000000000    1.0000000325280
     485.00000000000    1.0000000325280
     486.00000000000    1.0000000325280
     487.00000000000    1.0000000325280
     488.00000000000    1.0000000325280
     489.00000000000    1.0000000325280
     490.00000000000    1.0000000325280
     491.00000000000    1.0000000325280
     492.00000000000    1.0000000325280
     493.00000000000    1.0000000325280
     494.00000000000    1.0000000325280
     495.00000000000    1.0000000325280
     496.00000000000    1.0000000325280
     497.00000000000    1.0000000325280
     498.00000000000    1.0000000325280
     499.00000000000    1.0000000325280
     500.00000000000    1.0000000325280
