    -500.00000000000    1.0000000325280
    -499.00000000000    1.0000000325280
    -498.00000000000    1.0000000325280
    -497.00000000000    1.0000000325280
    -496.00000000000    1.0000000325280
    -495.00000000000    1.0000000325280
    -494.00000000000    1.0000000325280
    -493.00000000000    1.0000000325280
    -492.00000000000    1.0000000325280
    -491.00000000000    1.0000000325280
    -490.00000000000    1.0000000325280
    -489.00000000000    1.0000000325280
    -488.00000000000    1.0000000325280
    -487.00000000000    1.0000000325280
    -486.00000000000    1.0000000325280
    -485.00000000000    1.0000000325280
    -484.00000000000    1.0000000325280
    -483.00000000000    1.0000000325280
    -482.00000000000    1.0000000325280
    -481.00000000000    1.0000000325280
    -480.00000000000    1.0000000325280
    -479.00000000000    1.0000000325280
    -478.00000000000    1.0000000325280
    -477.00000000000    1.0000000325280
    -476.00000000000    1.0000000325280
    -475.00000000000    1.0000000325280
    -474.00000000000    1.0000000325280
    -473.00000000000    1.0000000325280
    -472.00000000000    1.0000000325280
    -471.00000000000    1.0000000325280
    -470.00000000000    1.0000000325280
    -469.00000000000    1.0000000325280
    -468.00000000000    1.0000000325280
    -467.00000000000    1.0000000325280
    -466.00000000000    1.0000000325280
    -465.00000000000    1.0000000325280
    -464.00000000000    1.0000000325280
    -463.00000000000    1.0000000325280
    -462.00000000000    1.0000000325280
    -461.00000000000    1.0000000325280
    -460.00000000000    1.0000000325280
    -459.00000000000    1.0000000325280
    -458.00000000000    1.0000000325280
    -457.00000000000    1.0000000325280
    -456.00000000000    1.0000000325280
    -455.00000000000    1.0000000325280
    -454.00000000000    1.0000000325280
    -453.00000000000    1.0000000325280
    -452.00000000000    1.0000000325280
    -451.00000000000    1.0000000325280
    -450.00000000000    1.0000000325280
    -449.00000000000    1.0000000325280
    -448.00000000000    1.0000000325280
    -447.00000000000    1.0000000325280
    -446.00000000000    1.0000000325280
    -445.00000000000    1.0000000325280
    -444.00000000000    1.0000000325280
    -443.00000000000    1.0000000325280
    -442.00000000000    1.0000000325280
    -441.00000000000    1.0000000325280
    -440.00000000000    1.0000000325280
    -439.00000000000    1.0000000325280
    -438.00000000000    1.0000000325280
    -437.00000000000    1.0000000325280
    -436.00000000000    1.0000000325280
    -435.00000000000    1.0000000325280
    -434.00000000000    1.0000000325280
    -433.00000000000    1.0000000325280
    -432.00000000000    1.0000000325280
    -431.00000000000    1.0000000325280
    -430.00000000000    1.0000000325280
    -429.00000000000    1.0000000325280
    -428.00000000000    1.0000000325280
    -427.00000000000    1.0000000325280
    -426.00000000000    1.0000000325280
    -425.00000000000    1.0000000325280
    -424.00000000000    1.0000000325280
    -423.00000000000    1.0000000325280
    -422.00000000000    1.0000000325280
    -421.00000000000    1.0000000325280
    -420.00000000000    1.0000000325280
    -419.00000000000    1.0000000325280
    -418.00000000000    1.0000000325280
    -417.00000000000    1.0000000325280
    -416.00000000000    1.0000000325280
    -415.00000000000    1.0000000325280
    -414.00000000000    1.0000000325280
    -413.00000000000    1.0000000325280
    -412.00000000000    1.0000000325280
    -411.00000000000    1.0000000325280
    -410.00000000000    1.0000000325280
    -409.00000000000    1.0000000325280
    -408.00000000000    1.0000000325280
    -407.00000000000    1.0000000325280
    -406.00000000000    1.0000000325280
    -405.00000000000    1.0000000325280
    -404.00000000000    1.0000000325280
    -403.00000000000    1.0000000325280
    -402.00000000000    1.0000000325280
    -401.00000000000    1.0000000325280
    -400.00000000000    1.0000000325280
    -399.00000000000    1.0000000325280
    -398.00000000000    1.0000000325280
    -397.00000000000    1.0000000325280
    -396.00000000000    1.0000000325280
    -395.00000000000    1.0000000325280
    -394.00000000000    1.0000000325280
    -393.00000000000    1.0000000325280
    -392.00000000000    1.0000000325280
    -391.00000000000    1.0000000325280
    -390.00000000000    1.0000000325280
    -389.00000000000    1.0000000325280
    -388.00000000000    1.0000000325280
    -387.00000000000    1.0000000325280
    -386.00000000000    1.0000000325280
    -385.00000000000    1.0000000325280
    -384.00000000000    1.0000000325280
    -383.00000000000    1.0000000325280
    -382.00000000000    1.0000000325280
    -381.00000000000    1.0000000325280
    -380.00000000000    1.0000000325280
    -379.00000000000    1.0000000325280
    -378.00000000000    1.0000000325280
    -377.00000000000    1.0000000325280
    -376.00000000000    1.0000000325280
    -375.00000000000    1.0000000325280
    -374.00000000000    1.0000000325280
    -373.00000000000    1.0000000325280
    -372.00000000000    1.0000000325280
    -371.00000000000    1.0000000325280
    -370.00000000000    1.0000000325280
    -369.00000000000    1.0000000325280
    -368.00000000000    1.0000000325280
    -367.00000000000    1.0000000325280
    -366.00000000000    1.0000000325280
    -365.00000000000    1.0000000325280
    -364.00000000000    1.0000000325280
    -363.00000000000    1.0000000325280
    -362.00000000000    1.0000000325280
    -361.00000000000    1.0000000325280
    -360.00000000000    1.0000000325280
    -359.00000000000    1.0000000325280
    -358.00000000000    1.0000000325280
    -357.00000000000    1.0000000325280
    -356.00000000000    1.0000000325280
    -355.00000000000    1.0000000325280
    -354.00000000000    1.0000000325280
    -353.00000000000    1.0000000325280
    -352.00000000000    1.0000000325280
    -351.00000000000    1.0000000325280
    -350.00000000000    1.0000000325280
    -349.00000000000    1.0000000325280
    -348.00000000000    1.0000000325280
    -347.00000000000    1.0000000325280
    -346.00000000000    1.0000000325280
    -345.00000000000    1.0000000325280
    -344.00000000000    1.0000000325280
    -343.00000000000    1.0000000325280
    -342.00000000000    1.0000000325280
    -341.00000000000    1.0000000325280
    -340.00000000000    1.0000000325280
    -339.00000000000    1.0000000325280
    -338.00000000000    1.0000000325280
    -337.00000000000    1.0000000325280
    -336.00000000000    1.0000000325280
    -335.00000000000    1.0000000325280
    -334.00000000000    1.0000000325280
    -333.00000000000    1.0000000325280
    -332.00000000000    1.0000000325280
    -331.00000000000    1.0000000325280
    -330.00000000000    1.0000000325280
    -329.00000000000    1.0000000325280
    -328.00000000000    1.0000000325280
    -327.00000000000    1.0000000325280
    -326.00000000000    1.0000000325280
    -325.00000000000    1.0000000325280
    -324.00000000000    1.0000000325280
    -323.00000000000    1.0000000325280
    -322.00000000000    1.0000000325280
    -321.00000000000    1.0000000325280
    -320.00000000000    1.0000000325280
    -319.00000000000    1.0000000325280
    -318.00000000000    1.0000000325280
    -317.00000000000    1.0000000325280
    -316.00000000000    1.0000000325280
    -315.00000000000    1.0000000325280
    -314.00000000000    1.0000000325280
    -313.00000000000    1.0000000325280
    -312.00000000000    1.0000000325280
    -311.00000000000    1.0000000325280
    -310.00000000000    1.0000000325280
    -309.00000000000    1.0000000325280
    -308.00000000000    1.0000000325280
    -307.00000000000    1.0000000325280
    -306.00000000000    1.0000000325280
    -305.00000000000    1.0000000325280
    -304.00000000000    1.0000000325280
    -303.00000000000    1.0000000325280
    -302.00000000000    1.0000000325280
    -301.00000000000    1.0000000325280
    -300.00000000000    1.0000000325280
    -299.00000000000    1.0000000325280
    -298.00000000000    1.0000000325280
    -297.00000000000    1.0000000325280
    -296.00000000000    1.0000000325280
    -295.00000000000    1.0000000325280
    -294.00000000000    1.0000000325280
    -293.00000000000    1.0000000325280
    -292.00000000000    1.0000000325280
    -291.00000000000    1.0000000325280
    -290.00000000000    1.0000000325280
    -289.00000000000    1.0000000325280
    -288.00000000000    1.0000000325280
    -287.00000000000    1.0000000325280
    -286.00000000000    1.0000000325280
    -285.00000000000    1.0000000325280
    -284.00000000000    1.0000000325280
    -283.00000000000    1.0000000325280
    -282.00000000000    1.0000000325280
    -281.00000000000    1.0000000325280
    -280.00000000000    1.0000000325280
    -279.00000000000    1.0000000325280
    -278.00000000000    1.0000000325280
    -277.00000000000    1.0000000325280
    -276.00000000000    1.0000000325280
    -275.00000000000    1.0000000325280
    -274.00000000000    1.0000000325280
    -273.00000000000    1.0000000325280
    -272.00000000000    1.0000000325280
    -271.00000000000    1.0000000325280
    -270.00000000000    1.0000000325280
    -269.00000000000    1.0000000325280
    -268.00000000000    1.0000000325280
    -267.00000000000    1.0000000325280
    -266.00000000000    1.0000000325280
    -265.00000000000    1.0000000325280
    -264.00000000000    1.0000000325280
    -263.00000000000    1.0000000325280
    -262.00000000000    1.0000000325280
    -261.00000000000    1.0000000325280
    -260.00000000000    1.0000000325280
    -259.00000000000    1.0000000325280
    -258.00000000000    1.0000000325280
    -257.00000000000    1.0000000325280
    -256.00000000000    1.0000000325280
    -255.00000000000    1.0000000325280
    -254.00000000000    1.0000000325280
    -253.00000000000    1.0000000325280
    -252.00000000000    1.0000000325280
    -251.00000000000    1.0000000325280
    -250.00000000000    1.0000000325280
    -249.00000000000    1.0000000325280
    -248.00000000000    1.0000000325280
    -247.00000000000    1.0000000325280
    -246.00000000000    1.0000000325280
    -245.00000000000    1.0000000325280
    -244.00000000000    1.0000000325280
    -243.00000000000    1.0000000325280
    -242.00000000000    1.0000000325280
    -241.00000000000    1.0000000325280
    -240.00000000000    1.0000000325280
    -239.00000000000    1.0000000325280
    -238.00000000000    1.0000000325280
    -237.00000000000    1.0000000325280
    -236.00000000000    1.0000000325280
    -235.00000000000    1.0000000325280
    -234.00000000000    1.0000000325280
    -233.00000000000    1.0000000325280
    -232.00000000000    1.0000000325280
    -231.00000000000    1.0000000325280
    -230.00000000000    1.0000000325280
    -229.00000000000    1.0000000325280
    -228.00000000000    1.0000000325280
    -227.00000000000    1.0000000325280
    -226.00000000000    1.0000000325280
    -225.00000000000    1.0000000325280
    -224.00000000000    1.0000000325280
    -223.00000000000    1.0000000325280
    -222.00000000000    1.0000000325280
    -221.00000000000    1.0000000325280
    -220.00000000000    1.0000000325280
    -219.00000000000    1.0000000325280
    -218.00000000000    1.0000000325280
    -217.00000000000    1.0000000325280
    -216.00000000000    1.0000000325280
    -215.00000000000    1.0000000325280
    -214.00000000000    1.0000000325280
    -213.00000000000    1.0000000325280
    -212.00000000000    1.0000000325280
    -211.00000000000    1.0000000325280
    -210.00000000000    1.0000000325280
    -209.00000000000    1.0000000325280
    -208.00000000000    1.0000000325280
    -207.00000000000    1.0000000325280
    -206.00000000000    1.0000000325280
    -205.00000000000    1.0000000325280
    -204.00000000000    1.0000000325280
    -203.00000000000    1.0000000325280
    -202.00000000000    1.0000000325280
    -201.00000000000    1.0000000325280
    -200.00000000000    1.0000000325280
    -199.00000000000    1.0000000325280
    -198.00000000000    1.0000000325280
    -197.00000000000    1.0000000325280
    -196.00000000000    1.0000000325280
    -195.00000000000    1.0000000325279
    -194.00000000000    1.0000000325278
    -193.00000000000    1.0000000325272
    -192.00000000000    1.0000000325249
    -191.00000000000    1.0000000325167
    -190.00000000000    1.0000000324886
    -189.00000000000    1.0000000323965
    -188.00000000000    1.0000000321080
    -187.00000000000    1.0000000312424
    -186.00000000000    1.0000000287575
    -185.00000000000    1.0000000219306
    -184.00000000000    1.0000000039783
    -183.00000000000   0.99999995879048
    -182.00000000000   0.99999984990288
    -181.00000000000   0.99999959869266
    -180.00000000000   0.99999904374305
    -179.00000000000   0.99999786968406
    -178.00000000000   0.99999549055538
    -177.00000000000   0.99999087185838
    -176.00000000000   0.99998227996817
    -175.00000000000   0.99996696082510
    -174.00000000000   0.99994077399069
    -173.00000000000   0.99989784195066
    -172.00000000000   0.99983031106136
    -171.00000000000   0.99972834663399
    -170.00000000000   0.99958048352350
    -169.00000000000   0.99937441095126
    -168.00000000000   0.99909818273138
    -167.00000000000   0.99874172581417
    -166.00000000000   0.99829840352515
    -165.00000000000   0.99776631721044
    -164.00000000000   0.99714903707509
    -163.00000000000   0.99645555224447
    -162.00000000000   0.99569940081166
    -161.00000000000   0.99489713325514
    -160.00000000000   0.99406641638527
    -159.00000000000   0.99322415190732
    -158.00000000000   0.99238494728662
    -157.00000000000   0.99156015678607
    -156.00000000000   0.99075755303297
    -155.00000000000   0.98998154573824
    -154.00000000000   0.98923377199727
    -153.00000000000   0.98851385537320
    -152.00000000000   0.98782015877121
    -151.00000000000   0.98715041520760
    -150.00000000000   0.98650218534742
    -149.00000000000   0.98587314260333
    -148.00000000000   0.98526121761628
    -147.00000000000   0.98466464504584
    -146.00000000000   0.98408195279318
    -145.00000000000   0.98351192412442
    -144.00000000000   0.98295355220203
    -143.00000000000   0.98240599741796
    -142.00000000000   0.98186855171735
    -141.00000000000   0.98134061057318
    -140.00000000000   0.98082165166444
    -139.00000000000   0.98031121883753
    -138.00000000000   0.97980891000650
    -137.00000000000   0.97931436791571
    -136.00000000000   0.97882727297136
    -135.00000000000   0.97834733758096
    -134.00000000000   0.97787430160943
    -133.00000000000   0.97740792867817
    -132.00000000000   0.97694800311285
    -131.00000000000   0.97649432739889
    -130.00000000000   0.97604672004064
    -129.00000000000   0.97560501374556
    -128.00000000000   0.97516905387291
    -127.00000000000   0.97473869710001
    -126.00000000000   0.97431381026881
    -125.00000000000   0.97389426938314
    -124.00000000000   0.97347995873260
    -123.00000000000   0.97307077012380
    -122.00000000000   0.97266660220293
    -121.00000000000   0.97226735985640
    -120.00000000000   0.97187295367876
    -119.00000000000   0.97148329949868
    -118.00000000000   0.97109831795531
    -117.00000000000   0.97071793411855
    -116.00000000000   0.97034207714769
    -115.00000000000   0.96997067998376
    -114.00000000000   0.96960367907144
    -113.00000000000   0.96924101410732
    -112.00000000000   0.96888262781122
    -111.00000000000   0.96852846571818
    -110.00000000000   0.96817847598883
    -109.00000000000   0.96783260923610
    -108.00000000000   0.96749081836668
    -107.00000000000   0.96715305843558
    -106.00000000000   0.96681928651261
   -105.000000000000   0.96648946155948
   -104.000000000000   0.96616354431658
   -103.000000000000   0.96584149719848
   -102.000000000000   0.96552328419732
   -101.000000000000   0.96520887079341
   -100.000000000000   0.96489822387239
    -99.000000000000   0.96459131164831
    -98.000000000000   0.96428810359215
    -97.000000000000   0.96398857036537
    -96.000000000000   0.96369268375795
    -95.000000000000   0.96340041663066
    -94.000000000000   0.96311174286111
    -93.000000000000   0.96282663729342
    -92.000000000000   0.96254507569103
    -91.000000000000   0.96226703469258
    -90.000000000000   0.96199249177054
    -89.000000000000   0.96172142519241
    -88.000000000000   0.96145381398421
    -87.000000000000   0.96118963789627
    -86.000000000000   0.96092887737101
    -85.000000000000   0.96067151351254
    -84.000000000000   0.96041752805814
    -83.000000000000   0.96016690335126
    -82.000000000000   0.95991962231609
    -81.000000000000   0.95967566843358
    -80.000000000000   0.95943502571868
    -79.000000000000   0.95919767869894
    -78.000000000000   0.95896361239413
    -77.000000000000   0.95873281229710
    -76.000000000000   0.95850526435548
    -75.000000000000   0.95828095495443
    -74.000000000000   0.95805987090029
    -73.000000000000   0.95784199940500
    -72.000000000000   0.95762732807133
    -71.000000000000   0.95741584487885
    -70.000000000000   0.95720753817062
    -69.000000000000   0.95700239664046
    -68.000000000000   0.95680040932093
    -67.000000000000   0.95660156557178
    -66.000000000000   0.95640585506906
    -65.000000000000   0.95621326779465
    -64.000000000000   0.95602379402634
    -63.000000000000   0.95583742432834
    -62.000000000000   0.95565414954224
    -61.000000000000   0.95547396077838
    -60.000000000000   0.95529684940760
    -59.000000000000   0.95512280705337
    -58.000000000000   0.95495182558427
    -57.000000000000   0.95478389710684
    -56.000000000000   0.95461901395864
    -55.000000000000   0.95445716870175
    -54.000000000000   0.95429835411646
    -53.000000000000   0.95414256319524
    -52.000000000000   0.95398978913704
    -51.000000000000   0.95384002534174
    -50.000000000000   0.95369326540490
    -49.000000000000   0.95354950311271
    -48.000000000000   0.95340873243719
    -47.000000000000   0.95327094753150
    -46.000000000000   0.95313614272557
    -45.000000000000   0.95300431252183
    -44.000000000000   0.95287545159114
    -43.000000000000   0.95274955476892
    -42.000000000000   0.95262661705136
    -41.000000000000   0.95250663359191
    -40.000000000000   0.95238959969782
    -39.000000000000   0.95227551082688
    -38.000000000000   0.95216436258425
    -37.000000000000   0.95205615071944
    -36.000000000000   0.95195087112349
    -35.000000000000   0.95184851982614
    -34.000000000000   0.95174909299324
    -33.000000000000   0.95165258692417
    -32.000000000000   0.95155899804947
    -31.000000000000   0.95146832292850
    -30.000000000000   0.95138055824725
    -29.000000000000   0.95129570081618
    -28.000000000000   0.95121374756828
    -27.000000000000   0.95113469555705
    -26.000000000000   0.95105854195477
    -25.000000000000   0.95098528405066
    -24.000000000000   0.95091491924926
    -23.000000000000   0.95084744506882
    -22.000000000000   0.95078285913985
    -21.000000000000   0.95072115920361
    -20.000000000000   0.95066234311082
    -19.000000000000   0.95060640882034
    -18.000000000000   0.95055335439799
    -17.000000000000   0.95050317801539
    -16.000000000000   0.95045587794888
    -15.000000000000   0.95041145257855
    -14.000000000000   0.95036990038723
    -13.000000000000   0.95033121995969
    -12.000000000000   0.95029540998175
    -11.000000000000   0.95026246923958
   -10.0000000000000   0.95023239661897
    -9.0000000000000   0.95020519110470
    -8.0000000000000   0.95018085177997
    -7.0000000000000   0.95015937782588
    -6.0000000000000   0.95014076852095
    -5.0000000000000   0.95012502324070
    -4.0000000000000   0.95011214145735
    -3.0000000000000   0.95010212273947
    -2.0000000000000   0.95009496675176
    -1.0000000000000   0.95009067325484
   0.   0.95008924210514
     1.0000000000000   0.95009067325484
     2.0000000000000   0.95009496675176
     3.0000000000000   0.95010212273947
     4.0000000000000   0.95011214145735
     5.0000000000000   0.95012502324070
     6.0000000000000   0.95014076852095
     7.0000000000000   0.95015937782588
     8.0000000000000   0.95018085177997
     9.0000000000000   0.95020519110470
    10.0000000000000   0.95023239661897
     11.000000000000   0.95026246923958
     12.000000000000   0.95029540998175
     13.000000000000   0.95033121995969
     14.000000000000   0.95036990038723
     15.000000000000   0.95041145257855
     16.000000000000   0.95045587794888
     17.000000000000   0.95050317801539
     18.000000000000   0.95055335439799
     19.000000000000   0.95060640882034
     20.000000000000   0.95066234311082
     21.000000000000   0.95072115920361
     22.000000000000   0.95078285913985
     23.000000000000   0.95084744506882
     24.000000000000   0.95091491924926
     25.000000000000   0.95098528405066
     26.000000000000   0.95105854195477
     27.000000000000   0.95113469555705
     28.000000000000   0.95121374756828
     29.000000000000   0.95129570081618
     30.000000000000   0.95138055824725
     31.000000000000   0.95146832292850
     32.000000000000   0.95155899804947
     33.000000000000   0.95165258692417
     34.000000000000   0.95174909299324
     35.000000000000   0.95184851982614
     36.000000000000   0.95195087112349
     37.000000000000   0.95205615071944
     38.000000000000   0.95216436258424
     39.000000000000   0.95227551082688
     40.000000000000   0.95238959969782
     41.000000000000   0.95250663359191
     42.000000000000   0.95262661705135
     43.000000000000   0.95274955476892
     44.000000000000   0.95287545159114
     45.000000000000   0.95300431252183
     46.000000000000   0.95313614272557
     47.000000000000   0.95327094753150
     48.000000000000   0.95340873243719
     49.000000000000   0.95354950311271
     50.000000000000   0.95369326540490
     51.000000000000   0.95384002534174
     52.000000000000   0.95398978913704
     53.000000000000   0.95414256319524
     54.000000000000   0.95429835411646
     55.000000000000   0.95445716870175
     56.000000000000   0.95461901395864
     57.000000000000   0.95478389710684
     58.000000000000   0.95495182558427
     59.000000000000   0.95512280705336
     60.000000000000   0.95529684940760
     61.000000000000   0.95547396077838
     62.000000000000   0.95565414954224
     63.000000000000   0.95583742432834
     64.000000000000   0.95602379402634
     65.000000000000   0.95621326779465
     66.000000000000   0.95640585506906
     67.000000000000   0.95660156557178
     68.000000000000   0.95680040932093
     69.000000000000   0.95700239664046
     70.000000000000   0.95720753817062
     71.000000000000   0.95741584487885
     72.000000000000   0.95762732807133
     73.000000000000   0.95784199940500
     74.000000000000   0.95805987090029
     75.000000000000   0.95828095495443
     76.000000000000   0.95850526435548
     77.000000000000   0.95873281229710
     78.000000000000   0.95896361239413
     79.000000000000   0.95919767869894
     80.000000000000   0.95943502571868
     81.000000000000   0.95967566843358
     82.000000000000   0.95991962231609
     83.000000000000   0.96016690335126
     84.000000000000   0.96041752805814
     85.000000000000   0.96067151351254
     86.000000000000   0.96092887737101
     87.000000000000   0.96118963789627
     88.000000000000   0.96145381398421
     89.000000000000   0.96172142519241
     90.000000000000   0.96199249177054
     91.000000000000   0.96226703469258
     92.000000000000   0.96254507569103
     93.000000000000   0.96282663729342
     94.000000000000   0.96311174286111
     95.000000000000   0.96340041663066
     96.000000000000   0.96369268375795
     97.000000000000   0.96398857036537
     98.000000000000   0.96428810359215
     99.000000000000   0.96459131164831
    100.000000000000   0.96489822387239
    101.000000000000   0.96520887079341
    102.000000000000   0.96552328419732
    103.000000000000   0.96584149719848
    104.000000000000   0.96616354431658
    105.000000000000   0.96648946155948
     106.00000000000   0.96681928651261
     107.00000000000   0.96715305843558
     108.00000000000   0.96749081836668
     109.00000000000   0.96783260923610
     110.00000000000   0.96817847598883
     111.00000000000   0.96852846571818
     112.00000000000   0.96888262781122
     113.00000000000   0.96924101410732
     114.00000000000   0.96960367907144
     115.00000000000   0.96997067998376
     116.00000000000   0.97034207714769
     117.00000000000   0.97071793411855
     118.00000000000   0.97109831795531
     119.00000000000   0.97148329949868
     120.00000000000   0.97187295367876
     121.00000000000   0.97226735985640
     122.00000000000   0.97266660220293
     123.00000000000   0.97307077012380
     124.00000000000   0.97347995873260
     125.00000000000   0.97389426938314
     126.00000000000   0.97431381026881
     127.00000000000   0.97473869710001
     128.00000000000   0.97516905387291
     129.00000000000   0.97560501374556
     130.00000000000   0.97604672004064
     131.00000000000   0.97649432739889
     132.00000000000   0.97694800311285
     133.00000000000   0.97740792867817
     134.00000000000   0.97787430160943
     135.00000000000   0.97834733758096
     136.00000000000   0.97882727297136
     137.00000000000   0.97931436791571
     138.00000000000   0.97980891000650
     139.00000000000   0.98031121883753
     140.00000000000   0.98082165166444
     141.00000000000   0.98134061057318
     142.00000000000   0.98186855171735
     143.00000000000   0.98240599741796
     144.00000000000   0.98295355220203
     145.00000000000   0.98351192412442
     146.00000000000   0.98408195279318
     147.00000000000   0.98466464504584
     148.00000000000   0.98526121761628
     149.00000000000   0.98587314260333
     150.00000000000   0.98650218534742
     151.00000000000   0.98715041520760
     152.00000000000   0.98782015877121
     153.00000000000   0.98851385537320
     154.00000000000   0.98923377199727
     155.00000000000   0.98998154573824
     156.00000000000   0.99075755303297
     157.00000000000   0.99156015678606
     158.00000000000   0.99238494728662
     159.00000000000   0.99322415190732
     160.00000000000   0.99406641638527
     161.00000000000   0.99489713325514
     162.00000000000   0.99569940081166
     163.00000000000   0.99645555224447
     164.00000000000   0.99714903707509
     165.00000000000   0.99776631721044
     166.00000000000   0.99829840352515
     167.00000000000   0.99874172581417
     168.00000000000   0.99909818273138
     169.00000000000   0.99937441095126
     170.00000000000   0.99958048352350
     171.00000000000   0.99972834663399
     172.00000000000   0.99983031106136
     173.00000000000   0.99989784195066
     174.00000000000   0.99994077399069
     175.00000000000   0.99996696082510
     176.00000000000   0.99998227996817
     177.00000000000   0.99999087185838
     178.00000000000   0.99999549055538
     179.00000000000   0.99999786968406
     180.00000000000   0.99999904374305
     181.00000000000   0.99999959869266
     182.00000000000   0.99999984990288
     183.00000000000   0.99999995879048
     184.00000000000    1.0000000039783
     185.00000000000    1.0000000219306
     186.00000000000    1.0000000287575
     187.00000000000    1.0000000312424
     188.00000000000    1.0000000321080
     189.00000000000    1.0000000323965
     190.00000000000    1.0000000324886
     191.00000000000    1.0000000325167
     192.00000000000    1.0000000325249
     193.00000000000    1.0000000325272
     194.00000000000    1.0000000325278
     195.00000000000    1.0000000325279
     196.00000000000    1.0000000325280
     197.00000000000    1.0000000325280
     198.00000000000    1.0000000325280
     199.00000000000    1.0000000325280
     200.00000000000    1.0000000325280
     201.00000000000    1.0000000325280
     202.00000000000    1.0000000325280
     203.00000000000    1.0000000325280
     204.00000000000    1.0000000325280
     205.00000000000    1.0000000325280
     206.00000000000    1.0000000325280
     207.00000000000    1.0000000325280
     208.00000000000    1.0000000325280
     209.00000000000    1.0000000325280
     210.00000000000    1.0000000325280
     211.00000000000    1.0000000325280
     212.00000000000    1.0000000325280
     213.00000000000    1.0000000325280
     214.00000000000    1.0000000325280
     215.00000000000    1.0000000325280
     216.00000000000    1.0000000325280
     217.00000000000    1.0000000325280
     218.00000000000    1.0000000325280
     219.00000000000    1.0000000325280
     220.00000000000    1.0000000325280
     221.00000000000    1.0000000325280
     222.00000000000    1.0000000325280
     223.00000000000    1.0000000325280
     224.00000000000    1.0000000325280
     225.00000000000    1.0000000325280
     226.00000000000    1.0000000325280
     227.00000000000    1.0000000325280
     228.00000000000    1.0000000325280
     229.00000000000    1.0000000325280
     230.00000000000    1.0000000325280
     231.00000000000    1.0000000325280
     232.00000000000    1.0000000325280
     233.00000000000    1.0000000325280
     234.00000000000    1.0000000325280
     235.00000000000    1.0000000325280
     236.00000000000    1.0000000325280
     237.00000000000    1.0000000325280
     238.00000000000    1.0000000325280
     239.00000000000    1.0000000325280
     240.00000000000    1.0000000325280
     241.00000000000    1.0000000325280
     242.00000000000    1.0000000325280
     243.00000000000    1.0000000325280
     244.00000000000    1.0000000325280
     245.00000000000    1.0000000325280
     246.00000000000    1.0000000325280
     247.00000000000    1.0000000325280
     248.00000000000    1.0000000325280
     249.00000000000    1.0000000325280
     250.00000000000    1.0000000325280
     251.00000000000    1.0000000325280
     252.00000000000    1.0000000325280
     253.00000000000    1.0000000325280
     254.00000000000    1.0000000325280
     255.00000000000    1.0000000325280
     256.00000000000    1.0000000325280
     257.00000000000    1.0000000325280
     258.00000000000    1.0000000325280
     259.00000000000    1.0000000325280
     260.00000000000    1.0000000325280
     261.00000000000    1.0000000325280
     262.00000000000    1.0000000325280
     263.00000000000    1.0000000325280
     264.00000000000    1.0000000325280
     265.00000000000    1.0000000325280
     266.00000000000    1.0000000325280
     267.00000000000    1.0000000325280
     268.00000000000    1.0000000325280
     269.00000000000    1.0000000325280
     270.00000000000    1.0000000325280
     271.00000000000    1.0000000325280
     272.00000000000    1.0000000325280
     273.00000000000    1.0000000325280
     274.00000000000    1.0000000325280
     275.00000000000    1.0000000325280
     276.00000000000    1.0000000325280
     277.00000000000    1.0000000325280
     278.00000000000    1.0000000325280
     279.00000000000    1.0000000325280
     280.00000000000    1.0000000325280
     281.00000000000    1.0000000325280
     282.00000000000    1.0000000325280
     283.00000000000    1.0000000325280
     284.00000000000    1.0000000325280
     285.00000000000    1.0000000325280
     286.00000000000    1.0000000325280
     287.00000000000    1.0000000325280
     288.00000000000    1.0000000325280
     289.00000000000    1.0000000325280
     290.00000000000    1.0000000325280
     291.00000000000    1.0000000325280
     292.00000000000    1.0000000325280
     293.00000000000    1.0000000325280
     294.00000000000    1.0000000325280
     295.00000000000    1.0000000325280
     296.00000000000    1.0000000325280
     297.00000000000    1.0000000325280
     298.00000000000    1.0000000325280
     299.00000000000    1.0000000325280
     300.00000000000    1.0000000325280
     301.00000000000    1.0000000325280
     302.00000000000    1.0000000325280
     303.00000000000    1.0000000325280
     304.00000000000    1.0000000325280
     305.00000000000    1.0000000325280
     306.00000000000    1.0000000325280
     307.00000000000    1.0000000325280
     308.00000000000    1.0000000325280
     309.00000000000    1.0000000325280
     310.00000000000    1.0000000325280
     311.00000000000    1.0000000325280
     312.00000000000    1.0000000325280
     313.00000000000    1.0000000325280
     314.00000000000    1.0000000325280
     315.00000000000    1.0000000325280
     316.00000000000    1.0000000325280
     317.00000000000    1.0000000325280
     318.00000000000    1.0000000325280
     319.00000000000    1.0000000325280
     320.00000000000    1.0000000325280
     321.00000000000    1.0000000325280
     322.00000000000    1.0000000325280
     323.00000000000    1.0000000325280
     324.00000000000    1.0000000325280
     325.00000000000    1.0000000325280
     326.00000000000    1.0000000325280
     327.00000000000    1.0000000325280
     328.00000000000    1.0000000325280
     329.00000000000    1.0000000325280
     330.00000000000    1.0000000325280
     331.00000000000    1.0000000325280
     332.00000000000    1.0000000325280
     333.00000000000    1.0000000325280
     334.00000000000    1.0000000325280
     335.00000000000    1.0000000325280
     336.00000000000    1.0000000325280
     337.00000000000    1.0000000325280
     338.00000000000    1.0000000325280
     339.00000000000    1.0000000325280
     340.00000000000    1.0000000325280
     341.00000000000    1.0000000325280
     342.00000000000    1.0000000325280
     343.00000000000    1.0000000325280
     344.00000000000    1.0000000325280
     345.00000000000    1.0000000325280
     346.00000000000    1.0000000325280
     347.00000000000    1.0000000325280
     348.00000000000    1.0000000325280
     349.00000000000    1.0000000325280
     350.00000000000    1.0000000325280
     351.00000000000    1.0000000325280
     352.00000000000    1.0000000325280
     353.00000000000    1.0000000325280
     354.00000000000    1.0000000325280
     355.00000000000    1.0000000325280
     356.00000000000    1.0000000325280
     357.00000000000    1.0000000325280
     358.00000000000    1.0000000325280
     359.00000000000    1.0000000325280
     360.00000000000    1.0000000325280
     361.00000000000    1.0000000325280
     362.00000000000    1.0000000325280
     363.00000000000    1.0000000325280
     364.00000000000    1.0000000325280
     365.00000000000    1.0000000325280
     366.00000000000    1.0000000325280
     367.00000000000    1.0000000325280
     368.00000000000    1.0000000325280
     369.00000000000    1.0000000325280
     370.00000000000    1.0000000325280
     371.00000000000    1.0000000325280
     372.00000000000    1.0000000325280
     373.00000000000    1.0000000325280
     374.00000000000    1.0000000325280
     375.00000000000    1.0000000325280
     376.00000000000    1.0000000325280
     377.00000000000    1.0000000325280
     378.00000000000    1.0000000325280
     379.00000000000    1.0000000325280
     380.00000000000    1.0000000325280
     381.00000000000    1.0000000325280
     382.00000000000    1.0000000325280
     383.00000000000    1.0000000325280
     384.00000000000    1.0000000325280
     385.00000000000    1.0000000325280
     386.00000000000    1.0000000325280
     387.00000000000    1.0000000325280
     388.00000000000    1.0000000325280
     389.00000000000    1.0000000325280
     390.00000000000    1.0000000325280
     391.00000000000    1.0000000325280
     392.00000000000    1.0000000325280
     393.00000000000    1.0000000325280
     394.00000000000    1.0000000325280
     395.00000000000    1.0000000325280
     396.00000000000    1.0000000325280
     397.00000000000    1.0000000325280
     398.00000000000    1.0000000325280
     399.00000000000    1.0000000325280
     400.00000000000    1.0000000325280
     401.00000000000    1.0000000325280
     402.00000000000    1.0000000325280
     403.00000000000    1.0000000325280
     404.00000000000    1.0000000325280
     405.00000000000    1.0000000325280
     406.00000000000    1.0000000325280
     407.00000000000    1.0000000325280
     408.00000000000    1.0000000325280
     409.00000000000    1.0000000325280
     410.00000000000    1.0000000325280
     411.00000000000    1.0000000325280
     412.00000000000    1.0000000325280
     413.00000000000    1.0000000325280
     414.00000000000    1.0000000325280
     415.00000000000    1.0000000325280
     416.00000000000    1.0000000325280
     417.00000000000    1.0000000325280
     418.00000000000    1.0000000325280
     419.00000000000    1.0000000325280
     420.00000000000    1.0000000325280
     421.00000000000    1.0000000325280
     422.00000000000    1.0000000325280
     423.00000000000    1.0000000325280
     424.00000000000    1.0000000325280
     425.00000000000    1.0000000325280
     426.00000000000    1.0000000325280
     427.00000000000    1.0000000325280
     428.00000000000    1.0000000325280
     429.00000000000    1.0000000325280
     430.00000000000    1.0000000325280
     431.00000000000    1.0000000325280
     432.00000000000    1.0000000325280
     433.00000000000    1.0000000325280
     434.00000000000    1.0000000325280
     435.00000000000    1.0000000325280
     436.00000000000    1.0000000325280
     437.00000000000    1.0000000325280
     438.00000000000    1.0000000325280
     439.00000000000    1.0000000325280
     440.00000000000    1.0000000325280
     441.00000000000    1.0000000325280
     442.00000000000    1.0000000325280
     443.00000000000    1.0000000325280
     444.00000000000    1.0000000325280
     445.00000000000    1.0000000325280
     446.00000000000    1.0000000325280
     447.00000000000    1.0000000325280
     448.00000000000    1.0000000325280
     449.00000000000    1.0000000325280
     450.00000000000    1.0000000325280
     451.00000000000    1.0000000325280
     452.00000000000    1.0000000325280
     453.00000000000    1.0000000325280
     454.00000000000    1.0000000325280
     455.00000000000    1.0000000325280
     456.00000000000    1.0000000325280
     457.00000000000    1.0000000325280
     458.00000000000    1.0000000325280
     459.00000000000    1.0000000325280
     460.00000000000    1.0000000325280
     461.00000000000    1.0000000325280
     462.00000000000    1.0000000325280
     463.00000000000    1.0000000325280
     464.00000000000    1.0000000325280
     465.00000000000    1.0000000325280
     466.00000000000    1.0000000325280
     467.00000000000    1.0000000325280
     468.00000000000    1.0000000325280
     469.00000000000    1.0000000325280
     470.00000000000    1.0000000325280
     471.00000000000    1.0000000325280
     472.00000000000    1.0000000325280
     473.00000000000    1.0000000325280
     474.00000000000    1.0000000325280
     475.00000000000    1.0000000325280
     476.00000000000    1.0000000325280
     477.00000000000    1.0000000325280
     478.00000000000    1.0000000325280
     479.00000000000    1.0000000325280
     480.00000000000    1.0000000325280
     481.00000000000    1.0000000325280
     482.00000000000    1.0000000325280
     483.00000000000    1.0000000325280
     484.00000000000    1.0000000325280
     485.00000000000    1.0000000325280
     486.00000000000    1.0000000325280
     487.00000000000    1.0000000325280
     488.00000000000    1.0000000325280
     489.00000000000    1.0000000325280
     490.00000000000    1.0000000325280
     491.00000000000    1.0000000325280
     492.00000000000    1.0000000325280
     493.00000000000    1.0000000325280
     494.00000000000    1.0000000325280
     495.00000000000    1.0000000325280
     496.00000000000    1.0000000325280
     497.00000000000    1.0000000325280
     498.00000000000    1.0000000325280
     499.00000000000    1.0000000325280
     500.00000000000    1.0000000325280
