    -500.00000000000    1.0000000325280
    -499.00000000000    1.0000000325280
    -498.00000000000    1.0000000325280
    -497.00000000000    1.0000000325280
    -496.00000000000    1.0000000325280
    -495.00000000000    1.0000000325280
    -494.00000000000    1.0000000325280
    -493.00000000000    1.0000000325280
    -492.00000000000    1.0000000325280
    -491.00000000000    1.0000000325280
    -490.00000000000    1.0000000325280
    -489.00000000000    1.0000000325280
    -488.00000000000    1.0000000325280
    -487.00000000000    1.0000000325280
    -486.00000000000    1.0000000325280
    -485.00000000000    1.0000000325280
    -484.00000000000    1.0000000325280
    -483.00000000000    1.0000000325280
    -482.00000000000    1.0000000325280
    -481.00000000000    1.0000000325280
    -480.00000000000    1.0000000325280
    -479.00000000000    1.0000000325280
    -478.00000000000    1.0000000325280
    -477.00000000000    1.0000000325280
    -476.00000000000    1.0000000325280
    -475.00000000000    1.0000000325280
    -474.00000000000    1.0000000325280
    -473.00000000000    1.0000000325280
    -472.00000000000    1.0000000325280
    -471.00000000000    1.0000000325280
    -470.00000000000    1.0000000325280
    -469.00000000000    1.0000000325280
    -468.00000000000    1.0000000325280
    -467.00000000000    1.0000000325280
    -466.00000000000    1.0000000325280
    -465.00000000000    1.0000000325280
    -464.00000000000    1.0000000325280
    -463.00000000000    1.0000000325280
    -462.00000000000    1.0000000325280
    -461.00000000000    1.0000000325280
    -460.00000000000    1.0000000325280
    -459.00000000000    1.0000000325280
    -458.00000000000    1.0000000325280
    -457.00000000000    1.0000000325280
    -456.00000000000    1.0000000325280
    -455.00000000000    1.0000000325280
    -454.00000000000    1.0000000325280
    -453.00000000000    1.0000000325280
    -452.00000000000    1.0000000325280
    -451.00000000000    1.0000000325280
    -450.00000000000    1.0000000325280
    -449.00000000000    1.0000000325280
    -448.00000000000    1.0000000325280
    -447.00000000000    1.0000000325280
    -446.00000000000    1.0000000325280
    -445.00000000000    1.0000000325280
    -444.00000000000    1.0000000325280
    -443.00000000000    1.0000000325280
    -442.00000000000    1.0000000325280
    -441.00000000000    1.0000000325280
    -440.00000000000    1.0000000325280
    -439.00000000000    1.0000000325280
    -438.00000000000    1.0000000325280
    -437.00000000000    1.0000000325280
    -436.00000000000    1.0000000325280
    -435.00000000000    1.0000000325280
    -434.00000000000    1.0000000325280
    -433.00000000000    1.0000000325280
    -432.00000000000    1.0000000325280
    -431.00000000000    1.0000000325280
    -430.00000000000    1.0000000325280
    -429.00000000000    1.0000000325280
    -428.00000000000    1.0000000325280
    -427.00000000000    1.0000000325280
    -426.00000000000    1.0000000325280
    -425.00000000000    1.0000000325280
    -424.00000000000    1.0000000325280
    -423.00000000000    1.0000000325280
    -422.00000000000    1.0000000325280
    -421.00000000000    1.0000000325280
    -420.00000000000    1.0000000325280
    -419.00000000000    1.0000000325280
    -418.00000000000    1.0000000325280
    -417.00000000000    1.0000000325280
    -416.00000000000    1.0000000325280
    -415.00000000000    1.0000000325280
    -414.00000000000    1.0000000325280
    -413.00000000000    1.0000000325280
    -412.00000000000    1.0000000325280
    -411.00000000000    1.0000000325280
    -410.00000000000    1.0000000325280
    -409.00000000000    1.0000000325280
    -408.00000000000    1.0000000325280
    -407.00000000000    1.0000000325280
    -406.00000000000    1.0000000325280
    -405.00000000000    1.0000000325280
    -404.00000000000    1.0000000325280
    -403.00000000000    1.0000000325280
    -402.00000000000    1.0000000325280
    -401.00000000000    1.0000000325280
    -400.00000000000    1.0000000325280
    -399.00000000000    1.0000000325280
    -398.00000000000    1.0000000325280
    -397.00000000000    1.0000000325280
    -396.00000000000    1.0000000325280
    -395.00000000000    1.0000000325280
    -394.00000000000    1.0000000325280
    -393.00000000000    1.0000000325280
    -392.00000000000    1.0000000325280
    -391.00000000000    1.0000000325280
    -390.00000000000    1.0000000325280
    -389.00000000000    1.0000000325280
    -388.00000000000    1.0000000325280
    -387.00000000000    1.0000000325280
    -386.00000000000    1.0000000325280
    -385.00000000000    1.0000000325280
    -384.00000000000    1.0000000325280
    -383.00000000000    1.0000000325280
    -382.00000000000    1.0000000325280
    -381.00000000000    1.0000000325280
    -380.00000000000    1.0000000325280
    -379.00000000000    1.0000000325280
    -378.00000000000    1.0000000325280
    -377.00000000000    1.0000000325280
    -376.00000000000    1.0000000325280
    -375.00000000000    1.0000000325280
    -374.00000000000    1.0000000325280
    -373.00000000000    1.0000000325280
    -372.00000000000    1.0000000325280
    -371.00000000000    1.0000000325280
    -370.00000000000    1.0000000325280
    -369.00000000000    1.0000000325280
    -368.00000000000    1.0000000325280
    -367.00000000000    1.0000000325280
    -366.00000000000    1.0000000325280
    -365.00000000000    1.0000000325280
    -364.00000000000    1.0000000325280
    -363.00000000000    1.0000000325280
    -362.00000000000    1.0000000325280
    -361.00000000000    1.0000000325280
    -360.00000000000    1.0000000325280
    -359.00000000000    1.0000000325280
    -358.00000000000    1.0000000325280
    -357.00000000000    1.0000000325280
    -356.00000000000    1.0000000325280
    -355.00000000000    1.0000000325280
    -354.00000000000    1.0000000325280
    -353.00000000000    1.0000000325280
    -352.00000000000    1.0000000325280
    -351.00000000000    1.0000000325280
    -350.00000000000    1.0000000325280
    -349.00000000000    1.0000000325280
    -348.00000000000    1.0000000325280
    -347.00000000000    1.0000000325280
    -346.00000000000    1.0000000325280
    -345.00000000000    1.0000000325280
    -344.00000000000    1.0000000325280
    -343.00000000000    1.0000000325280
    -342.00000000000    1.0000000325280
    -341.00000000000    1.0000000325280
    -340.00000000000    1.0000000325280
    -339.00000000000    1.0000000325280
    -338.00000000000    1.0000000325280
    -337.00000000000    1.0000000325280
    -336.00000000000    1.0000000325280
    -335.00000000000    1.0000000325280
    -334.00000000000    1.0000000325280
    -333.00000000000    1.0000000325280
    -332.00000000000    1.0000000325280
    -331.00000000000    1.0000000325280
    -330.00000000000    1.0000000325280
    -329.00000000000    1.0000000325280
    -328.00000000000    1.0000000325280
    -327.00000000000    1.0000000325280
    -326.00000000000    1.0000000325280
    -325.00000000000    1.0000000325280
    -324.00000000000    1.0000000325280
    -323.00000000000    1.0000000325280
    -322.00000000000    1.0000000325280
    -321.00000000000    1.0000000325280
    -320.00000000000    1.0000000325280
    -319.00000000000    1.0000000325280
    -318.00000000000    1.0000000325280
    -317.00000000000    1.0000000325280
    -316.00000000000    1.0000000325280
    -315.00000000000    1.0000000325280
    -314.00000000000    1.0000000325280
    -313.00000000000    1.0000000325280
    -312.00000000000    1.0000000325280
    -311.00000000000    1.0000000325280
    -310.00000000000    1.0000000325280
    -309.00000000000    1.0000000325280
    -308.00000000000    1.0000000325280
    -307.00000000000    1.0000000325280
    -306.00000000000    1.0000000325280
    -305.00000000000    1.0000000325280
    -304.00000000000    1.0000000325280
    -303.00000000000    1.0000000325280
    -302.00000000000    1.0000000325280
    -301.00000000000    1.0000000325280
    -300.00000000000    1.0000000325280
    -299.00000000000    1.0000000325280
    -298.00000000000    1.0000000325280
    -297.00000000000    1.0000000325280
    -296.00000000000    1.0000000325280
    -295.00000000000    1.0000000325280
    -294.00000000000    1.0000000325280
    -293.00000000000    1.0000000325280
    -292.00000000000    1.0000000325280
    -291.00000000000    1.0000000325280
    -290.00000000000    1.0000000325280
    -289.00000000000    1.0000000325280
    -288.00000000000    1.0000000325280
    -287.00000000000    1.0000000325280
    -286.00000000000    1.0000000325280
    -285.00000000000    1.0000000325280
    -284.00000000000    1.0000000325280
    -283.00000000000    1.0000000325280
    -282.00000000000    1.0000000325280
    -281.00000000000    1.0000000325280
    -280.00000000000    1.0000000325280
    -279.00000000000    1.0000000325280
    -278.00000000000    1.0000000325280
    -277.00000000000    1.0000000325280
    -276.00000000000    1.0000000325280
    -275.00000000000    1.0000000325280
    -274.00000000000    1.0000000325280
    -273.00000000000    1.0000000325280
    -272.00000000000    1.0000000325280
    -271.00000000000    1.0000000325280
    -270.00000000000    1.0000000325280
    -269.00000000000    1.0000000325280
    -268.00000000000    1.0000000325280
    -267.00000000000    1.0000000325280
    -266.00000000000    1.0000000325280
    -265.00000000000    1.0000000325280
    -264.00000000000    1.0000000325280
    -263.00000000000    1.0000000325280
    -262.00000000000    1.0000000325280
    -261.00000000000    1.0000000325280
    -260.00000000000    1.0000000325280
    -259.00000000000    1.0000000325280
    -258.00000000000    1.0000000325280
    -257.00000000000    1.0000000325280
    -256.00000000000    1.0000000325280
    -255.00000000000    1.0000000325280
    -254.00000000000    1.0000000325280
    -253.00000000000    1.0000000325280
    -252.00000000000    1.0000000325280
    -251.00000000000    1.0000000325280
    -250.00000000000    1.0000000325280
    -249.00000000000    1.0000000325280
    -248.00000000000    1.0000000325280
    -247.00000000000    1.0000000325280
    -246.00000000000    1.0000000325280
    -245.00000000000    1.0000000325279
    -244.00000000000    1.0000000325275
    -243.00000000000    1.0000000325259
    -242.00000000000    1.0000000325206
    -241.00000000000    1.0000000325021
    -240.00000000000    1.0000000324417
    -239.00000000000    1.0000000322522
    -238.00000000000    1.0000000316841
    -237.00000000000    1.0000000300537
    -236.00000000000    1.0000000255756
    -235.00000000000    1.0000000138029
    -234.00000000000   0.99999998417854
    -233.00000000000   0.99999991281587
    -232.00000000000   0.99999974823194
    -231.00000000000   0.99999938477520
    -230.00000000000   0.99999861612469
    -229.00000000000   0.99999705913189
    -228.00000000000   0.99999403774273
    -227.00000000000   0.99998841973767
    -226.00000000000   0.99997840774566
    -225.00000000000   0.99996130181967
    -224.00000000000   0.99993327292358
    -223.00000000000   0.99988921040589
    -222.00000000000   0.99982272331147
    -221.00000000000   0.99972637423597
    -220.00000000000   0.99959219611025
    -219.00000000000   0.99941248474342
    -218.00000000000   0.99918078264313
    -217.00000000000   0.99889289390654
    -216.00000000000   0.99854772339601
    -215.00000000000   0.99814773924935
    -214.00000000000   0.99769892380078
    -213.00000000000   0.99721019028278
    -212.00000000000   0.99669236851640
    -211.00000000000   0.99615696242330
    -210.00000000000   0.99561492446443
    -209.00000000000   0.99507566670109
    -208.00000000000   0.99454644858828
    -207.00000000000   0.99403217807416
    -206.00000000000   0.99353556882313
    -205.00000000000   0.99305753691279
    -204.00000000000   0.99259770362146
    -203.00000000000   0.99215489009270
    -202.00000000000   0.99172752897361
    -201.00000000000   0.99131396075421
    -200.00000000000   0.99091261642767
    -199.00000000000   0.99052210812077
    -198.00000000000   0.99014125628190
    -197.00000000000   0.98976907989028
    -196.00000000000   0.98940476963190
    -195.00000000000   0.98904765670683
    -194.00000000000   0.98869718393128
    -193.00000000000   0.98835288174300
    -192.00000000000   0.98801434943503
    -191.00000000000   0.98768124091979
    -190.00000000000   0.98735325404200
    -189.00000000000   0.98703012252686
    -188.00000000000   0.98671160983848
    -187.00000000000   0.98639750441663
    -186.00000000000   0.98608761591700
    -185.00000000000   0.98578177219390
    -184.00000000000   0.98547981684340
    -183.00000000000   0.98518160717738
    -182.00000000000   0.98488701253500
    -181.00000000000   0.98459591286219
    -180.00000000000   0.98430819750704
    -179.00000000000   0.98402376419083
    -178.00000000000   0.98374251812347
    -177.00000000000   0.98346437123865
    -176.00000000000   0.98318924152903
    -175.00000000000   0.98291705246545
    -174.00000000000   0.98264773248740
    -173.00000000000   0.98238121455402
    -172.00000000000   0.98211743574699
    -171.00000000000   0.98185633691798
    -170.00000000000   0.98159786237463
    -169.00000000000   0.98134195959993
    -168.00000000000   0.98108857900075
    -167.00000000000   0.98083767368175
    -166.00000000000   0.98058919924169
    -165.00000000000   0.98034311358932
    -164.00000000000   0.98009937677673
    -163.00000000000   0.97985795084793
    -162.00000000000   0.97961879970128
    -161.00000000000   0.97938188896388
    -160.00000000000   0.97914718587696
    -159.00000000000   0.97891465919099
    -158.00000000000   0.97868427906941
    -157.00000000000   0.97845601700032
    -156.00000000000   0.97822984571517
    -155.00000000000   0.97800573911388
    -154.00000000000   0.97778367219569
    -153.00000000000   0.97756362099532
    -152.00000000000   0.97734556252377
    -151.00000000000   0.97712947471358
    -150.00000000000   0.97691533636794
    -149.00000000000   0.97670312711343
    -148.00000000000   0.97649282735606
    -147.00000000000   0.97628441824032
    -146.00000000000   0.97607788161097
    -145.00000000000   0.97587319997737
    -144.00000000000   0.97567035648022
    -143.00000000000   0.97546933486030
    -142.00000000000   0.97527011942933
    -141.00000000000   0.97507269504258
    -140.00000000000   0.97487704707319
    -139.00000000000   0.97468316138806
    -138.00000000000   0.97449102432517
    -137.00000000000   0.97430062267226
    -136.00000000000   0.97411194364673
    -135.00000000000   0.97392497487673
    -134.00000000000   0.97373970438330
    -133.00000000000   0.97355612056353
    -132.00000000000   0.97337421217464
    -131.00000000000   0.97319396831895
    -130.00000000000   0.97301537842964
    -129.00000000000   0.97283843225726
    -128.00000000000   0.97266311985703
    -127.00000000000   0.97248943157669
    -126.00000000000   0.97231735804506
    -125.00000000000   0.97214689016117
    -124.00000000000   0.97197801908386
    -123.00000000000   0.97181073622206
    -122.00000000000   0.97164503322534
    -121.00000000000   0.97148090197512
    -120.00000000000   0.97131833457617
    -119.00000000000   0.97115732334857
    -118.00000000000   0.97099786082004
    -117.00000000000   0.97083993971861
    -116.00000000000   0.97068355296568
    -115.00000000000   0.97052869366933
    -114.00000000000   0.97037535511798
    -113.00000000000   0.97022353077434
    -112.00000000000   0.97007321426957
    -111.00000000000   0.96992439939777
    -110.00000000000   0.96977708011066
    -109.00000000000   0.96963125051249
    -108.00000000000   0.96948690485525
    -107.00000000000   0.96934403753392
    -106.00000000000   0.96920264308209
   -105.000000000000   0.96906271616767
   -104.000000000000   0.96892425158878
   -103.000000000000   0.96878724426982
   -102.000000000000   0.96865168925775
   -101.000000000000   0.96851758171840
   -100.000000000000   0.96838491693306
    -99.000000000000   0.96825369029512
    -98.000000000000   0.96812389730685
    -97.000000000000   0.96799553357636
    -96.000000000000   0.96786859481461
    -95.000000000000   0.96774307683257
    -94.000000000000   0.96761897553846
    -93.000000000000   0.96749628693517
    -92.000000000000   0.96737500711768
    -91.000000000000   0.96725513227060
    -90.000000000000   0.96713665866588
    -89.000000000000   0.96701958266049
    -88.000000000000   0.96690390069426
    -87.000000000000   0.96678960928775
    -86.000000000000   0.96667670504028
    -85.000000000000   0.96656518462790
    -84.000000000000   0.96645504480156
    -83.000000000000   0.96634628238525
    -82.000000000000   0.96623889427427
    -81.000000000000   0.96613287743352
    -80.000000000000   0.96602822889589
    -79.000000000000   0.96592494576062
    -78.000000000000   0.96582302519184
    -77.000000000000   0.96572246441707
    -76.000000000000   0.96562326072577
    -75.000000000000   0.96552541146802
    -74.000000000000   0.96542891405312
    -73.000000000000   0.96533376594838
    -72.000000000000   0.96523996467782
    -71.000000000000   0.96514750782099
    -70.000000000000   0.96505639301182
    -69.000000000000   0.96496661793746
    -68.000000000000   0.96487818033726
    -67.000000000000   0.96479107800162
    -66.000000000000   0.96470530877108
    -65.000000000000   0.96462087053527
    -64.000000000000   0.96453776123196
    -63.000000000000   0.96445597884616
    -62.000000000000   0.96437552140925
    -61.000000000000   0.96429638699806
    -60.000000000000   0.96421857373406
    -59.000000000000   0.96414207978258
    -58.000000000000   0.96406690335200
    -57.000000000000   0.96399304269299
    -56.000000000000   0.96392049609778
    -55.000000000000   0.96384926189947
    -54.000000000000   0.96377933847134
    -53.000000000000   0.96371072422613
    -52.000000000000   0.96364341761550
    -51.000000000000   0.96357741712930
    -50.000000000000   0.96351272129505
    -49.000000000000   0.96344932867732
    -48.000000000000   0.96338723787715
    -47.000000000000   0.96332644753155
    -46.000000000000   0.96326695631295
    -45.000000000000   0.96320876292865
    -44.000000000000   0.96315186612041
    -43.000000000000   0.96309626466389
    -42.000000000000   0.96304195736826
    -41.000000000000   0.96298894307569
    -40.000000000000   0.96293722066095
    -39.000000000000   0.96288678903103
    -38.000000000000   0.96283764712464
    -37.000000000000   0.96278979391195
    -36.000000000000   0.96274322839409
    -35.000000000000   0.96269794960288
    -34.000000000000   0.96265395660045
    -33.000000000000   0.96261124847890
    -32.000000000000   0.96256982435998
    -31.000000000000   0.96252968339479
    -30.000000000000   0.96249082476345
    -29.000000000000   0.96245324767487
    -28.000000000000   0.96241695136640
    -27.000000000000   0.96238193510364
    -26.000000000000   0.96234819818013
    -25.000000000000   0.96231573991713
    -24.000000000000   0.96228455966339
    -23.000000000000   0.96225465679490
    -22.000000000000   0.96222603071473
    -21.000000000000   0.96219868085278
    -20.000000000000   0.96217260666559
    -19.000000000000   0.96214780763618
    -18.000000000000   0.96212428327389
    -17.000000000000   0.96210203311415
    -16.000000000000   0.96208105671839
    -15.000000000000   0.96206135367386
    -14.000000000000   0.96204292359351
    -13.000000000000   0.96202576611586
    -12.000000000000   0.96200988090486
    -11.000000000000   0.96199526764979
   -10.0000000000000   0.96198192606518
    -9.0000000000000   0.96196985589068
    -8.0000000000000   0.96195905689100
    -7.0000000000000   0.96194952885582
    -6.0000000000000   0.96194127159972
    -5.0000000000000   0.96193428496214
    -4.0000000000000   0.96192856880730
    -3.0000000000000   0.96192412302416
    -2.0000000000000   0.96192094752641
    -1.0000000000000   0.96191904225240
   0.   0.96191840716518
     1.0000000000000   0.96191904225241
     2.0000000000000   0.96192094752641
     3.0000000000000   0.96192412302416
     4.0000000000000   0.96192856880730
     5.0000000000000   0.96193428496214
     6.0000000000000   0.96194127159972
     7.0000000000000   0.96194952885582
     8.0000000000000   0.96195905689100
     9.0000000000000   0.96196985589068
    10.0000000000000   0.96198192606518
     11.000000000000   0.96199526764979
     12.000000000000   0.96200988090486
     13.000000000000   0.96202576611586
     14.000000000000   0.96204292359351
     15.000000000000   0.96206135367386
     16.000000000000   0.96208105671839
     17.000000000000   0.96210203311415
     18.000000000000   0.96212428327389
     19.000000000000   0.96214780763618
     20.000000000000   0.96217260666559
     21.000000000000   0.96219868085278
     22.000000000000   0.96222603071473
     23.000000000000   0.96225465679490
     24.000000000000   0.96228455966339
     25.000000000000   0.96231573991713
     26.000000000000   0.96234819818013
     27.000000000000   0.96238193510364
     28.000000000000   0.96241695136640
     29.000000000000   0.96245324767487
     30.000000000000   0.96249082476345
     31.000000000000   0.96252968339479
     32.000000000000   0.96256982435998
     33.000000000000   0.96261124847890
     34.000000000000   0.96265395660045
     35.000000000000   0.96269794960288
     36.000000000000   0.96274322839409
     37.000000000000   0.96278979391195
     38.000000000000   0.96283764712464
     39.000000000000   0.96288678903103
     40.000000000000   0.96293722066095
     41.000000000000   0.96298894307569
     42.000000000000   0.96304195736826
     43.000000000000   0.96309626466389
     44.000000000000   0.96315186612041
     45.000000000000   0.96320876292865
     46.000000000000   0.96326695631295
     47.000000000000   0.96332644753155
     48.000000000000   0.96338723787715
     49.000000000000   0.96344932867732
     50.000000000000   0.96351272129505
     51.000000000000   0.96357741712930
     52.000000000000   0.96364341761550
     53.000000000000   0.96371072422613
     54.000000000000   0.96377933847134
     55.000000000000   0.96384926189947
     56.000000000000   0.96392049609778
     57.000000000000   0.96399304269299
     58.000000000000   0.96406690335200
     59.000000000000   0.96414207978258
     60.000000000000   0.96421857373406
     61.000000000000   0.96429638699806
     62.000000000000   0.96437552140925
     63.000000000000   0.96445597884616
     64.000000000000   0.96453776123196
     65.000000000000   0.96462087053527
     66.000000000000   0.96470530877108
     67.000000000000   0.96479107800162
     68.000000000000   0.96487818033726
     69.000000000000   0.96496661793746
     70.000000000000   0.96505639301182
     71.000000000000   0.96514750782099
     72.000000000000   0.96523996467782
     73.000000000000   0.96533376594838
     74.000000000000   0.96542891405312
     75.000000000000   0.96552541146802
     76.000000000000   0.96562326072577
     77.000000000000   0.96572246441707
     78.000000000000   0.96582302519184
     79.000000000000   0.96592494576062
     80.000000000000   0.96602822889589
     81.000000000000   0.96613287743352
     82.000000000000   0.96623889427427
     83.000000000000   0.96634628238525
     84.000000000000   0.96645504480156
     85.000000000000   0.96656518462790
     86.000000000000   0.96667670504028
     87.000000000000   0.96678960928775
     88.000000000000   0.96690390069426
     89.000000000000   0.96701958266049
     90.000000000000   0.96713665866588
     91.000000000000   0.96725513227060
     92.000000000000   0.96737500711768
     93.000000000000   0.96749628693517
     94.000000000000   0.96761897553846
     95.000000000000   0.96774307683257
     96.000000000000   0.96786859481461
     97.000000000000   0.96799553357636
     98.000000000000   0.96812389730685
     99.000000000000   0.96825369029512
    100.000000000000   0.96838491693306
    101.000000000000   0.96851758171840
    102.000000000000   0.96865168925775
    103.000000000000   0.96878724426982
    104.000000000000   0.96892425158878
    105.000000000000   0.96906271616767
     106.00000000000   0.96920264308209
     107.00000000000   0.96934403753392
     108.00000000000   0.96948690485525
     109.00000000000   0.96963125051249
     110.00000000000   0.96977708011066
     111.00000000000   0.96992439939777
     112.00000000000   0.97007321426957
     113.00000000000   0.97022353077434
     114.00000000000   0.97037535511798
     115.00000000000   0.97052869366933
     116.00000000000   0.97068355296568
     117.00000000000   0.97083993971861
     118.00000000000   0.97099786082004
     119.00000000000   0.97115732334857
     120.00000000000   0.97131833457617
     121.00000000000   0.97148090197512
     122.00000000000   0.97164503322534
     123.00000000000   0.97181073622205
     124.00000000000   0.97197801908386
     125.00000000000   0.97214689016117
     126.00000000000   0.97231735804506
     127.00000000000   0.97248943157669
     128.00000000000   0.97266311985703
     129.00000000000   0.97283843225726
     130.00000000000   0.97301537842964
     131.00000000000   0.97319396831895
     132.00000000000   0.97337421217464
     133.00000000000   0.97355612056353
     134.00000000000   0.97373970438330
     135.00000000000   0.97392497487673
     136.00000000000   0.97411194364673
     137.00000000000   0.97430062267226
     138.00000000000   0.97449102432517
     139.00000000000   0.97468316138806
     140.00000000000   0.97487704707319
     141.00000000000   0.97507269504258
     142.00000000000   0.97527011942933
     143.00000000000   0.97546933486030
     144.00000000000   0.97567035648022
     145.00000000000   0.97587319997737
     146.00000000000   0.97607788161097
     147.00000000000   0.97628441824032
     148.00000000000   0.97649282735606
     149.00000000000   0.97670312711342
     150.00000000000   0.97691533636793
     151.00000000000   0.97712947471358
     152.00000000000   0.97734556252377
     153.00000000000   0.97756362099532
     154.00000000000   0.97778367219569
     155.00000000000   0.97800573911388
     156.00000000000   0.97822984571517
     157.00000000000   0.97845601700032
     158.00000000000   0.97868427906941
     159.00000000000   0.97891465919099
     160.00000000000   0.97914718587696
     161.00000000000   0.97938188896388
     162.00000000000   0.97961879970128
     163.00000000000   0.97985795084793
     164.00000000000   0.98009937677673
     165.00000000000   0.98034311358932
     166.00000000000   0.98058919924169
     167.00000000000   0.98083767368175
     168.00000000000   0.98108857900075
     169.00000000000   0.98134195959993
     170.00000000000   0.98159786237463
     171.00000000000   0.98185633691798
     172.00000000000   0.98211743574699
     173.00000000000   0.98238121455402
     174.00000000000   0.98264773248740
     175.00000000000   0.98291705246545
     176.00000000000   0.98318924152903
     177.00000000000   0.98346437123865
     178.00000000000   0.98374251812347
     179.00000000000   0.98402376419083
     180.00000000000   0.98430819750704
     181.00000000000   0.98459591286219
     182.00000000000   0.98488701253499
     183.00000000000   0.98518160717738
     184.00000000000   0.98547981684340
     185.00000000000   0.98578177219390
     186.00000000000   0.98608761591700
     187.00000000000   0.98639750441663
     188.00000000000   0.98671160983848
     189.00000000000   0.98703012252686
     190.00000000000   0.98735325404200
     191.00000000000   0.98768124091979
     192.00000000000   0.98801434943503
     193.00000000000   0.98835288174300
     194.00000000000   0.98869718393128
     195.00000000000   0.98904765670683
     196.00000000000   0.98940476963190
     197.00000000000   0.98976907989028
     198.00000000000   0.99014125628190
     199.00000000000   0.99052210812077
     200.00000000000   0.99091261642767
     201.00000000000   0.99131396075421
     202.00000000000   0.99172752897361
     203.00000000000   0.99215489009270
     204.00000000000   0.99259770362146
     205.00000000000   0.99305753691279
     206.00000000000   0.99353556882313
     207.00000000000   0.99403217807416
     208.00000000000   0.99454644858828
     209.00000000000   0.99507566670109
     210.00000000000   0.99561492446443
     211.00000000000   0.99615696242330
     212.00000000000   0.99669236851640
     213.00000000000   0.99721019028278
     214.00000000000   0.99769892380078
     215.00000000000   0.99814773924935
     216.00000000000   0.99854772339601
     217.00000000000   0.99889289390654
     218.00000000000   0.99918078264313
     219.00000000000   0.99941248474342
     220.00000000000   0.99959219611025
     221.00000000000   0.99972637423597
     222.00000000000   0.99982272331147
     223.00000000000   0.99988921040589
     224.00000000000   0.99993327292358
     225.00000000000   0.99996130181967
     226.00000000000   0.99997840774566
     227.00000000000   0.99998841973767
     228.00000000000   0.99999403774273
     229.00000000000   0.99999705913188
     230.00000000000   0.99999861612469
     231.00000000000   0.99999938477520
     232.00000000000   0.99999974823194
     233.00000000000   0.99999991281587
     234.00000000000   0.99999998417854
     235.00000000000    1.0000000138029
     236.00000000000    1.0000000255756
     237.00000000000    1.0000000300537
     238.00000000000    1.0000000316841
     239.00000000000    1.0000000322522
     240.00000000000    1.0000000324417
     241.00000000000    1.0000000325021
     242.00000000000    1.0000000325206
     243.00000000000    1.0000000325259
     244.00000000000    1.0000000325274
     245.00000000000    1.0000000325279
     246.00000000000    1.0000000325280
     247.00000000000    1.0000000325280
     248.00000000000    1.0000000325280
     249.00000000000    1.0000000325280
     250.00000000000    1.0000000325280
     251.00000000000    1.0000000325280
     252.00000000000    1.0000000325280
     253.00000000000    1.0000000325280
     254.00000000000    1.0000000325280
     255.00000000000    1.0000000325280
     256.00000000000    1.0000000325280
     257.00000000000    1.0000000325280
     258.00000000000    1.0000000325280
     259.00000000000    1.0000000325280
     260.00000000000    1.0000000325280
     261.00000000000    1.0000000325280
     262.00000000000    1.0000000325280
     263.00000000000    1.0000000325280
     264.00000000000    1.0000000325280
     265.00000000000    1.0000000325280
     266.00000000000    1.0000000325280
     267.00000000000    1.0000000325280
     268.00000000000    1.0000000325280
     269.00000000000    1.0000000325280
     270.00000000000    1.0000000325280
     271.00000000000    1.0000000325280
     272.00000000000    1.0000000325280
     273.00000000000    1.0000000325280
     274.00000000000    1.0000000325280
     275.00000000000    1.0000000325280
     276.00000000000    1.0000000325280
     277.00000000000    1.0000000325280
     278.00000000000    1.0000000325280
     279.00000000000    1.0000000325280
     280.00000000000    1.0000000325280
     281.00000000000    1.0000000325280
     282.00000000000    1.0000000325280
     283.00000000000    1.0000000325280
     284.00000000000    1.0000000325280
     285.00000000000    1.0000000325280
     286.00000000000    1.0000000325280
     287.00000000000    1.0000000325280
     288.00000000000    1.0000000325280
     289.00000000000    1.0000000325280
     290.00000000000    1.0000000325280
     291.00000000000    1.0000000325280
     292.00000000000    1.0000000325280
     293.00000000000    1.0000000325280
     294.00000000000    1.0000000325280
     295.00000000000    1.0000000325280
     296.00000000000    1.0000000325280
     297.00000000000    1.0000000325280
     298.00000000000    1.0000000325280
     299.00000000000    1.0000000325280
     300.00000000000    1.0000000325280
     301.00000000000    1.0000000325280
     302.00000000000    1.0000000325280
     303.00000000000    1.0000000325280
     304.00000000000    1.0000000325280
     305.00000000000    1.0000000325280
     306.00000000000    1.0000000325280
     307.00000000000    1.0000000325280
     308.00000000000    1.0000000325280
     309.00000000000    1.0000000325280
     310.00000000000    1.0000000325280
     311.00000000000    1.0000000325280
     312.00000000000    1.0000000325280
     313.00000000000    1.0000000325280
     314.00000000000    1.0000000325280
     315.00000000000    1.0000000325280
     316.00000000000    1.0000000325280
     317.00000000000    1.0000000325280
     318.00000000000    1.0000000325280
     319.00000000000    1.0000000325280
     320.00000000000    1.0000000325280
     321.00000000000    1.0000000325280
     322.00000000000    1.0000000325280
     323.00000000000    1.0000000325280
     324.00000000000    1.0000000325280
     325.00000000000    1.0000000325280
     326.00000000000    1.0000000325280
     327.00000000000    1.0000000325280
     328.00000000000    1.0000000325280
     329.00000000000    1.0000000325280
     330.00000000000    1.0000000325280
     331.00000000000    1.0000000325280
     332.00000000000    1.0000000325280
     333.00000000000    1.0000000325280
     334.00000000000    1.0000000325280
     335.00000000000    1.0000000325280
     336.00000000000    1.0000000325280
     337.00000000000    1.0000000325280
     338.00000000000    1.0000000325280
     339.00000000000    1.0000000325280
     340.00000000000    1.0000000325280
     341.00000000000    1.0000000325280
     342.00000000000    1.0000000325280
     343.00000000000    1.0000000325280
     344.00000000000    1.0000000325280
     345.00000000000    1.0000000325280
     346.00000000000    1.0000000325280
     347.00000000000    1.0000000325280
     348.00000000000    1.0000000325280
     349.00000000000    1.0000000325280
     350.00000000000    1.0000000325280
     351.00000000000    1.0000000325280
     352.00000000000    1.0000000325280
     353.00000000000    1.0000000325280
     354.00000000000    1.0000000325280
     355.00000000000    1.0000000325280
     356.00000000000    1.0000000325280
     357.00000000000    1.0000000325280
     358.00000000000    1.0000000325280
     359.00000000000    1.0000000325280
     360.00000000000    1.0000000325280
     361.00000000000    1.0000000325280
     362.00000000000    1.0000000325280
     363.00000000000    1.0000000325280
     364.00000000000    1.0000000325280
     365.00000000000    1.0000000325280
     366.00000000000    1.0000000325280
     367.00000000000    1.0000000325280
     368.00000000000    1.0000000325280
     369.00000000000    1.0000000325280
     370.00000000000    1.0000000325280
     371.00000000000    1.0000000325280
     372.00000000000    1.0000000325280
     373.00000000000    1.0000000325280
     374.00000000000    1.0000000325280
     375.00000000000    1.0000000325280
     376.00000000000    1.0000000325280
     377.00000000000    1.0000000325280
     378.00000000000    1.0000000325280
     379.00000000000    1.0000000325280
     380.00000000000    1.0000000325280
     381.00000000000    1.0000000325280
     382.00000000000    1.0000000325280
     383.00000000000    1.0000000325280
     384.00000000000    1.0000000325280
     385.00000000000    1.0000000325280
     386.00000000000    1.0000000325280
     387.00000000000    1.0000000325280
     388.00000000000    1.0000000325280
     389.00000000000    1.0000000325280
     390.00000000000    1.0000000325280
     391.00000000000    1.0000000325280
     392.00000000000    1.0000000325280
     393.00000000000    1.0000000325280
     394.00000000000    1.0000000325280
     395.00000000000    1.0000000325280
     396.00000000000    1.0000000325280
     397.00000000000    1.0000000325280
     398.00000000000    1.0000000325280
     399.00000000000    1.0000000325280
     400.00000000000    1.0000000325280
     401.00000000000    1.0000000325280
     402.00000000000    1.0000000325280
     403.00000000000    1.0000000325280
     404.00000000000    1.0000000325280
     405.00000000000    1.0000000325280
     406.00000000000    1.0000000325280
     407.00000000000    1.0000000325280
     408.00000000000    1.0000000325280
     409.00000000000    1.0000000325280
     410.00000000000    1.0000000325280
     411.00000000000    1.0000000325280
     412.00000000000    1.0000000325280
     413.00000000000    1.0000000325280
     414.00000000000    1.0000000325280
     415.00000000000    1.0000000325280
     416.00000000000    1.0000000325280
     417.00000000000    1.0000000325280
     418.00000000000    1.0000000325280
     419.00000000000    1.0000000325280
     420.00000000000    1.0000000325280
     421.00000000000    1.0000000325280
     422.00000000000    1.0000000325280
     423.00000000000    1.0000000325280
     424.00000000000    1.0000000325280
     425.00000000000    1.0000000325280
     426.00000000000    1.0000000325280
     427.00000000000    1.0000000325280
     428.00000000000    1.0000000325280
     429.00000000000    1.0000000325280
     430.00000000000    1.0000000325280
     431.00000000000    1.0000000325280
     432.00000000000    1.0000000325280
     433.00000000000    1.0000000325280
     434.00000000000    1.0000000325280
     435.00000000000    1.0000000325280
     436.00000000000    1.0000000325280
     437.00000000000    1.0000000325280
     438.00000000000    1.0000000325280
     439.00000000000    1.0000000325280
     440.00000000000    1.0000000325280
     441.00000000000    1.0000000325280
     442.00000000000    1.0000000325280
     443.00000000000    1.0000000325280
     444.00000000000    1.0000000325280
     445.00000000000    1.0000000325280
     446.00000000000    1.0000000325280
     447.00000000000    1.0000000325280
     448.00000000000    1.0000000325280
     449.00000000000    1.0000000325280
     450.00000000000    1.0000000325280
     451.00000000000    1.0000000325280
     452.00000000000    1.0000000325280
     453.00000000000    1.0000000325280
     454.00000000000    1.0000000325280
     455.00000000000    1.0000000325280
     456.00000000000    1.0000000325280
     457.00000000000    1.0000000325280
     458.00000000000    1.0000000325280
     459.00000000000    1.0000000325280
     460.00000000000    1.0000000325280
     461.00000000000    1.0000000325280
     462.00000000000    1.0000000325280
     463.00000000000    1.0000000325280
     464.00000000000    1.0000000325280
     465.00000000000    1.0000000325280
     466.00000000000    1.0000000325280
     467.00000000000    1.0000000325280
     468.00000000000    1.0000000325280
     469.00000000000    1.0000000325280
     470.00000000000    1.0000000325280
     471.00000000000    1.0000000325280
     472.00000000000    1.0000000325280
     473.00000000000    1.0000000325280
     474.00000000000    1.0000000325280
     475.00000000000    1.0000000325280
     476.00000000000    1.0000000325280
     477.00000000000    1.0000000325280
     478.00000000000    1.0000000325280
     479.00000000000    1.0000000325280
     480.00000000000    1.0000000325280
     481.00000000000    1.0000000325280
     482.00000000000    1.0000000325280
     483.00000000000    1.0000000325280
     484.00000000000    1.0000000325280
     485.00000000000    1.0000000325280
     486.00000000000    1.0000000325280
     487.00000000000    1.0000000325280
     488.00000000000    1.0000000325280
     489.00000000000    1.0000000325280
     490.00000000000    1.0000000325280
     491.00000000000    1.0000000325280
     492.00000000000    1.0000000325280
     493.00000000000    1.0000000325280
     494.00000000000    1.0000000325280
     495.00000000000    1.0000000325280
     496.00000000000    1.0000000325280
     497.00000000000    1.0000000325280
     498.00000000000    1.0000000325280
     499.00000000000    1.0000000325280
     500.00000000000    1.0000000325280
