    -500.00000000000    1.0000000325280
    -499.00000000000    1.0000000325280
    -498.00000000000    1.0000000325280
    -497.00000000000    1.0000000325280
    -496.00000000000    1.0000000325280
    -495.00000000000    1.0000000325280
    -494.00000000000    1.0000000325280
    -493.00000000000    1.0000000325280
    -492.00000000000    1.0000000325280
    -491.00000000000    1.0000000325280
    -490.00000000000    1.0000000325280
    -489.00000000000    1.0000000325280
    -488.00000000000    1.0000000325280
    -487.00000000000    1.0000000325280
    -486.00000000000    1.0000000325280
    -485.00000000000    1.0000000325280
    -484.00000000000    1.0000000325280
    -483.00000000000    1.0000000325280
    -482.00000000000    1.0000000325280
    -481.00000000000    1.0000000325280
    -480.00000000000    1.0000000325280
    -479.00000000000    1.0000000325280
    -478.00000000000    1.0000000325280
    -477.00000000000    1.0000000325280
    -476.00000000000    1.0000000325280
    -475.00000000000    1.0000000325280
    -474.00000000000    1.0000000325280
    -473.00000000000    1.0000000325280
    -472.00000000000    1.0000000325280
    -471.00000000000    1.0000000325280
    -470.00000000000    1.0000000325280
    -469.00000000000    1.0000000325280
    -468.00000000000    1.0000000325280
    -467.00000000000    1.0000000325280
    -466.00000000000    1.0000000325280
    -465.00000000000    1.0000000325280
    -464.00000000000    1.0000000325280
    -463.00000000000    1.0000000325280
    -462.00000000000    1.0000000325280
    -461.00000000000    1.0000000325280
    -460.00000000000    1.0000000325280
    -459.00000000000    1.0000000325280
    -458.00000000000    1.0000000325280
    -457.00000000000    1.0000000325280
    -456.00000000000    1.0000000325280
    -455.00000000000    1.0000000325280
    -454.00000000000    1.0000000325280
    -453.00000000000    1.0000000325280
    -452.00000000000    1.0000000325280
    -451.00000000000    1.0000000325280
    -450.00000000000    1.0000000325280
    -449.00000000000    1.0000000325280
    -448.00000000000    1.0000000325280
    -447.00000000000    1.0000000325280
    -446.00000000000    1.0000000325280
    -445.00000000000    1.0000000325280
    -444.00000000000    1.0000000325280
    -443.00000000000    1.0000000325280
    -442.00000000000    1.0000000325280
    -441.00000000000    1.0000000325280
    -440.00000000000    1.0000000325280
    -439.00000000000    1.0000000325280
    -438.00000000000    1.0000000325280
    -437.00000000000    1.0000000325280
    -436.00000000000    1.0000000325280
    -435.00000000000    1.0000000325280
    -434.00000000000    1.0000000325280
    -433.00000000000    1.0000000325280
    -432.00000000000    1.0000000325280
    -431.00000000000    1.0000000325280
    -430.00000000000    1.0000000325280
    -429.00000000000    1.0000000325280
    -428.00000000000    1.0000000325280
    -427.00000000000    1.0000000325280
    -426.00000000000    1.0000000325280
    -425.00000000000    1.0000000325280
    -424.00000000000    1.0000000325280
    -423.00000000000    1.0000000325280
    -422.00000000000    1.0000000325280
    -421.00000000000    1.0000000325280
    -420.00000000000    1.0000000325280
    -419.00000000000    1.0000000325280
    -418.00000000000    1.0000000325280
    -417.00000000000    1.0000000325280
    -416.00000000000    1.0000000325280
    -415.00000000000    1.0000000325280
    -414.00000000000    1.0000000325280
    -413.00000000000    1.0000000325280
    -412.00000000000    1.0000000325280
    -411.00000000000    1.0000000325280
    -410.00000000000    1.0000000325280
    -409.00000000000    1.0000000325280
    -408.00000000000    1.0000000325280
    -407.00000000000    1.0000000325280
    -406.00000000000    1.0000000325280
    -405.00000000000    1.0000000325280
    -404.00000000000    1.0000000325280
    -403.00000000000    1.0000000325280
    -402.00000000000    1.0000000325280
    -401.00000000000    1.0000000325280
    -400.00000000000    1.0000000325280
    -399.00000000000    1.0000000325280
    -398.00000000000    1.0000000325280
    -397.00000000000    1.0000000325280
    -396.00000000000    1.0000000325280
    -395.00000000000    1.0000000325280
    -394.00000000000    1.0000000325280
    -393.00000000000    1.0000000325280
    -392.00000000000    1.0000000325280
    -391.00000000000    1.0000000325280
    -390.00000000000    1.0000000325280
    -389.00000000000    1.0000000325280
    -388.00000000000    1.0000000325280
    -387.00000000000    1.0000000325280
    -386.00000000000    1.0000000325280
    -385.00000000000    1.0000000325280
    -384.00000000000    1.0000000325280
    -383.00000000000    1.0000000325280
    -382.00000000000    1.0000000325280
    -381.00000000000    1.0000000325280
    -380.00000000000    1.0000000325280
    -379.00000000000    1.0000000325280
    -378.00000000000    1.0000000325280
    -377.00000000000    1.0000000325280
    -376.00000000000    1.0000000325280
    -375.00000000000    1.0000000325280
    -374.00000000000    1.0000000325280
    -373.00000000000    1.0000000325280
    -372.00000000000    1.0000000325280
    -371.00000000000    1.0000000325280
    -370.00000000000    1.0000000325280
    -369.00000000000    1.0000000325280
    -368.00000000000    1.0000000325280
    -367.00000000000    1.0000000325280
    -366.00000000000    1.0000000325280
    -365.00000000000    1.0000000325280
    -364.00000000000    1.0000000325280
    -363.00000000000    1.0000000325280
    -362.00000000000    1.0000000325280
    -361.00000000000    1.0000000325280
    -360.00000000000    1.0000000325280
    -359.00000000000    1.0000000325280
    -358.00000000000    1.0000000325280
    -357.00000000000    1.0000000325280
    -356.00000000000    1.0000000325280
    -355.00000000000    1.0000000325280
    -354.00000000000    1.0000000325280
    -353.00000000000    1.0000000325280
    -352.00000000000    1.0000000325280
    -351.00000000000    1.0000000325280
    -350.00000000000    1.0000000325280
    -349.00000000000    1.0000000325280
    -348.00000000000    1.0000000325280
    -347.00000000000    1.0000000325280
    -346.00000000000    1.0000000325280
    -345.00000000000    1.0000000325280
    -344.00000000000    1.0000000325280
    -343.00000000000    1.0000000325280
    -342.00000000000    1.0000000325280
    -341.00000000000    1.0000000325280
    -340.00000000000    1.0000000325280
    -339.00000000000    1.0000000325280
    -338.00000000000    1.0000000325280
    -337.00000000000    1.0000000325280
    -336.00000000000    1.0000000325280
    -335.00000000000    1.0000000325280
    -334.00000000000    1.0000000325280
    -333.00000000000    1.0000000325280
    -332.00000000000    1.0000000325280
    -331.00000000000    1.0000000325280
    -330.00000000000    1.0000000325280
    -329.00000000000    1.0000000325280
    -328.00000000000    1.0000000325280
    -327.00000000000    1.0000000325280
    -326.00000000000    1.0000000325280
    -325.00000000000    1.0000000325280
    -324.00000000000    1.0000000325280
    -323.00000000000    1.0000000325280
    -322.00000000000    1.0000000325280
    -321.00000000000    1.0000000325280
    -320.00000000000    1.0000000325280
    -319.00000000000    1.0000000325280
    -318.00000000000    1.0000000325280
    -317.00000000000    1.0000000325280
    -316.00000000000    1.0000000325280
    -315.00000000000    1.0000000325280
    -314.00000000000    1.0000000325280
    -313.00000000000    1.0000000325280
    -312.00000000000    1.0000000325280
    -311.00000000000    1.0000000325280
    -310.00000000000    1.0000000325280
    -309.00000000000    1.0000000325280
    -308.00000000000    1.0000000325280
    -307.00000000000    1.0000000325280
    -306.00000000000    1.0000000325280
    -305.00000000000    1.0000000325280
    -304.00000000000    1.0000000325280
    -303.00000000000    1.0000000325280
    -302.00000000000    1.0000000325280
    -301.00000000000    1.0000000325280
    -300.00000000000    1.0000000325280
    -299.00000000000    1.0000000325280
    -298.00000000000    1.0000000325280
    -297.00000000000    1.0000000325280
    -296.00000000000    1.0000000325280
    -295.00000000000    1.0000000325280
    -294.00000000000    1.0000000325280
    -293.00000000000    1.0000000325280
    -292.00000000000    1.0000000325280
    -291.00000000000    1.0000000325280
    -290.00000000000    1.0000000325280
    -289.00000000000    1.0000000325280
    -288.00000000000    1.0000000325280
    -287.00000000000    1.0000000325280
    -286.00000000000    1.0000000325280
    -285.00000000000    1.0000000325280
    -284.00000000000    1.0000000325280
    -283.00000000000    1.0000000325280
    -282.00000000000    1.0000000325280
    -281.00000000000    1.0000000325280
    -280.00000000000    1.0000000325280
    -279.00000000000    1.0000000325280
    -278.00000000000    1.0000000325280
    -277.00000000000    1.0000000325280
    -276.00000000000    1.0000000325280
    -275.00000000000    1.0000000325280
    -274.00000000000    1.0000000325280
    -273.00000000000    1.0000000325280
    -272.00000000000    1.0000000325280
    -271.00000000000    1.0000000325280
    -270.00000000000    1.0000000325280
    -269.00000000000    1.0000000325280
    -268.00000000000    1.0000000325280
    -267.00000000000    1.0000000325280
    -266.00000000000    1.0000000325280
    -265.00000000000    1.0000000325280
    -264.00000000000    1.0000000325280
    -263.00000000000    1.0000000325280
    -262.00000000000    1.0000000325280
    -261.00000000000    1.0000000325280
    -260.00000000000    1.0000000325280
    -259.00000000000    1.0000000325280
    -258.00000000000    1.0000000325280
    -257.00000000000    1.0000000325280
    -256.00000000000    1.0000000325280
    -255.00000000000    1.0000000325280
    -254.00000000000    1.0000000325280
    -253.00000000000    1.0000000325280
    -252.00000000000    1.0000000325280
    -251.00000000000    1.0000000325280
    -250.00000000000    1.0000000325280
    -249.00000000000    1.0000000325280
    -248.00000000000    1.0000000325280
    -247.00000000000    1.0000000325280
    -246.00000000000    1.0000000325280
    -245.00000000000    1.0000000325280
    -244.00000000000    1.0000000325280
    -243.00000000000    1.0000000325280
    -242.00000000000    1.0000000325280
    -241.00000000000    1.0000000325280
    -240.00000000000    1.0000000325280
    -239.00000000000    1.0000000325280
    -238.00000000000    1.0000000325280
    -237.00000000000    1.0000000325280
    -236.00000000000    1.0000000325280
    -235.00000000000    1.0000000325280
    -234.00000000000    1.0000000325280
    -233.00000000000    1.0000000325280
    -232.00000000000    1.0000000325280
    -231.00000000000    1.0000000325280
    -230.00000000000    1.0000000325280
    -229.00000000000    1.0000000325280
    -228.00000000000    1.0000000325280
    -227.00000000000    1.0000000325280
    -226.00000000000    1.0000000325280
    -225.00000000000    1.0000000325280
    -224.00000000000    1.0000000325280
    -223.00000000000    1.0000000325280
    -222.00000000000    1.0000000325280
    -221.00000000000    1.0000000325280
    -220.00000000000    1.0000000325280
    -219.00000000000    1.0000000325280
    -218.00000000000    1.0000000325280
    -217.00000000000    1.0000000325280
    -216.00000000000    1.0000000325280
    -215.00000000000    1.0000000325280
    -214.00000000000    1.0000000325280
    -213.00000000000    1.0000000325280
    -212.00000000000    1.0000000325280
    -211.00000000000    1.0000000325280
    -210.00000000000    1.0000000325280
    -209.00000000000    1.0000000325280
    -208.00000000000    1.0000000325280
    -207.00000000000    1.0000000325280
    -206.00000000000    1.0000000325280
    -205.00000000000    1.0000000325280
    -204.00000000000    1.0000000325280
    -203.00000000000    1.0000000325280
    -202.00000000000    1.0000000325280
    -201.00000000000    1.0000000325280
    -200.00000000000    1.0000000325280
    -199.00000000000    1.0000000325280
    -198.00000000000    1.0000000325280
    -197.00000000000    1.0000000325280
    -196.00000000000    1.0000000325280
    -195.00000000000    1.0000000325280
    -194.00000000000    1.0000000325280
    -193.00000000000    1.0000000325280
    -192.00000000000    1.0000000325280
    -191.00000000000    1.0000000325280
    -190.00000000000    1.0000000325280
    -189.00000000000    1.0000000325280
    -188.00000000000    1.0000000325280
    -187.00000000000    1.0000000325280
    -186.00000000000    1.0000000325280
    -185.00000000000    1.0000000325280
    -184.00000000000    1.0000000325280
    -183.00000000000    1.0000000325280
    -182.00000000000    1.0000000325280
    -181.00000000000    1.0000000325280
    -180.00000000000    1.0000000325280
    -179.00000000000    1.0000000325280
    -178.00000000000    1.0000000325280
    -177.00000000000    1.0000000325280
    -176.00000000000    1.0000000325280
    -175.00000000000    1.0000000325280
    -174.00000000000    1.0000000325280
    -173.00000000000    1.0000000325280
    -172.00000000000    1.0000000325280
    -171.00000000000    1.0000000325280
    -170.00000000000    1.0000000325280
    -169.00000000000    1.0000000325280
    -168.00000000000    1.0000000325280
    -167.00000000000    1.0000000325280
    -166.00000000000    1.0000000325280
    -165.00000000000    1.0000000325280
    -164.00000000000    1.0000000325280
    -163.00000000000    1.0000000325280
    -162.00000000000    1.0000000325280
    -161.00000000000    1.0000000325280
    -160.00000000000    1.0000000325279
    -159.00000000000    1.0000000325277
    -158.00000000000    1.0000000325268
    -157.00000000000    1.0000000325235
    -156.00000000000    1.0000000325115
    -155.00000000000    1.0000000324707
    -154.00000000000    1.0000000323368
    -153.00000000000    1.0000000319171
    -152.00000000000    1.0000000306579
    -151.00000000000    1.0000000270421
    -150.00000000000    1.0000000171057
    -149.00000000000   0.99999999096975
    -148.00000000000   0.99999992516413
    -147.00000000000   0.99999976654808
    -146.00000000000   0.99999940049799
    -145.00000000000   0.99999859159017
    -144.00000000000   0.99999687965984
    -143.00000000000   0.99999340930412
    -142.00000000000   0.99998666952724
    -141.00000000000   0.99997412668870
    -140.00000000000   0.99995175314242
    -139.00000000000   0.99991348917523
    -138.00000000000   0.99985072527703
    -137.00000000000   0.99975194539900
    -136.00000000000   0.99960271056511
    -135.00000000000   0.99938616141010
    -134.00000000000   0.99908415687425
    -133.00000000000   0.99867903907557
    -132.00000000000   0.99815584167308
    -131.00000000000   0.99750458787485
    -130.00000000000   0.99672221616823
    -129.00000000000   0.99581367963607
    -128.00000000000   0.99479190725579
    -127.00000000000   0.99367656351099
    -126.00000000000   0.99249182416546
    -125.00000000000   0.99126361256194
    -124.00000000000   0.99001684170480
    -123.00000000000   0.98877315763440
    -122.00000000000   0.98754950726318
    -121.00000000000   0.98635762496819
    -120.00000000000   0.98520432184083
    -119.00000000000   0.98409232511632
    -118.00000000000   0.98302137325336
    -117.00000000000   0.98198931064030
    -116.00000000000   0.98099301077474
    -115.00000000000   0.98002905076295
    -114.00000000000   0.97909413593122
    -113.00000000000   0.97818531921416
    -112.00000000000   0.97730007690480
    -111.00000000000   0.97643629887894
    -110.00000000000   0.97559223774576
    -109.00000000000   0.97476644561457
    -108.00000000000   0.97395771394789
    -107.00000000000   0.97316502290188
    -106.00000000000   0.97238750135114
   -105.000000000000   0.97162439638418
   -104.000000000000   0.97087505031089
   -103.000000000000   0.97013888329297
   -102.000000000000   0.96941538007119
   -101.000000000000   0.96870407965919
   -100.000000000000   0.96800456720172
    -99.000000000000   0.96731646743708
    -98.000000000000   0.96663943937108
    -97.000000000000   0.96597317188358
    -96.000000000000   0.96531738006524
    -95.000000000000   0.96467180213486
    -94.000000000000   0.96403619682426
    -93.000000000000   0.96341034114376
    -92.000000000000   0.96279402846076
    -91.000000000000   0.96218706683779
    -90.000000000000   0.96158927758749
    -89.000000000000   0.96100049400995
    -88.000000000000   0.96042056028461
    -87.000000000000   0.95984933049354
    -86.000000000000   0.95928666775740
    -85.000000000000   0.95873244346819
    -84.000000000000   0.95818653660565
    -83.000000000000   0.95764883312627
    -82.000000000000   0.95711922541559
    -81.000000000000   0.95659761179581
    -80.000000000000   0.95608389608197
    -79.000000000000   0.95557798718080
    -78.000000000000   0.95507979872751
    -77.000000000000   0.95458924875586
    -76.000000000000   0.95410625939811
    -75.000000000000   0.95363075661133
    -74.000000000000   0.95316266992750
    -73.000000000000   0.95270193222472
    -72.000000000000   0.95224847951743
    -71.000000000000   0.95180225076380
    -70.000000000000   0.95136318768847
    -69.000000000000   0.95093123461928
    -68.000000000000   0.95050633833653
    -67.000000000000   0.95008844793380
    -66.000000000000   0.94967751468904
    -65.000000000000   0.94927349194518
    -64.000000000000   0.94887633499931
    -63.000000000000   0.94848600099981
    -62.000000000000   0.94810244885061
    -61.000000000000   0.94772563912207
    -60.000000000000   0.94735553396793
    -59.000000000000   0.94699209704776
    -58.000000000000   0.94663529345460
    -57.000000000000   0.94628508964728
    -56.000000000000   0.94594145338706
    -55.000000000000   0.94560435367832
    -54.000000000000   0.94527376071293
    -53.000000000000   0.94494964581812
    -52.000000000000   0.94463198140745
    -51.000000000000   0.94432074093484
    -50.000000000000   0.94401589885120
    -49.000000000000   0.94371743056382
    -48.000000000000   0.94342531239793
    -47.000000000000   0.94313952156064
    -46.000000000000   0.94286003610687
    -45.000000000000   0.94258683490723
    -44.000000000000   0.94231989761770
    -43.000000000000   0.94205920465106
    -42.000000000000   0.94180473714981
    -41.000000000000   0.94155647696067
    -40.000000000000   0.94131440661041
    -39.000000000000   0.94107850928305
    -38.000000000000   0.94084876879825
    -37.000000000000   0.94062516959087
    -36.000000000000   0.94040769669165
    -35.000000000000   0.94019633570891
    -34.000000000000   0.93999107281122
    -33.000000000000   0.93979189471099
    -32.000000000000   0.93959878864896
    -31.000000000000   0.93941174237949
    -30.000000000000   0.93923074415664
    -29.000000000000   0.93905578272101
    -28.000000000000   0.93888684728726
    -27.000000000000   0.93872392753232
    -26.000000000000   0.93856701358424
    -25.000000000000   0.93841609601165
    -24.000000000000   0.93827116581380
    -23.000000000000   0.93813221441116
    -22.000000000000   0.93799923363653
    -21.000000000000   0.93787221572670
    -20.000000000000   0.93775115331455
    -19.000000000000   0.93763603942169
    -18.000000000000   0.93752686745146
    -17.000000000000   0.93742363118243
    -16.000000000000   0.93732632476233
    -15.000000000000   0.93723494270228
    -14.000000000000   0.93714947987156
    -13.000000000000   0.93706993149265
    -12.000000000000   0.93699629313667
    -11.000000000000   0.93692856071918
   -10.0000000000000   0.93686673049634
    -9.0000000000000   0.93681079906137
    -8.0000000000000   0.93676076334139
    -7.0000000000000   0.93671662059454
    -6.0000000000000   0.93667836840743
    -5.0000000000000   0.93664600469295
    -4.0000000000000   0.93661952768829
    -3.0000000000000   0.93659893595337
    -2.0000000000000   0.93658422836949
    -1.0000000000000   0.93657540413829
   0.   0.93657246278107
     1.0000000000000   0.93657540413829
     2.0000000000000   0.93658422836949
     3.0000000000000   0.93659893595337
     4.0000000000000   0.93661952768829
     5.0000000000000   0.93664600469295
     6.0000000000000   0.93667836840743
     7.0000000000000   0.93671662059454
     8.0000000000000   0.93676076334139
     9.0000000000000   0.93681079906137
    10.0000000000000   0.93686673049634
     11.000000000000   0.93692856071918
     12.000000000000   0.93699629313667
     13.000000000000   0.93706993149265
     14.000000000000   0.93714947987156
     15.000000000000   0.93723494270228
     16.000000000000   0.93732632476233
     17.000000000000   0.93742363118243
     18.000000000000   0.93752686745146
     19.000000000000   0.93763603942169
     20.000000000000   0.93775115331455
     21.000000000000   0.93787221572669
     22.000000000000   0.93799923363653
     23.000000000000   0.93813221441116
     24.000000000000   0.93827116581380
     25.000000000000   0.93841609601165
     26.000000000000   0.93856701358424
     27.000000000000   0.93872392753232
     28.000000000000   0.93888684728726
     29.000000000000   0.93905578272101
     30.000000000000   0.93923074415664
     31.000000000000   0.93941174237949
     32.000000000000   0.93959878864896
     33.000000000000   0.93979189471099
     34.000000000000   0.93999107281122
     35.000000000000   0.94019633570891
     36.000000000000   0.94040769669165
     37.000000000000   0.94062516959087
     38.000000000000   0.94084876879825
     39.000000000000   0.94107850928305
     40.000000000000   0.94131440661041
     41.000000000000   0.94155647696067
     42.000000000000   0.94180473714981
     43.000000000000   0.94205920465106
     44.000000000000   0.94231989761770
     45.000000000000   0.94258683490723
     46.000000000000   0.94286003610687
     47.000000000000   0.94313952156064
     48.000000000000   0.94342531239793
     49.000000000000   0.94371743056382
     50.000000000000   0.94401589885120
     51.000000000000   0.94432074093483
     52.000000000000   0.94463198140745
     53.000000000000   0.94494964581812
     54.000000000000   0.94527376071293
     55.000000000000   0.94560435367832
     56.000000000000   0.94594145338706
     57.000000000000   0.94628508964728
     58.000000000000   0.94663529345460
     59.000000000000   0.94699209704776
     60.000000000000   0.94735553396793
     61.000000000000   0.94772563912207
     62.000000000000   0.94810244885061
     63.000000000000   0.94848600099981
     64.000000000000   0.94887633499931
     65.000000000000   0.94927349194518
     66.000000000000   0.94967751468904
     67.000000000000   0.95008844793380
     68.000000000000   0.95050633833653
     69.000000000000   0.95093123461928
     70.000000000000   0.95136318768848
     71.000000000000   0.95180225076380
     72.000000000000   0.95224847951743
     73.000000000000   0.95270193222472
     74.000000000000   0.95316266992750
     75.000000000000   0.95363075661132
     76.000000000000   0.95410625939811
     77.000000000000   0.95458924875586
     78.000000000000   0.95507979872751
     79.000000000000   0.95557798718080
     80.000000000000   0.95608389608197
     81.000000000000   0.95659761179581
     82.000000000000   0.95711922541559
     83.000000000000   0.95764883312627
     84.000000000000   0.95818653660565
     85.000000000000   0.95873244346819
     86.000000000000   0.95928666775740
     87.000000000000   0.95984933049354
     88.000000000000   0.96042056028461
     89.000000000000   0.96100049400995
     90.000000000000   0.96158927758749
     91.000000000000   0.96218706683779
     92.000000000000   0.96279402846076
     93.000000000000   0.96341034114376
     94.000000000000   0.96403619682426
     95.000000000000   0.96467180213486
     96.000000000000   0.96531738006524
     97.000000000000   0.96597317188358
     98.000000000000   0.96663943937108
     99.000000000000   0.96731646743708
    100.000000000000   0.96800456720172
    101.000000000000   0.96870407965919
    102.000000000000   0.96941538007119
    103.000000000000   0.97013888329297
    104.000000000000   0.97087505031089
    105.000000000000   0.97162439638418
     106.00000000000   0.97238750135114
     107.00000000000   0.97316502290187
     108.00000000000   0.97395771394789
     109.00000000000   0.97476644561457
     110.00000000000   0.97559223774576
     111.00000000000   0.97643629887894
     112.00000000000   0.97730007690480
     113.00000000000   0.97818531921416
     114.00000000000   0.97909413593122
     115.00000000000   0.98002905076295
     116.00000000000   0.98099301077474
     117.00000000000   0.98198931064030
     118.00000000000   0.98302137325335
     119.00000000000   0.98409232511632
     120.00000000000   0.98520432184083
     121.00000000000   0.98635762496819
     122.00000000000   0.98754950726318
     123.00000000000   0.98877315763440
     124.00000000000   0.99001684170480
     125.00000000000   0.99126361256194
     126.00000000000   0.99249182416546
     127.00000000000   0.99367656351099
     128.00000000000   0.99479190725579
     129.00000000000   0.99581367963607
     130.00000000000   0.99672221616823
     131.00000000000   0.99750458787485
     132.00000000000   0.99815584167308
     133.00000000000   0.99867903907557
     134.00000000000   0.99908415687425
     135.00000000000   0.99938616141010
     136.00000000000   0.99960271056511
     137.00000000000   0.99975194539900
     138.00000000000   0.99985072527703
     139.00000000000   0.99991348917523
     140.00000000000   0.99995175314242
     141.00000000000   0.99997412668870
     142.00000000000   0.99998666952724
     143.00000000000   0.99999340930412
     144.00000000000   0.99999687965984
     145.00000000000   0.99999859159017
     146.00000000000   0.99999940049799
     147.00000000000   0.99999976654808
     148.00000000000   0.99999992516413
     149.00000000000   0.99999999096975
     150.00000000000    1.0000000171057
     151.00000000000    1.0000000270421
     152.00000000000    1.0000000306579
     153.00000000000    1.0000000319171
     154.00000000000    1.0000000323368
     155.00000000000    1.0000000324707
     156.00000000000    1.0000000325115
     157.00000000000    1.0000000325235
     158.00000000000    1.0000000325268
     159.00000000000    1.0000000325277
     160.00000000000    1.0000000325279
     161.00000000000    1.0000000325280
     162.00000000000    1.0000000325280
     163.00000000000    1.0000000325280
     164.00000000000    1.0000000325280
     165.00000000000    1.0000000325280
     166.00000000000    1.0000000325280
     167.00000000000    1.0000000325280
     168.00000000000    1.0000000325280
     169.00000000000    1.0000000325280
     170.00000000000    1.0000000325280
     171.00000000000    1.0000000325280
     172.00000000000    1.0000000325280
     173.00000000000    1.0000000325280
     174.00000000000    1.0000000325280
     175.00000000000    1.0000000325280
     176.00000000000    1.0000000325280
     177.00000000000    1.0000000325280
     178.00000000000    1.0000000325280
     179.00000000000    1.0000000325280
     180.00000000000    1.0000000325280
     181.00000000000    1.0000000325280
     182.00000000000    1.0000000325280
     183.00000000000    1.0000000325280
     184.00000000000    1.0000000325280
     185.00000000000    1.0000000325280
     186.00000000000    1.0000000325280
     187.00000000000    1.0000000325280
     188.00000000000    1.0000000325280
     189.00000000000    1.0000000325280
     190.00000000000    1.0000000325280
     191.00000000000    1.0000000325280
     192.00000000000    1.0000000325280
     193.00000000000    1.0000000325280
     194.00000000000    1.0000000325280
     195.00000000000    1.0000000325280
     196.00000000000    1.0000000325280
     197.00000000000    1.0000000325280
     198.00000000000    1.0000000325280
     199.00000000000    1.0000000325280
     200.00000000000    1.0000000325280
     201.00000000000    1.0000000325280
     202.00000000000    1.0000000325280
     203.00000000000    1.0000000325280
     204.00000000000    1.0000000325280
     205.00000000000    1.0000000325280
     206.00000000000    1.0000000325280
     207.00000000000    1.0000000325280
     208.00000000000    1.0000000325280
     209.00000000000    1.0000000325280
     210.00000000000    1.0000000325280
     211.00000000000    1.0000000325280
     212.00000000000    1.0000000325280
     213.00000000000    1.0000000325280
     214.00000000000    1.0000000325280
     215.00000000000    1.0000000325280
     216.00000000000    1.0000000325280
     217.00000000000    1.0000000325280
     218.00000000000    1.0000000325280
     219.00000000000    1.0000000325280
     220.00000000000    1.0000000325280
     221.00000000000    1.0000000325280
     222.00000000000    1.0000000325280
     223.00000000000    1.0000000325280
     224.00000000000    1.0000000325280
     225.00000000000    1.0000000325280
     226.00000000000    1.0000000325280
     227.00000000000    1.0000000325280
     228.00000000000    1.0000000325280
     229.00000000000    1.0000000325280
     230.00000000000    1.0000000325280
     231.00000000000    1.0000000325280
     232.00000000000    1.0000000325280
     233.00000000000    1.0000000325280
     234.00000000000    1.0000000325280
     235.00000000000    1.0000000325280
     236.00000000000    1.0000000325280
     237.00000000000    1.0000000325280
     238.00000000000    1.0000000325280
     239.00000000000    1.0000000325280
     240.00000000000    1.0000000325280
     241.00000000000    1.0000000325280
     242.00000000000    1.0000000325280
     243.00000000000    1.0000000325280
     244.00000000000    1.0000000325280
     245.00000000000    1.0000000325280
     246.00000000000    1.0000000325280
     247.00000000000    1.0000000325280
     248.00000000000    1.0000000325280
     249.00000000000    1.0000000325280
     250.00000000000    1.0000000325280
     251.00000000000    1.0000000325280
     252.00000000000    1.0000000325280
     253.00000000000    1.0000000325280
     254.00000000000    1.0000000325280
     255.00000000000    1.0000000325280
     256.00000000000    1.0000000325280
     257.00000000000    1.0000000325280
     258.00000000000    1.0000000325280
     259.00000000000    1.0000000325280
     260.00000000000    1.0000000325280
     261.00000000000    1.0000000325280
     262.00000000000    1.0000000325280
     263.00000000000    1.0000000325280
     264.00000000000    1.0000000325280
     265.00000000000    1.0000000325280
     266.00000000000    1.0000000325280
     267.00000000000    1.0000000325280
     268.00000000000    1.0000000325280
     269.00000000000    1.0000000325280
     270.00000000000    1.0000000325280
     271.00000000000    1.0000000325280
     272.00000000000    1.0000000325280
     273.00000000000    1.0000000325280
     274.00000000000    1.0000000325280
     275.00000000000    1.0000000325280
     276.00000000000    1.0000000325280
     277.00000000000    1.0000000325280
     278.00000000000    1.0000000325280
     279.00000000000    1.0000000325280
     280.00000000000    1.0000000325280
     281.00000000000    1.0000000325280
     282.00000000000    1.0000000325280
     283.00000000000    1.0000000325280
     284.00000000000    1.0000000325280
     285.00000000000    1.0000000325280
     286.00000000000    1.0000000325280
     287.00000000000    1.0000000325280
     288.00000000000    1.0000000325280
     289.00000000000    1.0000000325280
     290.00000000000    1.0000000325280
     291.00000000000    1.0000000325280
     292.00000000000    1.0000000325280
     293.00000000000    1.0000000325280
     294.00000000000    1.0000000325280
     295.00000000000    1.0000000325280
     296.00000000000    1.0000000325280
     297.00000000000    1.0000000325280
     298.00000000000    1.0000000325280
     299.00000000000    1.0000000325280
     300.00000000000    1.0000000325280
     301.00000000000    1.0000000325280
     302.00000000000    1.0000000325280
     303.00000000000    1.0000000325280
     304.00000000000    1.0000000325280
     305.00000000000    1.0000000325280
     306.00000000000    1.0000000325280
     307.00000000000    1.0000000325280
     308.00000000000    1.0000000325280
     309.00000000000    1.0000000325280
     310.00000000000    1.0000000325280
     311.00000000000    1.0000000325280
     312.00000000000    1.0000000325280
     313.00000000000    1.0000000325280
     314.00000000000    1.0000000325280
     315.00000000000    1.0000000325280
     316.00000000000    1.0000000325280
     317.00000000000    1.0000000325280
     318.00000000000    1.0000000325280
     319.00000000000    1.0000000325280
     320.00000000000    1.0000000325280
     321.00000000000    1.0000000325280
     322.00000000000    1.0000000325280
     323.00000000000    1.0000000325280
     324.00000000000    1.0000000325280
     325.00000000000    1.0000000325280
     326.00000000000    1.0000000325280
     327.00000000000    1.0000000325280
     328.00000000000    1.0000000325280
     329.00000000000    1.0000000325280
     330.00000000000    1.0000000325280
     331.00000000000    1.0000000325280
     332.00000000000    1.0000000325280
     333.00000000000    1.0000000325280
     334.00000000000    1.0000000325280
     335.00000000000    1.0000000325280
     336.00000000000    1.0000000325280
     337.00000000000    1.0000000325280
     338.00000000000    1.0000000325280
     339.00000000000    1.0000000325280
     340.00000000000    1.0000000325280
     341.00000000000    1.0000000325280
     342.00000000000    1.0000000325280
     343.00000000000    1.0000000325280
     344.00000000000    1.0000000325280
     345.00000000000    1.0000000325280
     346.00000000000    1.0000000325280
     347.00000000000    1.0000000325280
     348.00000000000    1.0000000325280
     349.00000000000    1.0000000325280
     350.00000000000    1.0000000325280
     351.00000000000    1.0000000325280
     352.00000000000    1.0000000325280
     353.00000000000    1.0000000325280
     354.00000000000    1.0000000325280
     355.00000000000    1.0000000325280
     356.00000000000    1.0000000325280
     357.00000000000    1.0000000325280
     358.00000000000    1.0000000325280
     359.00000000000    1.0000000325280
     360.00000000000    1.0000000325280
     361.00000000000    1.0000000325280
     362.00000000000    1.0000000325280
     363.00000000000    1.0000000325280
     364.00000000000    1.0000000325280
     365.00000000000    1.0000000325280
     366.00000000000    1.0000000325280
     367.00000000000    1.0000000325280
     368.00000000000    1.0000000325280
     369.00000000000    1.0000000325280
     370.00000000000    1.0000000325280
     371.00000000000    1.0000000325280
     372.00000000000    1.0000000325280
     373.00000000000    1.0000000325280
     374.00000000000    1.0000000325280
     375.00000000000    1.0000000325280
     376.00000000000    1.0000000325280
     377.00000000000    1.0000000325280
     378.00000000000    1.0000000325280
     379.00000000000    1.0000000325280
     380.00000000000    1.0000000325280
     381.00000000000    1.0000000325280
     382.00000000000    1.0000000325280
     383.00000000000    1.0000000325280
     384.00000000000    1.0000000325280
     385.00000000000    1.0000000325280
     386.00000000000    1.0000000325280
     387.00000000000    1.0000000325280
     388.00000000000    1.0000000325280
     389.00000000000    1.0000000325280
     390.00000000000    1.0000000325280
     391.00000000000    1.0000000325280
     392.00000000000    1.0000000325280
     393.00000000000    1.0000000325280
     394.00000000000    1.0000000325280
     395.00000000000    1.0000000325280
     396.00000000000    1.0000000325280
     397.00000000000    1.0000000325280
     398.00000000000    1.0000000325280
     399.00000000000    1.0000000325280
     400.00000000000    1.0000000325280
     401.00000000000    1.0000000325280
     402.00000000000    1.0000000325280
     403.00000000000    1.0000000325280
     404.00000000000    1.0000000325280
     405.00000000000    1.0000000325280
     406.00000000000    1.0000000325280
     407.00000000000    1.0000000325280
     408.00000000000    1.0000000325280
     409.00000000000    1.0000000325280
     410.00000000000    1.0000000325280
     411.00000000000    1.0000000325280
     412.00000000000    1.0000000325280
     413.00000000000    1.0000000325280
     414.00000000000    1.0000000325280
     415.00000000000    1.0000000325280
     416.00000000000    1.0000000325280
     417.00000000000    1.0000000325280
     418.00000000000    1.0000000325280
     419.00000000000    1.0000000325280
     420.00000000000    1.0000000325280
     421.00000000000    1.0000000325280
     422.00000000000    1.0000000325280
     423.00000000000    1.0000000325280
     424.00000000000    1.0000000325280
     425.00000000000    1.0000000325280
     426.00000000000    1.0000000325280
     427.00000000000    1.0000000325280
     428.00000000000    1.0000000325280
     429.00000000000    1.0000000325280
     430.00000000000    1.0000000325280
     431.00000000000    1.0000000325280
     432.00000000000    1.0000000325280
     433.00000000000    1.0000000325280
     434.00000000000    1.0000000325280
     435.00000000000    1.0000000325280
     436.00000000000    1.0000000325280
     437.00000000000    1.0000000325280
     438.00000000000    1.0000000325280
     439.00000000000    1.0000000325280
     440.00000000000    1.0000000325280
     441.00000000000    1.0000000325280
     442.00000000000    1.0000000325280
     443.00000000000    1.0000000325280
     444.00000000000    1.0000000325280
     445.00000000000    1.0000000325280
     446.00000000000    1.0000000325280
     447.00000000000    1.0000000325280
     448.00000000000    1.0000000325280
     449.00000000000    1.0000000325280
     450.00000000000    1.0000000325280
     451.00000000000    1.0000000325280
     452.00000000000    1.0000000325280
     453.00000000000    1.0000000325280
     454.00000000000    1.0000000325280
     455.00000000000    1.0000000325280
     456.00000000000    1.0000000325280
     457.00000000000    1.0000000325280
     458.00000000000    1.0000000325280
     459.00000000000    1.0000000325280
     460.00000000000    1.0000000325280
     461.00000000000    1.0000000325280
     462.00000000000    1.0000000325280
     463.00000000000    1.0000000325280
     464.00000000000    1.0000000325280
     465.00000000000    1.0000000325280
     466.00000000000    1.0000000325280
     467.00000000000    1.0000000325280
     468.00000000000    1.0000000325280
     469.00000000000    1.0000000325280
     470.00000000000    1.0000000325280
     471.00000000000    1.0000000325280
     472.00000000000    1.0000000325280
     473.00000000000    1.0000000325280
     474.00000000000    1.0000000325280
     475.00000000000    1.0000000325280
     476.00000000000    1.0000000325280
     477.00000000000    1.0000000325280
     478.00000000000    1.0000000325280
     479.00000000000    1.0000000325280
     480.00000000000    1.0000000325280
     481.00000000000    1.0000000325280
     482.00000000000    1.0000000325280
     483.00000000000    1.0000000325280
     484.00000000000    1.0000000325280
     485.00000000000    1.0000000325280
     486.00000000000    1.0000000325280
     487.00000000000    1.0000000325280
     488.00000000000    1.0000000325280
     489.00000000000    1.0000000325280
     490.00000000000    1.0000000325280
     491.00000000000    1.0000000325280
     492.00000000000    1.0000000325280
     493.00000000000    1.0000000325280
     494.00000000000    1.0000000325280
     495.00000000000    1.0000000325280
     496.00000000000    1.0000000325280
     497.00000000000    1.0000000325280
     498.00000000000    1.0000000325280
     499.00000000000    1.0000000325280
     500.00000000000    1.0000000325280
