    -500.00000000000    1.0000000325280
    -499.00000000000    1.0000000325280
    -498.00000000000    1.0000000325280
    -497.00000000000    1.0000000325280
    -496.00000000000    1.0000000325280
    -495.00000000000    1.0000000325280
    -494.00000000000    1.0000000325280
    -493.00000000000    1.0000000325280
    -492.00000000000    1.0000000325280
    -491.00000000000    1.0000000325280
    -490.00000000000    1.0000000325280
    -489.00000000000    1.0000000325280
    -488.00000000000    1.0000000325280
    -487.00000000000    1.0000000325280
    -486.00000000000    1.0000000325280
    -485.00000000000    1.0000000325280
    -484.00000000000    1.0000000325280
    -483.00000000000    1.0000000325280
    -482.00000000000    1.0000000325280
    -481.00000000000    1.0000000325280
    -480.00000000000    1.0000000325280
    -479.00000000000    1.0000000325280
    -478.00000000000    1.0000000325280
    -477.00000000000    1.0000000325280
    -476.00000000000    1.0000000325280
    -475.00000000000    1.0000000325280
    -474.00000000000    1.0000000325280
    -473.00000000000    1.0000000325280
    -472.00000000000    1.0000000325280
    -471.00000000000    1.0000000325280
    -470.00000000000    1.0000000325280
    -469.00000000000    1.0000000325280
    -468.00000000000    1.0000000325280
    -467.00000000000    1.0000000325280
    -466.00000000000    1.0000000325280
    -465.00000000000    1.0000000325280
    -464.00000000000    1.0000000325280
    -463.00000000000    1.0000000325280
    -462.00000000000    1.0000000325280
    -461.00000000000    1.0000000325280
    -460.00000000000    1.0000000325280
    -459.00000000000    1.0000000325280
    -458.00000000000    1.0000000325280
    -457.00000000000    1.0000000325280
    -456.00000000000    1.0000000325280
    -455.00000000000    1.0000000325280
    -454.00000000000    1.0000000325280
    -453.00000000000    1.0000000325280
    -452.00000000000    1.0000000325280
    -451.00000000000    1.0000000325280
    -450.00000000000    1.0000000325280
    -449.00000000000    1.0000000325280
    -448.00000000000    1.0000000325280
    -447.00000000000    1.0000000325280
    -446.00000000000    1.0000000325280
    -445.00000000000    1.0000000325280
    -444.00000000000    1.0000000325280
    -443.00000000000    1.0000000325280
    -442.00000000000    1.0000000325280
    -441.00000000000    1.0000000325280
    -440.00000000000    1.0000000325280
    -439.00000000000    1.0000000325280
    -438.00000000000    1.0000000325280
    -437.00000000000    1.0000000325280
    -436.00000000000    1.0000000325280
    -435.00000000000    1.0000000325280
    -434.00000000000    1.0000000325280
    -433.00000000000    1.0000000325280
    -432.00000000000    1.0000000325280
    -431.00000000000    1.0000000325280
    -430.00000000000    1.0000000325280
    -429.00000000000    1.0000000325280
    -428.00000000000    1.0000000325280
    -427.00000000000    1.0000000325280
    -426.00000000000    1.0000000325280
    -425.00000000000    1.0000000325280
    -424.00000000000    1.0000000325280
    -423.00000000000    1.0000000325280
    -422.00000000000    1.0000000325280
    -421.00000000000    1.0000000325280
    -420.00000000000    1.0000000325280
    -419.00000000000    1.0000000325280
    -418.00000000000    1.0000000325280
    -417.00000000000    1.0000000325280
    -416.00000000000    1.0000000325280
    -415.00000000000    1.0000000325280
    -414.00000000000    1.0000000325280
    -413.00000000000    1.0000000325280
    -412.00000000000    1.0000000325280
    -411.00000000000    1.0000000325280
    -410.00000000000    1.0000000325280
    -409.00000000000    1.0000000325280
    -408.00000000000    1.0000000325280
    -407.00000000000    1.0000000325280
    -406.00000000000    1.0000000325280
    -405.00000000000    1.0000000325280
    -404.00000000000    1.0000000325280
    -403.00000000000    1.0000000325280
    -402.00000000000    1.0000000325280
    -401.00000000000    1.0000000325280
    -400.00000000000    1.0000000325280
    -399.00000000000    1.0000000325280
    -398.00000000000    1.0000000325280
    -397.00000000000    1.0000000325280
    -396.00000000000    1.0000000325280
    -395.00000000000    1.0000000325280
    -394.00000000000    1.0000000325280
    -393.00000000000    1.0000000325280
    -392.00000000000    1.0000000325280
    -391.00000000000    1.0000000325280
    -390.00000000000    1.0000000325280
    -389.00000000000    1.0000000325280
    -388.00000000000    1.0000000325280
    -387.00000000000    1.0000000325280
    -386.00000000000    1.0000000325280
    -385.00000000000    1.0000000325280
    -384.00000000000    1.0000000325280
    -383.00000000000    1.0000000325280
    -382.00000000000    1.0000000325280
    -381.00000000000    1.0000000325280
    -380.00000000000    1.0000000325280
    -379.00000000000    1.0000000325280
    -378.00000000000    1.0000000325280
    -377.00000000000    1.0000000325280
    -376.00000000000    1.0000000325280
    -375.00000000000    1.0000000325280
    -374.00000000000    1.0000000325280
    -373.00000000000    1.0000000325280
    -372.00000000000    1.0000000325280
    -371.00000000000    1.0000000325280
    -370.00000000000    1.0000000325280
    -369.00000000000    1.0000000325280
    -368.00000000000    1.0000000325280
    -367.00000000000    1.0000000325280
    -366.00000000000    1.0000000325280
    -365.00000000000    1.0000000325280
    -364.00000000000    1.0000000325280
    -363.00000000000    1.0000000325280
    -362.00000000000    1.0000000325280
    -361.00000000000    1.0000000325280
    -360.00000000000    1.0000000325280
    -359.00000000000    1.0000000325280
    -358.00000000000    1.0000000325280
    -357.00000000000    1.0000000325280
    -356.00000000000    1.0000000325280
    -355.00000000000    1.0000000325280
    -354.00000000000    1.0000000325280
    -353.00000000000    1.0000000325280
    -352.00000000000    1.0000000325280
    -351.00000000000    1.0000000325280
    -350.00000000000    1.0000000325280
    -349.00000000000    1.0000000325280
    -348.00000000000    1.0000000325280
    -347.00000000000    1.0000000325280
    -346.00000000000    1.0000000325280
    -345.00000000000    1.0000000325280
    -344.00000000000    1.0000000325280
    -343.00000000000    1.0000000325280
    -342.00000000000    1.0000000325280
    -341.00000000000    1.0000000325280
    -340.00000000000    1.0000000325280
    -339.00000000000    1.0000000325280
    -338.00000000000    1.0000000325280
    -337.00000000000    1.0000000325280
    -336.00000000000    1.0000000325280
    -335.00000000000    1.0000000325280
    -334.00000000000    1.0000000325280
    -333.00000000000    1.0000000325280
    -332.00000000000    1.0000000325280
    -331.00000000000    1.0000000325280
    -330.00000000000    1.0000000325280
    -329.00000000000    1.0000000325280
    -328.00000000000    1.0000000325280
    -327.00000000000    1.0000000325280
    -326.00000000000    1.0000000325280
    -325.00000000000    1.0000000325280
    -324.00000000000    1.0000000325280
    -323.00000000000    1.0000000325280
    -322.00000000000    1.0000000325280
    -321.00000000000    1.0000000325280
    -320.00000000000    1.0000000325280
    -319.00000000000    1.0000000325280
    -318.00000000000    1.0000000325280
    -317.00000000000    1.0000000325280
    -316.00000000000    1.0000000325280
    -315.00000000000    1.0000000325280
    -314.00000000000    1.0000000325280
    -313.00000000000    1.0000000325280
    -312.00000000000    1.0000000325280
    -311.00000000000    1.0000000325280
    -310.00000000000    1.0000000325280
    -309.00000000000    1.0000000325280
    -308.00000000000    1.0000000325280
    -307.00000000000    1.0000000325280
    -306.00000000000    1.0000000325280
    -305.00000000000    1.0000000325280
    -304.00000000000    1.0000000325280
    -303.00000000000    1.0000000325280
    -302.00000000000    1.0000000325280
    -301.00000000000    1.0000000325280
    -300.00000000000    1.0000000325280
    -299.00000000000    1.0000000325280
    -298.00000000000    1.0000000325280
    -297.00000000000    1.0000000325280
    -296.00000000000    1.0000000325280
    -295.00000000000    1.0000000325280
    -294.00000000000    1.0000000325280
    -293.00000000000    1.0000000325280
    -292.00000000000    1.0000000325280
    -291.00000000000    1.0000000325280
    -290.00000000000    1.0000000325280
    -289.00000000000    1.0000000325280
    -288.00000000000    1.0000000325280
    -287.00000000000    1.0000000325280
    -286.00000000000    1.0000000325280
    -285.00000000000    1.0000000325280
    -284.00000000000    1.0000000325280
    -283.00000000000    1.0000000325280
    -282.00000000000    1.0000000325280
    -281.00000000000    1.0000000325280
    -280.00000000000    1.0000000325280
    -279.00000000000    1.0000000325280
    -278.00000000000    1.0000000325280
    -277.00000000000    1.0000000325280
    -276.00000000000    1.0000000325280
    -275.00000000000    1.0000000325280
    -274.00000000000    1.0000000325280
    -273.00000000000    1.0000000325280
    -272.00000000000    1.0000000325280
    -271.00000000000    1.0000000325280
    -270.00000000000    1.0000000325280
    -269.00000000000    1.0000000325280
    -268.00000000000    1.0000000325280
    -267.00000000000    1.0000000325280
    -266.00000000000    1.0000000325279
    -265.00000000000    1.0000000325275
    -264.00000000000    1.0000000325262
    -263.00000000000    1.0000000325216
    -262.00000000000    1.0000000325056
    -261.00000000000    1.0000000324533
    -260.00000000000    1.0000000322893
    -259.00000000000    1.0000000317977
    -258.00000000000    1.0000000303869
    -257.00000000000    1.0000000265121
    -256.00000000000    1.0000000163267
    -255.00000000000   0.99999999069880
    -254.00000000000   0.99999992896967
    -253.00000000000   0.99999978661890
    -252.00000000000   0.99999947229627
    -251.00000000000   0.99999880763669
    -250.00000000000   0.99999746146329
    -249.00000000000   0.99999484953426
    -248.00000000000   0.99998999359772
    -247.00000000000   0.99998134107083
    -246.00000000000   0.99996656035233
    -245.00000000000   0.99994234583707
    -244.00000000000   0.99990428716667
    -243.00000000000   0.99984687166861
    -242.00000000000   0.99976368782853
    -241.00000000000   0.99964787303921
    -240.00000000000   0.99949279902947
    -239.00000000000   0.99929292155453
    -238.00000000000   0.99904465560760
    -237.00000000000   0.99874709741429
    -236.00000000000   0.99840241985852
    -235.00000000000   0.99801582538267
    -234.00000000000   0.99759503765645
    -233.00000000000   0.99714942205267
    -232.00000000000   0.99668891082318
    -231.00000000000   0.99622294498874
    -230.00000000000   0.99575962253861
    -229.00000000000   0.99530517339201
    -228.00000000000   0.99486379192243
    -227.00000000000   0.99443777686538
    -226.00000000000   0.99402787725531
    -225.00000000000   0.99363372887276
    -224.00000000000   0.99325428253044
    -223.00000000000   0.99288815969597
    -222.00000000000   0.99253390787742
    -221.00000000000   0.99219015748017
    -220.00000000000   0.99185569908504
    -219.00000000000   0.99152950600456
    -218.00000000000   0.99121072505730
    -217.00000000000   0.99089865280856
    -216.00000000000   0.99059270820011
    -215.00000000000   0.99029240729206
    -214.00000000000   0.98999734233570
    -213.00000000000   0.98970716542850
    -212.00000000000   0.98942157612633
    -211.00000000000   0.98914031214931
    -210.00000000000   0.98886314238259
    -209.00000000000   0.98858986153892
    -208.00000000000   0.98832028601993
    -207.00000000000   0.98805425064964
    -206.00000000000   0.98779160605337
    -205.00000000000   0.98753221652348
    -204.00000000000   0.98727595825968
    -203.00000000000   0.98702271790236
    -202.00000000000   0.98677239129894
    -201.00000000000   0.98652488245761
    -200.00000000000   0.98628010265375
    -199.00000000000   0.98603796966181
    -198.00000000000   0.98579840709111
    -197.00000000000   0.98556134380859
    -196.00000000000   0.98532671343452
    -195.00000000000   0.98509445390005
    -194.00000000000   0.98486450705747
    -193.00000000000   0.98463681833537
    -192.00000000000   0.98441133643263
    -191.00000000000   0.98418801304578
    -190.00000000000   0.98396680262544
    -189.00000000000   0.98374766215798
    -188.00000000000   0.98353055096934
    -187.00000000000   0.98331543054818
    -186.00000000000   0.98310226438612
    -185.00000000000   0.98289101783305
    -184.00000000000   0.98268165796582
    -183.00000000000   0.98247415346871
    -182.00000000000   0.98226847452455
    -181.00000000000   0.98206459271521
    -180.00000000000   0.98186248093055
    -179.00000000000   0.98166211328497
    -178.00000000000   0.98146346504070
    -177.00000000000   0.98126651253729
    -176.00000000000   0.98107123312663
    -175.00000000000   0.98087760511299
    -174.00000000000   0.98068560769756
    -173.00000000000   0.98049522092716
    -172.00000000000   0.98030642564673
    -171.00000000000   0.98011920345516
    -170.00000000000   0.97993353666432
    -169.00000000000   0.97974940826092
    -168.00000000000   0.97956680187096
    -167.00000000000   0.97938570172663
    -166.00000000000   0.97920609263536
    -165.00000000000   0.97902795995093
    -164.00000000000   0.97885128954640
    -163.00000000000   0.97867606778882
    -162.00000000000   0.97850228151548
    -161.00000000000   0.97832991801163
    -160.00000000000   0.97815896498954
    -159.00000000000   0.97798941056891
    -158.00000000000   0.97782124325827
    -157.00000000000   0.97765445193765
    -156.00000000000   0.97748902584212
    -155.00000000000   0.97732495454630
    -154.00000000000   0.97716222794978
    -153.00000000000   0.97700083626332
    -152.00000000000   0.97684076999575
    -151.00000000000   0.97668201994169
    -150.00000000000   0.97652457716985
    -149.00000000000   0.97636843301194
    -148.00000000000   0.97621357905222
    -147.00000000000   0.97606000711753
    -146.00000000000   0.97590770926784
    -145.00000000000   0.97575667778731
    -144.00000000000   0.97560690517576
    -143.00000000000   0.97545838414056
    -142.00000000000   0.97531110758893
    -141.00000000000   0.97516506862062
    -140.00000000000   0.97502026052091
    -139.00000000000   0.97487667675395
    -138.00000000000   0.97473431095643
    -137.00000000000   0.97459315693152
    -136.00000000000   0.97445320864309
    -135.00000000000   0.97431446021021
    -134.00000000000   0.97417690590186
    -133.00000000000   0.97404054013192
    -132.00000000000   0.97390535745433
    -131.00000000000   0.97377135255851
    -130.00000000000   0.97363852026494
    -129.00000000000   0.97350685552097
    -128.00000000000   0.97337635339671
    -127.00000000000   0.97324700908124
    -126.00000000000   0.97311881787888
    -125.00000000000   0.97299177520557
    -124.00000000000   0.97286587658555
    -123.00000000000   0.97274111764801
    -122.00000000000   0.97261749412401
    -121.00000000000   0.97249500184339
    -120.00000000000   0.97237363673193
    -119.00000000000   0.97225339480855
    -118.00000000000   0.97213427218258
    -117.00000000000   0.97201626505127
    -116.00000000000   0.97189936969723
    -115.00000000000   0.97178358248610
    -114.00000000000   0.97166889986423
    -113.00000000000   0.97155531835647
    -112.00000000000   0.97144283456404
    -111.00000000000   0.97133144516250
    -110.00000000000   0.97122114689973
    -109.00000000000   0.97111193659409
    -108.00000000000   0.97100381113250
    -107.00000000000   0.97089676746875
    -106.00000000000   0.97079080262174
   -105.000000000000   0.97068591367382
   -104.000000000000   0.97058209776926
   -103.000000000000   0.97047935211265
   -102.000000000000   0.97037767396744
   -101.000000000000   0.97027706065451
   -100.000000000000   0.97017750955077
    -99.000000000000   0.97007901808786
    -98.000000000000   0.96998158375078
    -97.000000000000   0.96988520407672
    -96.000000000000   0.96978987665381
    -95.000000000000   0.96969559911994
    -94.000000000000   0.96960236916167
    -93.000000000000   0.96951018451308
    -92.000000000000   0.96941904295475
    -91.000000000000   0.96932894231272
    -90.000000000000   0.96923988045751
    -89.000000000000   0.96915185530314
    -88.000000000000   0.96906486480620
    -87.000000000000   0.96897890696495
    -86.000000000000   0.96889397981846
    -85.000000000000   0.96881008144576
    -84.000000000000   0.96872720996500
    -83.000000000000   0.96864536353267
    -82.000000000000   0.96856454034282
    -81.000000000000   0.96848473862634
    -80.000000000000   0.96840595665019
    -79.000000000000   0.96832819271674
    -78.000000000000   0.96825144516306
    -77.000000000000   0.96817571236028
    -76.000000000000   0.96810099271293
    -75.000000000000   0.96802728465833
    -74.000000000000   0.96795458666598
    -73.000000000000   0.96788289723699
    -72.000000000000   0.96781221490350
    -71.000000000000   0.96774253822811
    -70.000000000000   0.96767386580338
    -69.000000000000   0.96760619625130
    -68.000000000000   0.96753952822278
    -67.000000000000   0.96747386039714
    -66.000000000000   0.96740919148169
    -65.000000000000   0.96734552021122
    -64.000000000000   0.96728284534756
    -63.000000000000   0.96722116567918
    -62.000000000000   0.96716048002072
    -61.000000000000   0.96710078721262
    -60.000000000000   0.96704208612070
    -59.000000000000   0.96698437563578
    -58.000000000000   0.96692765467331
    -57.000000000000   0.96687192217301
    -56.000000000000   0.96681717709849
    -55.000000000000   0.96676341843695
    -54.000000000000   0.96671064519882
    -53.000000000000   0.96665885641744
    -52.000000000000   0.96660805114876
    -51.000000000000   0.96655822847102
    -50.000000000000   0.96650938748445
    -49.000000000000   0.96646152731102
    -48.000000000000   0.96641464709414
    -47.000000000000   0.96636874599838
    -46.000000000000   0.96632382320922
    -45.000000000000   0.96627987793280
    -44.000000000000   0.96623690939569
    -43.000000000000   0.96619491684462
    -42.000000000000   0.96615389954627
    -41.000000000000   0.96611385678705
    -40.000000000000   0.96607478787289
    -39.000000000000   0.96603669212899
    -38.000000000000   0.96599956889968
    -37.000000000000   0.96596341754820
    -36.000000000000   0.96592823745647
    -35.000000000000   0.96589402802499
    -34.000000000000   0.96586078867259
    -33.000000000000   0.96582851883630
    -32.000000000000   0.96579721797117
    -31.000000000000   0.96576688555013
    -30.000000000000   0.96573752106383
    -29.000000000000   0.96570912402047
    -28.000000000000   0.96568169394569
    -27.000000000000   0.96565523038243
    -26.000000000000   0.96562973289080
    -25.000000000000   0.96560520104793
    -24.000000000000   0.96558163444789
    -23.000000000000   0.96555903270155
    -22.000000000000   0.96553739543647
    -21.000000000000   0.96551672229683
    -20.000000000000   0.96549701294327
    -19.000000000000   0.96547826705286
    -18.000000000000   0.96546048431896
    -17.000000000000   0.96544366445116
    -16.000000000000   0.96542780717521
    -15.000000000000   0.96541291223290
    -14.000000000000   0.96539897938206
    -13.000000000000   0.96538600839642
    -12.000000000000   0.96537399906560
    -11.000000000000   0.96536295119501
   -10.0000000000000   0.96535286460584
    -9.0000000000000   0.96534373913499
    -8.0000000000000   0.96533557463503
    -7.0000000000000   0.96532837097413
    -6.0000000000000   0.96532212803609
    -5.0000000000000   0.96531684572024
    -4.0000000000000   0.96531252394146
    -3.0000000000000   0.96530916263012
    -2.0000000000000   0.96530676173210
    -1.0000000000000   0.96530532120874
   0.   0.96530484103687
     1.0000000000000   0.96530532120874
     2.0000000000000   0.96530676173210
     3.0000000000000   0.96530916263012
     4.0000000000000   0.96531252394146
     5.0000000000000   0.96531684572024
     6.0000000000000   0.96532212803609
     7.0000000000000   0.96532837097413
     8.0000000000000   0.96533557463503
     9.0000000000000   0.96534373913499
    10.0000000000000   0.96535286460584
     11.000000000000   0.96536295119501
     12.000000000000   0.96537399906560
     13.000000000000   0.96538600839642
     14.000000000000   0.96539897938206
     15.000000000000   0.96541291223290
     16.000000000000   0.96542780717521
     17.000000000000   0.96544366445116
     18.000000000000   0.96546048431896
     19.000000000000   0.96547826705286
     20.000000000000   0.96549701294327
     21.000000000000   0.96551672229683
     22.000000000000   0.96553739543647
     23.000000000000   0.96555903270155
     24.000000000000   0.96558163444789
     25.000000000000   0.96560520104793
     26.000000000000   0.96562973289080
     27.000000000000   0.96565523038243
     28.000000000000   0.96568169394569
     29.000000000000   0.96570912402047
     30.000000000000   0.96573752106383
     31.000000000000   0.96576688555013
     32.000000000000   0.96579721797117
     33.000000000000   0.96582851883630
     34.000000000000   0.96586078867259
     35.000000000000   0.96589402802499
     36.000000000000   0.96592823745647
     37.000000000000   0.96596341754820
     38.000000000000   0.96599956889968
     39.000000000000   0.96603669212899
     40.000000000000   0.96607478787289
     41.000000000000   0.96611385678705
     42.000000000000   0.96615389954627
     43.000000000000   0.96619491684462
     44.000000000000   0.96623690939569
     45.000000000000   0.96627987793280
     46.000000000000   0.96632382320922
     47.000000000000   0.96636874599838
     48.000000000000   0.96641464709414
     49.000000000000   0.96646152731102
     50.000000000000   0.96650938748445
     51.000000000000   0.96655822847102
     52.000000000000   0.96660805114876
     53.000000000000   0.96665885641744
     54.000000000000   0.96671064519882
     55.000000000000   0.96676341843695
     56.000000000000   0.96681717709849
     57.000000000000   0.96687192217301
     58.000000000000   0.96692765467331
     59.000000000000   0.96698437563578
     60.000000000000   0.96704208612070
     61.000000000000   0.96710078721262
     62.000000000000   0.96716048002072
     63.000000000000   0.96722116567918
     64.000000000000   0.96728284534756
     65.000000000000   0.96734552021122
     66.000000000000   0.96740919148169
     67.000000000000   0.96747386039714
     68.000000000000   0.96753952822278
     69.000000000000   0.96760619625130
     70.000000000000   0.96767386580338
     71.000000000000   0.96774253822811
     72.000000000000   0.96781221490350
     73.000000000000   0.96788289723699
     74.000000000000   0.96795458666598
     75.000000000000   0.96802728465833
     76.000000000000   0.96810099271293
     77.000000000000   0.96817571236028
     78.000000000000   0.96825144516306
     79.000000000000   0.96832819271674
     80.000000000000   0.96840595665019
     81.000000000000   0.96848473862634
     82.000000000000   0.96856454034282
     83.000000000000   0.96864536353267
     84.000000000000   0.96872720996500
     85.000000000000   0.96881008144576
     86.000000000000   0.96889397981846
     87.000000000000   0.96897890696495
     88.000000000000   0.96906486480620
     89.000000000000   0.96915185530314
     90.000000000000   0.96923988045751
     91.000000000000   0.96932894231272
     92.000000000000   0.96941904295475
     93.000000000000   0.96951018451308
     94.000000000000   0.96960236916167
     95.000000000000   0.96969559911994
     96.000000000000   0.96978987665381
     97.000000000000   0.96988520407672
     98.000000000000   0.96998158375078
     99.000000000000   0.97007901808786
    100.000000000000   0.97017750955077
    101.000000000000   0.97027706065451
    102.000000000000   0.97037767396744
    103.000000000000   0.97047935211265
    104.000000000000   0.97058209776926
    105.000000000000   0.97068591367382
     106.00000000000   0.97079080262174
     107.00000000000   0.97089676746875
     108.00000000000   0.97100381113250
     109.00000000000   0.97111193659409
     110.00000000000   0.97122114689973
     111.00000000000   0.97133144516250
     112.00000000000   0.97144283456404
     113.00000000000   0.97155531835647
     114.00000000000   0.97166889986423
     115.00000000000   0.97178358248610
     116.00000000000   0.97189936969723
     117.00000000000   0.97201626505127
     118.00000000000   0.97213427218258
     119.00000000000   0.97225339480855
     120.00000000000   0.97237363673193
     121.00000000000   0.97249500184339
     122.00000000000   0.97261749412401
     123.00000000000   0.97274111764801
     124.00000000000   0.97286587658555
     125.00000000000   0.97299177520557
     126.00000000000   0.97311881787888
     127.00000000000   0.97324700908124
     128.00000000000   0.97337635339671
     129.00000000000   0.97350685552097
     130.00000000000   0.97363852026494
     131.00000000000   0.97377135255851
     132.00000000000   0.97390535745433
     133.00000000000   0.97404054013192
     134.00000000000   0.97417690590186
     135.00000000000   0.97431446021021
     136.00000000000   0.97445320864309
     137.00000000000   0.97459315693152
     138.00000000000   0.97473431095643
     139.00000000000   0.97487667675395
     140.00000000000   0.97502026052091
     141.00000000000   0.97516506862062
     142.00000000000   0.97531110758893
     143.00000000000   0.97545838414056
     144.00000000000   0.97560690517576
     145.00000000000   0.97575667778731
     146.00000000000   0.97590770926784
     147.00000000000   0.97606000711753
     148.00000000000   0.97621357905222
     149.00000000000   0.97636843301194
     150.00000000000   0.97652457716985
     151.00000000000   0.97668201994169
     152.00000000000   0.97684076999575
     153.00000000000   0.97700083626332
     154.00000000000   0.97716222794978
     155.00000000000   0.97732495454630
     156.00000000000   0.97748902584212
     157.00000000000   0.97765445193765
     158.00000000000   0.97782124325827
     159.00000000000   0.97798941056891
     160.00000000000   0.97815896498954
     161.00000000000   0.97832991801163
     162.00000000000   0.97850228151548
     163.00000000000   0.97867606778882
     164.00000000000   0.97885128954640
     165.00000000000   0.97902795995093
     166.00000000000   0.97920609263536
     167.00000000000   0.97938570172663
     168.00000000000   0.97956680187096
     169.00000000000   0.97974940826092
     170.00000000000   0.97993353666432
     171.00000000000   0.98011920345516
     172.00000000000   0.98030642564673
     173.00000000000   0.98049522092716
     174.00000000000   0.98068560769756
     175.00000000000   0.98087760511299
     176.00000000000   0.98107123312663
     177.00000000000   0.98126651253728
     178.00000000000   0.98146346504070
     179.00000000000   0.98166211328497
     180.00000000000   0.98186248093055
     181.00000000000   0.98206459271521
     182.00000000000   0.98226847452455
     183.00000000000   0.98247415346871
     184.00000000000   0.98268165796582
     185.00000000000   0.98289101783305
     186.00000000000   0.98310226438612
     187.00000000000   0.98331543054818
     188.00000000000   0.98353055096934
     189.00000000000   0.98374766215798
     190.00000000000   0.98396680262544
     191.00000000000   0.98418801304578
     192.00000000000   0.98441133643263
     193.00000000000   0.98463681833537
     194.00000000000   0.98486450705746
     195.00000000000   0.98509445390005
     196.00000000000   0.98532671343451
     197.00000000000   0.98556134380859
     198.00000000000   0.98579840709111
     199.00000000000   0.98603796966180
     200.00000000000   0.98628010265375
     201.00000000000   0.98652488245761
     202.00000000000   0.98677239129894
     203.00000000000   0.98702271790236
     204.00000000000   0.98727595825968
     205.00000000000   0.98753221652348
     206.00000000000   0.98779160605337
     207.00000000000   0.98805425064964
     208.00000000000   0.98832028601993
     209.00000000000   0.98858986153892
     210.00000000000   0.98886314238259
     211.00000000000   0.98914031214931
     212.00000000000   0.98942157612632
     213.00000000000   0.98970716542850
     214.00000000000   0.98999734233570
     215.00000000000   0.99029240729206
     216.00000000000   0.99059270820011
     217.00000000000   0.99089865280856
     218.00000000000   0.99121072505729
     219.00000000000   0.99152950600456
     220.00000000000   0.99185569908504
     221.00000000000   0.99219015748017
     222.00000000000   0.99253390787742
     223.00000000000   0.99288815969597
     224.00000000000   0.99325428253044
     225.00000000000   0.99363372887276
     226.00000000000   0.99402787725531
     227.00000000000   0.99443777686538
     228.00000000000   0.99486379192243
     229.00000000000   0.99530517339201
     230.00000000000   0.99575962253861
     231.00000000000   0.99622294498874
     232.00000000000   0.99668891082318
     233.00000000000   0.99714942205267
     234.00000000000   0.99759503765645
     235.00000000000   0.99801582538267
     236.00000000000   0.99840241985852
     237.00000000000   0.99874709741429
     238.00000000000   0.99904465560760
     239.00000000000   0.99929292155453
     240.00000000000   0.99949279902947
     241.00000000000   0.99964787303921
     242.00000000000   0.99976368782853
     243.00000000000   0.99984687166861
     244.00000000000   0.99990428716667
     245.00000000000   0.99994234583707
     246.00000000000   0.99996656035233
     247.00000000000   0.99998134107083
     248.00000000000   0.99998999359772
     249.00000000000   0.99999484953426
     250.00000000000   0.99999746146329
     251.00000000000   0.99999880763669
     252.00000000000   0.99999947229627
     253.00000000000   0.99999978661890
     254.00000000000   0.99999992896967
     255.00000000000   0.99999999069880
     256.00000000000    1.0000000163267
     257.00000000000    1.0000000265121
     258.00000000000    1.0000000303869
     259.00000000000    1.0000000317977
     260.00000000000    1.0000000322893
     261.00000000000    1.0000000324533
     262.00000000000    1.0000000325056
     263.00000000000    1.0000000325216
     264.00000000000    1.0000000325262
     265.00000000000    1.0000000325275
     266.00000000000    1.0000000325279
     267.00000000000    1.0000000325280
     268.00000000000    1.0000000325280
     269.00000000000    1.0000000325280
     270.00000000000    1.0000000325280
     271.00000000000    1.0000000325280
     272.00000000000    1.0000000325280
     273.00000000000    1.0000000325280
     274.00000000000    1.0000000325280
     275.00000000000    1.0000000325280
     276.00000000000    1.0000000325280
     277.00000000000    1.0000000325280
     278.00000000000    1.0000000325280
     279.00000000000    1.0000000325280
     280.00000000000    1.0000000325280
     281.00000000000    1.0000000325280
     282.00000000000    1.0000000325280
     283.00000000000    1.0000000325280
     284.00000000000    1.0000000325280
     285.00000000000    1.0000000325280
     286.00000000000    1.0000000325280
     287.00000000000    1.0000000325280
     288.00000000000    1.0000000325280
     289.00000000000    1.0000000325280
     290.00000000000    1.0000000325280
     291.00000000000    1.0000000325280
     292.00000000000    1.0000000325280
     293.00000000000    1.0000000325280
     294.00000000000    1.0000000325280
     295.00000000000    1.0000000325280
     296.00000000000    1.0000000325280
     297.00000000000    1.0000000325280
     298.00000000000    1.0000000325280
     299.00000000000    1.0000000325280
     300.00000000000    1.0000000325280
     301.00000000000    1.0000000325280
     302.00000000000    1.0000000325280
     303.00000000000    1.0000000325280
     304.00000000000    1.0000000325280
     305.00000000000    1.0000000325280
     306.00000000000    1.0000000325280
     307.00000000000    1.0000000325280
     308.00000000000    1.0000000325280
     309.00000000000    1.0000000325280
     310.00000000000    1.0000000325280
     311.00000000000    1.0000000325280
     312.00000000000    1.0000000325280
     313.00000000000    1.0000000325280
     314.00000000000    1.0000000325280
     315.00000000000    1.0000000325280
     316.00000000000    1.0000000325280
     317.00000000000    1.0000000325280
     318.00000000000    1.0000000325280
     319.00000000000    1.0000000325280
     320.00000000000    1.0000000325280
     321.00000000000    1.0000000325280
     322.00000000000    1.0000000325280
     323.00000000000    1.0000000325280
     324.00000000000    1.0000000325280
     325.00000000000    1.0000000325280
     326.00000000000    1.0000000325280
     327.00000000000    1.0000000325280
     328.00000000000    1.0000000325280
     329.00000000000    1.0000000325280
     330.00000000000    1.0000000325280
     331.00000000000    1.0000000325280
     332.00000000000    1.0000000325280
     333.00000000000    1.0000000325280
     334.00000000000    1.0000000325280
     335.00000000000    1.0000000325280
     336.00000000000    1.0000000325280
     337.00000000000    1.0000000325280
     338.00000000000    1.0000000325280
     339.00000000000    1.0000000325280
     340.00000000000    1.0000000325280
     341.00000000000    1.0000000325280
     342.00000000000    1.0000000325280
     343.00000000000    1.0000000325280
     344.00000000000    1.0000000325280
     345.00000000000    1.0000000325280
     346.00000000000    1.0000000325280
     347.00000000000    1.0000000325280
     348.00000000000    1.0000000325280
     349.00000000000    1.0000000325280
     350.00000000000    1.0000000325280
     351.00000000000    1.0000000325280
     352.00000000000    1.0000000325280
     353.00000000000    1.0000000325280
     354.00000000000    1.0000000325280
     355.00000000000    1.0000000325280
     356.00000000000    1.0000000325280
     357.00000000000    1.0000000325280
     358.00000000000    1.0000000325280
     359.00000000000    1.0000000325280
     360.00000000000    1.0000000325280
     361.00000000000    1.0000000325280
     362.00000000000    1.0000000325280
     363.00000000000    1.0000000325280
     364.00000000000    1.0000000325280
     365.00000000000    1.0000000325280
     366.00000000000    1.0000000325280
     367.00000000000    1.0000000325280
     368.00000000000    1.0000000325280
     369.00000000000    1.0000000325280
     370.00000000000    1.0000000325280
     371.00000000000    1.0000000325280
     372.00000000000    1.0000000325280
     373.00000000000    1.0000000325280
     374.00000000000    1.0000000325280
     375.00000000000    1.0000000325280
     376.00000000000    1.0000000325280
     377.00000000000    1.0000000325280
     378.00000000000    1.0000000325280
     379.00000000000    1.0000000325280
     380.00000000000    1.0000000325280
     381.00000000000    1.0000000325280
     382.00000000000    1.0000000325280
     383.00000000000    1.0000000325280
     384.00000000000    1.0000000325280
     385.00000000000    1.0000000325280
     386.00000000000    1.0000000325280
     387.00000000000    1.0000000325280
     388.00000000000    1.0000000325280
     389.00000000000    1.0000000325280
     390.00000000000    1.0000000325280
     391.00000000000    1.0000000325280
     392.00000000000    1.0000000325280
     393.00000000000    1.0000000325280
     394.00000000000    1.0000000325280
     395.00000000000    1.0000000325280
     396.00000000000    1.0000000325280
     397.00000000000    1.0000000325280
     398.00000000000    1.0000000325280
     399.00000000000    1.0000000325280
     400.00000000000    1.0000000325280
     401.00000000000    1.0000000325280
     402.00000000000    1.0000000325280
     403.00000000000    1.0000000325280
     404.00000000000    1.0000000325280
     405.00000000000    1.0000000325280
     406.00000000000    1.0000000325280
     407.00000000000    1.0000000325280
     408.00000000000    1.0000000325280
     409.00000000000    1.0000000325280
     410.00000000000    1.0000000325280
     411.00000000000    1.0000000325280
     412.00000000000    1.0000000325280
     413.00000000000    1.0000000325280
     414.00000000000    1.0000000325280
     415.00000000000    1.0000000325280
     416.00000000000    1.0000000325280
     417.00000000000    1.0000000325280
     418.00000000000    1.0000000325280
     419.00000000000    1.0000000325280
     420.00000000000    1.0000000325280
     421.00000000000    1.0000000325280
     422.00000000000    1.0000000325280
     423.00000000000    1.0000000325280
     424.00000000000    1.0000000325280
     425.00000000000    1.0000000325280
     426.00000000000    1.0000000325280
     427.00000000000    1.0000000325280
     428.00000000000    1.0000000325280
     429.00000000000    1.0000000325280
     430.00000000000    1.0000000325280
     431.00000000000    1.0000000325280
     432.00000000000    1.0000000325280
     433.00000000000    1.0000000325280
     434.00000000000    1.0000000325280
     435.00000000000    1.0000000325280
     436.00000000000    1.0000000325280
     437.00000000000    1.0000000325280
     438.00000000000    1.0000000325280
     439.00000000000    1.0000000325280
     440.00000000000    1.0000000325280
     441.00000000000    1.0000000325280
     442.00000000000    1.0000000325280
     443.00000000000    1.0000000325280
     444.00000000000    1.0000000325280
     445.00000000000    1.0000000325280
     446.00000000000    1.0000000325280
     447.00000000000    1.0000000325280
     448.00000000000    1.0000000325280
     449.00000000000    1.0000000325280
     450.00000000000    1.0000000325280
     451.00000000000    1.0000000325280
     452.00000000000    1.0000000325280
     453.00000000000    1.0000000325280
     454.00000000000    1.0000000325280
     455.00000000000    1.0000000325280
     456.00000000000    1.0000000325280
     457.00000000000    1.0000000325280
     458.00000000000    1.0000000325280
     459.00000000000    1.0000000325280
     460.00000000000    1.0000000325280
     461.00000000000    1.0000000325280
     462.00000000000    1.0000000325280
     463.00000000000    1.0000000325280
     464.00000000000    1.0000000325280
     465.00000000000    1.0000000325280
     466.00000000000    1.0000000325280
     467.00000000000    1.0000000325280
     468.00000000000    1.0000000325280
     469.00000000000    1.0000000325280
     470.00000000000    1.0000000325280
     471.00000000000    1.0000000325280
     472.00000000000    1.0000000325280
     473.00000000000    1.0000000325280
     474.00000000000    1.0000000325280
     475.00000000000    1.0000000325280
     476.00000000000    1.0000000325280
     477.00000000000    1.0000000325280
     478.00000000000    1.0000000325280
     479.00000000000    1.0000000325280
     480.00000000000    1.0000000325280
     481.00000000000    1.0000000325280
     482.00000000000    1.0000000325280
     483.00000000000    1.0000000325280
     484.00000000000    1.0000000325280
     485.00000000000    1.0000000325280
     486.00000000000    1.0000000325280
     487.00000000000    1.0000000325280
     488.00000000000    1.0000000325280
     489.00000000000    1.0000000325280
     490.00000000000    1.0000000325280
     491.00000000000    1.0000000325280
     492.00000000000    1.0000000325280
     493.00000000000    1.0000000325280
     494.00000000000    1.0000000325280
     495.00000000000    1.0000000325280
     496.00000000000    1.0000000325280
     497.00000000000    1.0000000325280
     498.00000000000    1.0000000325280
     499.00000000000    1.0000000325280
     500.00000000000    1.0000000325280
