    -500.00000000000    1.0000000325280
    -499.00000000000    1.0000000325280
    -498.00000000000    1.0000000325280
    -497.00000000000    1.0000000325280
    -496.00000000000    1.0000000325280
    -495.00000000000    1.0000000325280
    -494.00000000000    1.0000000325280
    -493.00000000000    1.0000000325280
    -492.00000000000    1.0000000325280
    -491.00000000000    1.0000000325280
    -490.00000000000    1.0000000325280
    -489.00000000000    1.0000000325280
    -488.00000000000    1.0000000325280
    -487.00000000000    1.0000000325280
    -486.00000000000    1.0000000325280
    -485.00000000000    1.0000000325280
    -484.00000000000    1.0000000325280
    -483.00000000000    1.0000000325280
    -482.00000000000    1.0000000325280
    -481.00000000000    1.0000000325280
    -480.00000000000    1.0000000325280
    -479.00000000000    1.0000000325280
    -478.00000000000    1.0000000325280
    -477.00000000000    1.0000000325280
    -476.00000000000    1.0000000325280
    -475.00000000000    1.0000000325280
    -474.00000000000    1.0000000325280
    -473.00000000000    1.0000000325280
    -472.00000000000    1.0000000325280
    -471.00000000000    1.0000000325280
    -470.00000000000    1.0000000325280
    -469.00000000000    1.0000000325280
    -468.00000000000    1.0000000325280
    -467.00000000000    1.0000000325280
    -466.00000000000    1.0000000325280
    -465.00000000000    1.0000000325280
    -464.00000000000    1.0000000325280
    -463.00000000000    1.0000000325280
    -462.00000000000    1.0000000325280
    -461.00000000000    1.0000000325280
    -460.00000000000    1.0000000325280
    -459.00000000000    1.0000000325280
    -458.00000000000    1.0000000325280
    -457.00000000000    1.0000000325280
    -456.00000000000    1.0000000325280
    -455.00000000000    1.0000000325280
    -454.00000000000    1.0000000325280
    -453.00000000000    1.0000000325280
    -452.00000000000    1.0000000325280
    -451.00000000000    1.0000000325280
    -450.00000000000    1.0000000325280
    -449.00000000000    1.0000000325280
    -448.00000000000    1.0000000325280
    -447.00000000000    1.0000000325280
    -446.00000000000    1.0000000325280
    -445.00000000000    1.0000000325280
    -444.00000000000    1.0000000325280
    -443.00000000000    1.0000000325280
    -442.00000000000    1.0000000325280
    -441.00000000000    1.0000000325280
    -440.00000000000    1.0000000325280
    -439.00000000000    1.0000000325280
    -438.00000000000    1.0000000325280
    -437.00000000000    1.0000000325280
    -436.00000000000    1.0000000325280
    -435.00000000000    1.0000000325280
    -434.00000000000    1.0000000325280
    -433.00000000000    1.0000000325280
    -432.00000000000    1.0000000325280
    -431.00000000000    1.0000000325280
    -430.00000000000    1.0000000325280
    -429.00000000000    1.0000000325280
    -428.00000000000    1.0000000325280
    -427.00000000000    1.0000000325280
    -426.00000000000    1.0000000325280
    -425.00000000000    1.0000000325280
    -424.00000000000    1.0000000325280
    -423.00000000000    1.0000000325280
    -422.00000000000    1.0000000325280
    -421.00000000000    1.0000000325280
    -420.00000000000    1.0000000325280
    -419.00000000000    1.0000000325280
    -418.00000000000    1.0000000325280
    -417.00000000000    1.0000000325280
    -416.00000000000    1.0000000325280
    -415.00000000000    1.0000000325280
    -414.00000000000    1.0000000325280
    -413.00000000000    1.0000000325280
    -412.00000000000    1.0000000325280
    -411.00000000000    1.0000000325280
    -410.00000000000    1.0000000325280
    -409.00000000000    1.0000000325280
    -408.00000000000    1.0000000325280
    -407.00000000000    1.0000000325280
    -406.00000000000    1.0000000325280
    -405.00000000000    1.0000000325280
    -404.00000000000    1.0000000325280
    -403.00000000000    1.0000000325280
    -402.00000000000    1.0000000325280
    -401.00000000000    1.0000000325280
    -400.00000000000    1.0000000325280
    -399.00000000000    1.0000000325280
    -398.00000000000    1.0000000325280
    -397.00000000000    1.0000000325280
    -396.00000000000    1.0000000325280
    -395.00000000000    1.0000000325280
    -394.00000000000    1.0000000325280
    -393.00000000000    1.0000000325280
    -392.00000000000    1.0000000325280
    -391.00000000000    1.0000000325280
    -390.00000000000    1.0000000325280
    -389.00000000000    1.0000000325280
    -388.00000000000    1.0000000325280
    -387.00000000000    1.0000000325280
    -386.00000000000    1.0000000325280
    -385.00000000000    1.0000000325280
    -384.00000000000    1.0000000325280
    -383.00000000000    1.0000000325280
    -382.00000000000    1.0000000325280
    -381.00000000000    1.0000000325280
    -380.00000000000    1.0000000325280
    -379.00000000000    1.0000000325280
    -378.00000000000    1.0000000325280
    -377.00000000000    1.0000000325280
    -376.00000000000    1.0000000325280
    -375.00000000000    1.0000000325280
    -374.00000000000    1.0000000325280
    -373.00000000000    1.0000000325280
    -372.00000000000    1.0000000325280
    -371.00000000000    1.0000000325280
    -370.00000000000    1.0000000325280
    -369.00000000000    1.0000000325280
    -368.00000000000    1.0000000325280
    -367.00000000000    1.0000000325280
    -366.00000000000    1.0000000325280
    -365.00000000000    1.0000000325280
    -364.00000000000    1.0000000325280
    -363.00000000000    1.0000000325280
    -362.00000000000    1.0000000325280
    -361.00000000000    1.0000000325280
    -360.00000000000    1.0000000325280
    -359.00000000000    1.0000000325280
    -358.00000000000    1.0000000325280
    -357.00000000000    1.0000000325280
    -356.00000000000    1.0000000325280
    -355.00000000000    1.0000000325280
    -354.00000000000    1.0000000325280
    -353.00000000000    1.0000000325280
    -352.00000000000    1.0000000325280
    -351.00000000000    1.0000000325280
    -350.00000000000    1.0000000325280
    -349.00000000000    1.0000000325280
    -348.00000000000    1.0000000325280
    -347.00000000000    1.0000000325280
    -346.00000000000    1.0000000325280
    -345.00000000000    1.0000000325280
    -344.00000000000    1.0000000325280
    -343.00000000000    1.0000000325280
    -342.00000000000    1.0000000325280
    -341.00000000000    1.0000000325280
    -340.00000000000    1.0000000325280
    -339.00000000000    1.0000000325280
    -338.00000000000    1.0000000325280
    -337.00000000000    1.0000000325280
    -336.00000000000    1.0000000325280
    -335.00000000000    1.0000000325280
    -334.00000000000    1.0000000325280
    -333.00000000000    1.0000000325280
    -332.00000000000    1.0000000325280
    -331.00000000000    1.0000000325280
    -330.00000000000    1.0000000325280
    -329.00000000000    1.0000000325280
    -328.00000000000    1.0000000325280
    -327.00000000000    1.0000000325280
    -326.00000000000    1.0000000325280
    -325.00000000000    1.0000000325280
    -324.00000000000    1.0000000325280
    -323.00000000000    1.0000000325280
    -322.00000000000    1.0000000325280
    -321.00000000000    1.0000000325280
    -320.00000000000    1.0000000325280
    -319.00000000000    1.0000000325280
    -318.00000000000    1.0000000325280
    -317.00000000000    1.0000000325280
    -316.00000000000    1.0000000325280
    -315.00000000000    1.0000000325280
    -314.00000000000    1.0000000325280
    -313.00000000000    1.0000000325280
    -312.00000000000    1.0000000325280
    -311.00000000000    1.0000000325280
    -310.00000000000    1.0000000325280
    -309.00000000000    1.0000000325280
    -308.00000000000    1.0000000325280
    -307.00000000000    1.0000000325280
    -306.00000000000    1.0000000325280
    -305.00000000000    1.0000000325280
    -304.00000000000    1.0000000325280
    -303.00000000000    1.0000000325280
    -302.00000000000    1.0000000325280
    -301.00000000000    1.0000000325280
    -300.00000000000    1.0000000325280
    -299.00000000000    1.0000000325280
    -298.00000000000    1.0000000325280
    -297.00000000000    1.0000000325280
    -296.00000000000    1.0000000325280
    -295.00000000000    1.0000000325280
    -294.00000000000    1.0000000325280
    -293.00000000000    1.0000000325280
    -292.00000000000    1.0000000325280
    -291.00000000000    1.0000000325280
    -290.00000000000    1.0000000325280
    -289.00000000000    1.0000000325280
    -288.00000000000    1.0000000325280
    -287.00000000000    1.0000000325280
    -286.00000000000    1.0000000325280
    -285.00000000000    1.0000000325280
    -284.00000000000    1.0000000325280
    -283.00000000000    1.0000000325280
    -282.00000000000    1.0000000325280
    -281.00000000000    1.0000000325280
    -280.00000000000    1.0000000325280
    -279.00000000000    1.0000000325280
    -278.00000000000    1.0000000325280
    -277.00000000000    1.0000000325280
    -276.00000000000    1.0000000325280
    -275.00000000000    1.0000000325280
    -274.00000000000    1.0000000325280
    -273.00000000000    1.0000000325280
    -272.00000000000    1.0000000325280
    -271.00000000000    1.0000000325280
    -270.00000000000    1.0000000325280
    -269.00000000000    1.0000000325280
    -268.00000000000    1.0000000325280
    -267.00000000000    1.0000000325280
    -266.00000000000    1.0000000325280
    -265.00000000000    1.0000000325280
    -264.00000000000    1.0000000325280
    -263.00000000000    1.0000000325280
    -262.00000000000    1.0000000325280
    -261.00000000000    1.0000000325280
    -260.00000000000    1.0000000325280
    -259.00000000000    1.0000000325280
    -258.00000000000    1.0000000325280
    -257.00000000000    1.0000000325280
    -256.00000000000    1.0000000325280
    -255.00000000000    1.0000000325280
    -254.00000000000    1.0000000325280
    -253.00000000000    1.0000000325280
    -252.00000000000    1.0000000325280
    -251.00000000000    1.0000000325280
    -250.00000000000    1.0000000325280
    -249.00000000000    1.0000000325280
    -248.00000000000    1.0000000325280
    -247.00000000000    1.0000000325280
    -246.00000000000    1.0000000325280
    -245.00000000000    1.0000000325280
    -244.00000000000    1.0000000325280
    -243.00000000000    1.0000000325280
    -242.00000000000    1.0000000325280
    -241.00000000000    1.0000000325280
    -240.00000000000    1.0000000325280
    -239.00000000000    1.0000000325280
    -238.00000000000    1.0000000325280
    -237.00000000000    1.0000000325280
    -236.00000000000    1.0000000325280
    -235.00000000000    1.0000000325280
    -234.00000000000    1.0000000325280
    -233.00000000000    1.0000000325280
    -232.00000000000    1.0000000325280
    -231.00000000000    1.0000000325280
    -230.00000000000    1.0000000325280
    -229.00000000000    1.0000000325280
    -228.00000000000    1.0000000325280
    -227.00000000000    1.0000000325280
    -226.00000000000    1.0000000325280
    -225.00000000000    1.0000000325280
    -224.00000000000    1.0000000325280
    -223.00000000000    1.0000000325280
    -222.00000000000    1.0000000325280
    -221.00000000000    1.0000000325280
    -220.00000000000    1.0000000325280
    -219.00000000000    1.0000000325280
    -218.00000000000    1.0000000325280
    -217.00000000000    1.0000000325280
    -216.00000000000    1.0000000325279
    -215.00000000000    1.0000000325278
    -214.00000000000    1.0000000325273
    -213.00000000000    1.0000000325254
    -212.00000000000    1.0000000325186
    -211.00000000000    1.0000000324953
    -210.00000000000    1.0000000324190
    -209.00000000000    1.0000000321798
    -208.00000000000    1.0000000314622
    -207.00000000000    1.0000000294027
    -206.00000000000    1.0000000237449
    -205.00000000000    1.0000000088691
    -204.00000000000   0.99999997142977
    -203.00000000000   0.99999988122634
    -202.00000000000   0.99999967315262
    -201.00000000000   0.99999921356850
    -200.00000000000   0.99999824142863
    -199.00000000000   0.99999627182160
    -198.00000000000   0.99999244886883
    -197.00000000000   0.99998533869094
    -196.00000000000   0.99997266414477
    -195.00000000000   0.99995100304940
    -194.00000000000   0.99991549956672
    -193.00000000000   0.99985966853273
    -192.00000000000   0.99977539396699
    -191.00000000000   0.99965322181992
    -190.00000000000   0.99948301148321
    -189.00000000000   0.99925493795568
    -188.00000000000   0.99896073870523
    -187.00000000000   0.99859500310466
    -186.00000000000   0.99815624272193
    -185.00000000000   0.99764748729542
    -184.00000000000   0.99707623400136
    -183.00000000000   0.99645371928195
    -182.00000000000   0.99579364183541
    -181.00000000000   0.99511059208840
    -180.00000000000   0.99441849799863
    -179.00000000000   0.99372936598765
    -178.00000000000   0.99305249594100
    -177.00000000000   0.99239421855674
    -176.00000000000   0.99175808451345
    -175.00000000000   0.99114535910774
    -174.00000000000   0.99055565409612
    -173.00000000000   0.98998755205633
    -172.00000000000   0.98943912787053
    -171.00000000000   0.98890832569118
    -170.00000000000   0.98839319268136
    -169.00000000000   0.98789199634721
    -168.00000000000   0.98740326128424
    -167.00000000000   0.98692575867095
    -166.00000000000   0.98645847373506
    -165.00000000000   0.98600056728210
    -164.00000000000   0.98555133981049
    -163.00000000000   0.98511020160360
    -162.00000000000   0.98467664928357
    -161.00000000000   0.98425024799749
    -160.00000000000   0.98383061802990
    -159.00000000000   0.98341742470938
    -158.00000000000   0.98301037070594
    -157.00000000000   0.98260919005540
    -156.00000000000   0.98221364344141
    -155.00000000000   0.98182351440890
    -154.00000000000   0.98143860628023
    -153.00000000000   0.98105873961207
    -152.00000000000   0.98068375007560
    -151.00000000000   0.98031348667306
    -150.00000000000   0.97994781022521
    -149.00000000000   0.97958659207920
    -148.00000000000   0.97922971299775
    -147.00000000000   0.97887706219856
    -146.00000000000   0.97852853651925
    -145.00000000000   0.97818403968786
    -144.00000000000   0.97784348168277
    -143.00000000000   0.97750677816860
    -142.00000000000   0.97717384999726
    -141.00000000000   0.97684462276505
    -140.00000000000   0.97651902641800
    -139.00000000000   0.97619699489925
    -138.00000000000   0.97587846583302
    -137.00000000000   0.97556338024045
    -136.00000000000   0.97525168228358
    -135.00000000000   0.97494331903392
    -134.00000000000   0.97463824026296
    -133.00000000000   0.97433639825185
    -132.00000000000   0.97403774761835
    -131.00000000000   0.97374224515901
    -130.00000000000   0.97344984970503
    -129.00000000000   0.97316052199030
    -128.00000000000   0.97287422453043
    -127.00000000000   0.97259092151167
    -126.00000000000   0.97231057868863
    -125.00000000000   0.97203316329012
    -124.00000000000   0.97175864393219
    -123.00000000000   0.97148699053781
    -122.00000000000   0.97121817426243
    -121.00000000000   0.97095216742510
    -120.00000000000   0.97068894344450
    -119.00000000000   0.97042847677943
    -118.00000000000   0.97017074287356
    -117.00000000000   0.96991571810386
    -116.00000000000   0.96966337973260
    -115.00000000000   0.96941370586245
    -114.00000000000   0.96916667539458
    -113.00000000000   0.96892226798943
    -112.00000000000   0.96868046402998
    -111.00000000000   0.96844124458733
    -110.00000000000   0.96820459138838
    -109.00000000000   0.96797048678548
    -108.00000000000   0.96773891372794
    -107.00000000000   0.96750985573517
    -106.00000000000   0.96728329687144
   -105.000000000000   0.96705922172205
   -104.000000000000   0.96683761537091
   -103.000000000000   0.96661846337933
   -102.000000000000   0.96640175176599
   -101.000000000000   0.96618746698808
   -100.000000000000   0.96597559592336
    -99.000000000000   0.96576612585322
    -98.000000000000   0.96555904444671
    -97.000000000000   0.96535433974525
    -96.000000000000   0.96515200014829
    -95.000000000000   0.96495201439959
    -94.000000000000   0.96475437157425
    -93.000000000000   0.96455906106636
    -92.000000000000   0.96436607257731
    -91.000000000000   0.96417539610458
    -90.000000000000   0.96398702193118
    -89.000000000000   0.96380094061549
    -88.000000000000   0.96361714298171
    -87.000000000000   0.96343562011059
    -86.000000000000   0.96325636333079
    -85.000000000000   0.96307936421045
    -84.000000000000   0.96290461454925
    -83.000000000000   0.96273210637085
    -82.000000000000   0.96256183191557
    -81.000000000000   0.96239378363347
    -80.000000000000   0.96222795417773
    -79.000000000000   0.96206433639829
    -78.000000000000   0.96190292333578
    -77.000000000000   0.96174370821570
    -76.000000000000   0.96158668444290
    -75.000000000000   0.96143184559618
    -74.000000000000   0.96127918542324
    -73.000000000000   0.96112869783579
    -72.000000000000   0.96098037690481
    -71.000000000000   0.96083421685610
    -70.000000000000   0.96069021206594
    -69.000000000000   0.96054835705694
    -68.000000000000   0.96040864649411
    -67.000000000000   0.96027107518098
    -66.000000000000   0.96013563805599
    -65.000000000000   0.96000233018892
    -64.000000000000   0.95987114677755
    -63.000000000000   0.95974208314438
    -62.000000000000   0.95961513473354
    -61.000000000000   0.95949029710772
    -60.000000000000   0.95936756594537
    -59.000000000000   0.95924693703783
    -58.000000000000   0.95912840628672
    -57.000000000000   0.95901196970136
    -56.000000000000   0.95889762339625
    -55.000000000000   0.95878536358877
    -54.000000000000   0.95867518659680
    -53.000000000000   0.95856708883658
    -52.000000000000   0.95846106682055
    -51.000000000000   0.95835711715532
    -50.000000000000   0.95825523653971
    -49.000000000000   0.95815542176283
    -48.000000000000   0.95805766970229
    -47.000000000000   0.95796197732240
    -46.000000000000   0.95786834167254
    -45.000000000000   0.95777675988546
    -44.000000000000   0.95768722917578
    -43.000000000000   0.95759974683843
    -42.000000000000   0.95751431024724
    -41.000000000000   0.95743091685350
    -40.000000000000   0.95734956418466
    -39.000000000000   0.95727024984299
    -38.000000000000   0.95719297150439
    -37.000000000000   0.95711772691715
    -36.000000000000   0.95704451390081
    -35.000000000000   0.95697333034506
    -34.000000000000   0.95690417420868
    -33.000000000000   0.95683704351852
    -32.000000000000   0.95677193636852
    -31.000000000000   0.95670885091875
    -30.000000000000   0.95664778539454
    -29.000000000000   0.95658873808562
    -28.000000000000   0.95653170734525
    -27.000000000000   0.95647669158946
    -26.000000000000   0.95642368929629
    -25.000000000000   0.95637269900508
    -24.000000000000   0.95632371931573
    -23.000000000000   0.95627674888812
    -22.000000000000   0.95623178644139
    -21.000000000000   0.95618883075342
    -20.000000000000   0.95614788066023
    -19.000000000000   0.95610893505544
    -18.000000000000   0.95607199288977
    -17.000000000000   0.95603705317056
    -16.000000000000   0.95600411496130
    -15.000000000000   0.95597317738124
    -14.000000000000   0.95594423960495
    -13.000000000000   0.95591730086198
    -12.000000000000   0.95589236043649
    -11.000000000000   0.95586941766694
   -10.0000000000000   0.95584847194580
    -9.0000000000000   0.95582952271924
    -8.0000000000000   0.95581256948695
    -7.0000000000000   0.95579761180186
    -6.0000000000000   0.95578464926995
    -5.0000000000000   0.95577368155011
    -4.0000000000000   0.95576470835395
    -3.0000000000000   0.95575772944570
    -2.0000000000000   0.95575274464208
    -1.0000000000000   0.95574975381223
   0.   0.95574875687766
     1.0000000000000   0.95574975381223
     2.0000000000000   0.95575274464208
     3.0000000000000   0.95575772944570
     4.0000000000000   0.95576470835395
     5.0000000000000   0.95577368155011
     6.0000000000000   0.95578464926995
     7.0000000000000   0.95579761180186
     8.0000000000000   0.95581256948695
     9.0000000000000   0.95582952271924
    10.0000000000000   0.95584847194580
     11.000000000000   0.95586941766694
     12.000000000000   0.95589236043649
     13.000000000000   0.95591730086198
     14.000000000000   0.95594423960495
     15.000000000000   0.95597317738124
     16.000000000000   0.95600411496130
     17.000000000000   0.95603705317056
     18.000000000000   0.95607199288977
     19.000000000000   0.95610893505544
     20.000000000000   0.95614788066023
     21.000000000000   0.95618883075342
     22.000000000000   0.95623178644139
     23.000000000000   0.95627674888812
     24.000000000000   0.95632371931574
     25.000000000000   0.95637269900508
     26.000000000000   0.95642368929629
     27.000000000000   0.95647669158946
     28.000000000000   0.95653170734525
     29.000000000000   0.95658873808562
     30.000000000000   0.95664778539454
     31.000000000000   0.95670885091875
     32.000000000000   0.95677193636852
     33.000000000000   0.95683704351852
     34.000000000000   0.95690417420868
     35.000000000000   0.95697333034506
     36.000000000000   0.95704451390081
     37.000000000000   0.95711772691715
     38.000000000000   0.95719297150439
     39.000000000000   0.95727024984299
     40.000000000000   0.95734956418465
     41.000000000000   0.95743091685350
     42.000000000000   0.95751431024724
     43.000000000000   0.95759974683843
     44.000000000000   0.95768722917578
     45.000000000000   0.95777675988546
     46.000000000000   0.95786834167254
     47.000000000000   0.95796197732240
     48.000000000000   0.95805766970229
     49.000000000000   0.95815542176283
     50.000000000000   0.95825523653971
     51.000000000000   0.95835711715532
     52.000000000000   0.95846106682055
     53.000000000000   0.95856708883658
     54.000000000000   0.95867518659680
     55.000000000000   0.95878536358877
     56.000000000000   0.95889762339625
     57.000000000000   0.95901196970136
     58.000000000000   0.95912840628672
     59.000000000000   0.95924693703783
     60.000000000000   0.95936756594537
     61.000000000000   0.95949029710772
     62.000000000000   0.95961513473354
     63.000000000000   0.95974208314438
     64.000000000000   0.95987114677754
     65.000000000000   0.96000233018892
     66.000000000000   0.96013563805599
     67.000000000000   0.96027107518098
     68.000000000000   0.96040864649411
     69.000000000000   0.96054835705694
     70.000000000000   0.96069021206594
     71.000000000000   0.96083421685610
     72.000000000000   0.96098037690481
     73.000000000000   0.96112869783579
     74.000000000000   0.96127918542324
     75.000000000000   0.96143184559618
     76.000000000000   0.96158668444290
     77.000000000000   0.96174370821570
     78.000000000000   0.96190292333578
     79.000000000000   0.96206433639829
     80.000000000000   0.96222795417773
     81.000000000000   0.96239378363347
     82.000000000000   0.96256183191557
     83.000000000000   0.96273210637085
     84.000000000000   0.96290461454925
     85.000000000000   0.96307936421045
     86.000000000000   0.96325636333079
     87.000000000000   0.96343562011059
     88.000000000000   0.96361714298171
     89.000000000000   0.96380094061549
     90.000000000000   0.96398702193118
     91.000000000000   0.96417539610458
     92.000000000000   0.96436607257731
     93.000000000000   0.96455906106636
     94.000000000000   0.96475437157425
     95.000000000000   0.96495201439959
     96.000000000000   0.96515200014829
     97.000000000000   0.96535433974525
     98.000000000000   0.96555904444671
     99.000000000000   0.96576612585322
    100.000000000000   0.96597559592336
    101.000000000000   0.96618746698808
    102.000000000000   0.96640175176599
    103.000000000000   0.96661846337933
    104.000000000000   0.96683761537091
    105.000000000000   0.96705922172205
     106.00000000000   0.96728329687144
     107.00000000000   0.96750985573517
     108.00000000000   0.96773891372794
     109.00000000000   0.96797048678548
     110.00000000000   0.96820459138838
     111.00000000000   0.96844124458733
     112.00000000000   0.96868046402998
     113.00000000000   0.96892226798943
     114.00000000000   0.96916667539458
     115.00000000000   0.96941370586245
     116.00000000000   0.96966337973260
     117.00000000000   0.96991571810386
     118.00000000000   0.97017074287356
     119.00000000000   0.97042847677943
     120.00000000000   0.97068894344450
     121.00000000000   0.97095216742510
     122.00000000000   0.97121817426243
     123.00000000000   0.97148699053781
     124.00000000000   0.97175864393219
     125.00000000000   0.97203316329012
     126.00000000000   0.97231057868863
     127.00000000000   0.97259092151167
     128.00000000000   0.97287422453043
     129.00000000000   0.97316052199030
     130.00000000000   0.97344984970503
     131.00000000000   0.97374224515901
     132.00000000000   0.97403774761835
     133.00000000000   0.97433639825185
     134.00000000000   0.97463824026296
     135.00000000000   0.97494331903392
     136.00000000000   0.97525168228358
     137.00000000000   0.97556338024045
     138.00000000000   0.97587846583302
     139.00000000000   0.97619699489925
     140.00000000000   0.97651902641800
     141.00000000000   0.97684462276505
     142.00000000000   0.97717384999726
     143.00000000000   0.97750677816860
     144.00000000000   0.97784348168277
     145.00000000000   0.97818403968786
     146.00000000000   0.97852853651925
     147.00000000000   0.97887706219856
     148.00000000000   0.97922971299775
     149.00000000000   0.97958659207920
     150.00000000000   0.97994781022521
     151.00000000000   0.98031348667306
     152.00000000000   0.98068375007560
     153.00000000000   0.98105873961207
     154.00000000000   0.98143860628023
     155.00000000000   0.98182351440890
     156.00000000000   0.98221364344141
     157.00000000000   0.98260919005540
     158.00000000000   0.98301037070594
     159.00000000000   0.98341742470938
     160.00000000000   0.98383061802990
     161.00000000000   0.98425024799749
     162.00000000000   0.98467664928357
     163.00000000000   0.98511020160360
     164.00000000000   0.98555133981049
     165.00000000000   0.98600056728210
     166.00000000000   0.98645847373506
     167.00000000000   0.98692575867095
     168.00000000000   0.98740326128424
     169.00000000000   0.98789199634721
     170.00000000000   0.98839319268136
     171.00000000000   0.98890832569118
     172.00000000000   0.98943912787053
     173.00000000000   0.98998755205633
     174.00000000000   0.99055565409612
     175.00000000000   0.99114535910773
     176.00000000000   0.99175808451345
     177.00000000000   0.99239421855674
     178.00000000000   0.99305249594100
     179.00000000000   0.99372936598765
     180.00000000000   0.99441849799863
     181.00000000000   0.99511059208840
     182.00000000000   0.99579364183541
     183.00000000000   0.99645371928194
     184.00000000000   0.99707623400136
     185.00000000000   0.99764748729542
     186.00000000000   0.99815624272193
     187.00000000000   0.99859500310466
     188.00000000000   0.99896073870523
     189.00000000000   0.99925493795568
     190.00000000000   0.99948301148321
     191.00000000000   0.99965322181992
     192.00000000000   0.99977539396699
     193.00000000000   0.99985966853273
     194.00000000000   0.99991549956672
     195.00000000000   0.99995100304940
     196.00000000000   0.99997266414477
     197.00000000000   0.99998533869094
     198.00000000000   0.99999244886883
     199.00000000000   0.99999627182160
     200.00000000000   0.99999824142863
     201.00000000000   0.99999921356850
     202.00000000000   0.99999967315262
     203.00000000000   0.99999988122634
     204.00000000000   0.99999997142977
     205.00000000000    1.0000000088691
     206.00000000000    1.0000000237449
     207.00000000000    1.0000000294027
     208.00000000000    1.0000000314622
     209.00000000000    1.0000000321798
     210.00000000000    1.0000000324190
     211.00000000000    1.0000000324953
     212.00000000000    1.0000000325186
     213.00000000000    1.0000000325254
     214.00000000000    1.0000000325273
     215.00000000000    1.0000000325278
     216.00000000000    1.0000000325279
     217.00000000000    1.0000000325280
     218.00000000000    1.0000000325280
     219.00000000000    1.0000000325280
     220.00000000000    1.0000000325280
     221.00000000000    1.0000000325280
     222.00000000000    1.0000000325280
     223.00000000000    1.0000000325280
     224.00000000000    1.0000000325280
     225.00000000000    1.0000000325280
     226.00000000000    1.0000000325280
     227.00000000000    1.0000000325280
     228.00000000000    1.0000000325280
     229.00000000000    1.0000000325280
     230.00000000000    1.0000000325280
     231.00000000000    1.0000000325280
     232.00000000000    1.0000000325280
     233.00000000000    1.0000000325280
     234.00000000000    1.0000000325280
     235.00000000000    1.0000000325280
     236.00000000000    1.0000000325280
     237.00000000000    1.0000000325280
     238.00000000000    1.0000000325280
     239.00000000000    1.0000000325280
     240.00000000000    1.0000000325280
     241.00000000000    1.0000000325280
     242.00000000000    1.0000000325280
     243.00000000000    1.0000000325280
     244.00000000000    1.0000000325280
     245.00000000000    1.0000000325280
     246.00000000000    1.0000000325280
     247.00000000000    1.0000000325280
     248.00000000000    1.0000000325280
     249.00000000000    1.0000000325280
     250.00000000000    1.0000000325280
     251.00000000000    1.0000000325280
     252.00000000000    1.0000000325280
     253.00000000000    1.0000000325280
     254.00000000000    1.0000000325280
     255.00000000000    1.0000000325280
     256.00000000000    1.0000000325280
     257.00000000000    1.0000000325280
     258.00000000000    1.0000000325280
     259.00000000000    1.0000000325280
     260.00000000000    1.0000000325280
     261.00000000000    1.0000000325280
     262.00000000000    1.0000000325280
     263.00000000000    1.0000000325280
     264.00000000000    1.0000000325280
     265.00000000000    1.0000000325280
     266.00000000000    1.0000000325280
     267.00000000000    1.0000000325280
     268.00000000000    1.0000000325280
     269.00000000000    1.0000000325280
     270.00000000000    1.0000000325280
     271.00000000000    1.0000000325280
     272.00000000000    1.0000000325280
     273.00000000000    1.0000000325280
     274.00000000000    1.0000000325280
     275.00000000000    1.0000000325280
     276.00000000000    1.0000000325280
     277.00000000000    1.0000000325280
     278.00000000000    1.0000000325280
     279.00000000000    1.0000000325280
     280.00000000000    1.0000000325280
     281.00000000000    1.0000000325280
     282.00000000000    1.0000000325280
     283.00000000000    1.0000000325280
     284.00000000000    1.0000000325280
     285.00000000000    1.0000000325280
     286.00000000000    1.0000000325280
     287.00000000000    1.0000000325280
     288.00000000000    1.0000000325280
     289.00000000000    1.0000000325280
     290.00000000000    1.0000000325280
     291.00000000000    1.0000000325280
     292.00000000000    1.0000000325280
     293.00000000000    1.0000000325280
     294.00000000000    1.0000000325280
     295.00000000000    1.0000000325280
     296.00000000000    1.0000000325280
     297.00000000000    1.0000000325280
     298.00000000000    1.0000000325280
     299.00000000000    1.0000000325280
     300.00000000000    1.0000000325280
     301.00000000000    1.0000000325280
     302.00000000000    1.0000000325280
     303.00000000000    1.0000000325280
     304.00000000000    1.0000000325280
     305.00000000000    1.0000000325280
     306.00000000000    1.0000000325280
     307.00000000000    1.0000000325280
     308.00000000000    1.0000000325280
     309.00000000000    1.0000000325280
     310.00000000000    1.0000000325280
     311.00000000000    1.0000000325280
     312.00000000000    1.0000000325280
     313.00000000000    1.0000000325280
     314.00000000000    1.0000000325280
     315.00000000000    1.0000000325280
     316.00000000000    1.0000000325280
     317.00000000000    1.0000000325280
     318.00000000000    1.0000000325280
     319.00000000000    1.0000000325280
     320.00000000000    1.0000000325280
     321.00000000000    1.0000000325280
     322.00000000000    1.0000000325280
     323.00000000000    1.0000000325280
     324.00000000000    1.0000000325280
     325.00000000000    1.0000000325280
     326.00000000000    1.0000000325280
     327.00000000000    1.0000000325280
     328.00000000000    1.0000000325280
     329.00000000000    1.0000000325280
     330.00000000000    1.0000000325280
     331.00000000000    1.0000000325280
     332.00000000000    1.0000000325280
     333.00000000000    1.0000000325280
     334.00000000000    1.0000000325280
     335.00000000000    1.0000000325280
     336.00000000000    1.0000000325280
     337.00000000000    1.0000000325280
     338.00000000000    1.0000000325280
     339.00000000000    1.0000000325280
     340.00000000000    1.0000000325280
     341.00000000000    1.0000000325280
     342.00000000000    1.0000000325280
     343.00000000000    1.0000000325280
     344.00000000000    1.0000000325280
     345.00000000000    1.0000000325280
     346.00000000000    1.0000000325280
     347.00000000000    1.0000000325280
     348.00000000000    1.0000000325280
     349.00000000000    1.0000000325280
     350.00000000000    1.0000000325280
     351.00000000000    1.0000000325280
     352.00000000000    1.0000000325280
     353.00000000000    1.0000000325280
     354.00000000000    1.0000000325280
     355.00000000000    1.0000000325280
     356.00000000000    1.0000000325280
     357.00000000000    1.0000000325280
     358.00000000000    1.0000000325280
     359.00000000000    1.0000000325280
     360.00000000000    1.0000000325280
     361.00000000000    1.0000000325280
     362.00000000000    1.0000000325280
     363.00000000000    1.0000000325280
     364.00000000000    1.0000000325280
     365.00000000000    1.0000000325280
     366.00000000000    1.0000000325280
     367.00000000000    1.0000000325280
     368.00000000000    1.0000000325280
     369.00000000000    1.0000000325280
     370.00000000000    1.0000000325280
     371.00000000000    1.0000000325280
     372.00000000000    1.0000000325280
     373.00000000000    1.0000000325280
     374.00000000000    1.0000000325280
     375.00000000000    1.0000000325280
     376.00000000000    1.0000000325280
     377.00000000000    1.0000000325280
     378.00000000000    1.0000000325280
     379.00000000000    1.0000000325280
     380.00000000000    1.0000000325280
     381.00000000000    1.0000000325280
     382.00000000000    1.0000000325280
     383.00000000000    1.0000000325280
     384.00000000000    1.0000000325280
     385.00000000000    1.0000000325280
     386.00000000000    1.0000000325280
     387.00000000000    1.0000000325280
     388.00000000000    1.0000000325280
     389.00000000000    1.0000000325280
     390.00000000000    1.0000000325280
     391.00000000000    1.0000000325280
     392.00000000000    1.0000000325280
     393.00000000000    1.0000000325280
     394.00000000000    1.0000000325280
     395.00000000000    1.0000000325280
     396.00000000000    1.0000000325280
     397.00000000000    1.0000000325280
     398.00000000000    1.0000000325280
     399.00000000000    1.0000000325280
     400.00000000000    1.0000000325280
     401.00000000000    1.0000000325280
     402.00000000000    1.0000000325280
     403.00000000000    1.0000000325280
     404.00000000000    1.0000000325280
     405.00000000000    1.0000000325280
     406.00000000000    1.0000000325280
     407.00000000000    1.0000000325280
     408.00000000000    1.0000000325280
     409.00000000000    1.0000000325280
     410.00000000000    1.0000000325280
     411.00000000000    1.0000000325280
     412.00000000000    1.0000000325280
     413.00000000000    1.0000000325280
     414.00000000000    1.0000000325280
     415.00000000000    1.0000000325280
     416.00000000000    1.0000000325280
     417.00000000000    1.0000000325280
     418.00000000000    1.0000000325280
     419.00000000000    1.0000000325280
     420.00000000000    1.0000000325280
     421.00000000000    1.0000000325280
     422.00000000000    1.0000000325280
     423.00000000000    1.0000000325280
     424.00000000000    1.0000000325280
     425.00000000000    1.0000000325280
     426.00000000000    1.0000000325280
     427.00000000000    1.0000000325280
     428.00000000000    1.0000000325280
     429.00000000000    1.0000000325280
     430.00000000000    1.0000000325280
     431.00000000000    1.0000000325280
     432.00000000000    1.0000000325280
     433.00000000000    1.0000000325280
     434.00000000000    1.0000000325280
     435.00000000000    1.0000000325280
     436.00000000000    1.0000000325280
     437.00000000000    1.0000000325280
     438.00000000000    1.0000000325280
     439.00000000000    1.0000000325280
     440.00000000000    1.0000000325280
     441.00000000000    1.0000000325280
     442.00000000000    1.0000000325280
     443.00000000000    1.0000000325280
     444.00000000000    1.0000000325280
     445.00000000000    1.0000000325280
     446.00000000000    1.0000000325280
     447.00000000000    1.0000000325280
     448.00000000000    1.0000000325280
     449.00000000000    1.0000000325280
     450.00000000000    1.0000000325280
     451.00000000000    1.0000000325280
     452.00000000000    1.0000000325280
     453.00000000000    1.0000000325280
     454.00000000000    1.0000000325280
     455.00000000000    1.0000000325280
     456.00000000000    1.0000000325280
     457.00000000000    1.0000000325280
     458.00000000000    1.0000000325280
     459.00000000000    1.0000000325280
     460.00000000000    1.0000000325280
     461.00000000000    1.0000000325280
     462.00000000000    1.0000000325280
     463.00000000000    1.0000000325280
     464.00000000000    1.0000000325280
     465.00000000000    1.0000000325280
     466.00000000000    1.0000000325280
     467.00000000000    1.0000000325280
     468.00000000000    1.0000000325280
     469.00000000000    1.0000000325280
     470.00000000000    1.0000000325280
     471.00000000000    1.0000000325280
     472.00000000000    1.0000000325280
     473.00000000000    1.0000000325280
     474.00000000000    1.0000000325280
     475.00000000000    1.0000000325280
     476.00000000000    1.0000000325280
     477.00000000000    1.0000000325280
     478.00000000000    1.0000000325280
     479.00000000000    1.0000000325280
     480.00000000000    1.0000000325280
     481.00000000000    1.0000000325280
     482.00000000000    1.0000000325280
     483.00000000000    1.0000000325280
     484.00000000000    1.0000000325280
     485.00000000000    1.0000000325280
     486.00000000000    1.0000000325280
     487.00000000000    1.0000000325280
     488.00000000000    1.0000000325280
     489.00000000000    1.0000000325280
     490.00000000000    1.0000000325280
     491.00000000000    1.0000000325280
     492.00000000000    1.0000000325280
     493.00000000000    1.0000000325280
     494.00000000000    1.0000000325280
     495.00000000000    1.0000000325280
     496.00000000000    1.0000000325280
     497.00000000000    1.0000000325280
     498.00000000000    1.0000000325280
     499.00000000000    1.0000000325280
     500.00000000000    1.0000000325280
