    -500.00000000000    1.0000000325280
    -499.00000000000    1.0000000325280
    -498.00000000000    1.0000000325280
    -497.00000000000    1.0000000325280
    -496.00000000000    1.0000000325280
    -495.00000000000    1.0000000325280
    -494.00000000000    1.0000000325280
    -493.00000000000    1.0000000325280
    -492.00000000000    1.0000000325280
    -491.00000000000    1.0000000325280
    -490.00000000000    1.0000000325280
    -489.00000000000    1.0000000325280
    -488.00000000000    1.0000000325280
    -487.00000000000    1.0000000325280
    -486.00000000000    1.0000000325280
    -485.00000000000    1.0000000325280
    -484.00000000000    1.0000000325280
    -483.00000000000    1.0000000325280
    -482.00000000000    1.0000000325280
    -481.00000000000    1.0000000325280
    -480.00000000000    1.0000000325280
    -479.00000000000    1.0000000325280
    -478.00000000000    1.0000000325280
    -477.00000000000    1.0000000325280
    -476.00000000000    1.0000000325280
    -475.00000000000    1.0000000325280
    -474.00000000000    1.0000000325280
    -473.00000000000    1.0000000325280
    -472.00000000000    1.0000000325280
    -471.00000000000    1.0000000325280
    -470.00000000000    1.0000000325280
    -469.00000000000    1.0000000325280
    -468.00000000000    1.0000000325280
    -467.00000000000    1.0000000325280
    -466.00000000000    1.0000000325280
    -465.00000000000    1.0000000325280
    -464.00000000000    1.0000000325280
    -463.00000000000    1.0000000325280
    -462.00000000000    1.0000000325280
    -461.00000000000    1.0000000325280
    -460.00000000000    1.0000000325280
    -459.00000000000    1.0000000325280
    -458.00000000000    1.0000000325280
    -457.00000000000    1.0000000325280
    -456.00000000000    1.0000000325280
    -455.00000000000    1.0000000325280
    -454.00000000000    1.0000000325280
    -453.00000000000    1.0000000325280
    -452.00000000000    1.0000000325280
    -451.00000000000    1.0000000325280
    -450.00000000000    1.0000000325280
    -449.00000000000    1.0000000325280
    -448.00000000000    1.0000000325280
    -447.00000000000    1.0000000325280
    -446.00000000000    1.0000000325280
    -445.00000000000    1.0000000325280
    -444.00000000000    1.0000000325280
    -443.00000000000    1.0000000325280
    -442.00000000000    1.0000000325280
    -441.00000000000    1.0000000325280
    -440.00000000000    1.0000000325280
    -439.00000000000    1.0000000325280
    -438.00000000000    1.0000000325280
    -437.00000000000    1.0000000325280
    -436.00000000000    1.0000000325280
    -435.00000000000    1.0000000325280
    -434.00000000000    1.0000000325280
    -433.00000000000    1.0000000325280
    -432.00000000000    1.0000000325280
    -431.00000000000    1.0000000325280
    -430.00000000000    1.0000000325280
    -429.00000000000    1.0000000325280
    -428.00000000000    1.0000000325280
    -427.00000000000    1.0000000325280
    -426.00000000000    1.0000000325280
    -425.00000000000    1.0000000325280
    -424.00000000000    1.0000000325280
    -423.00000000000    1.0000000325280
    -422.00000000000    1.0000000325280
    -421.00000000000    1.0000000325280
    -420.00000000000    1.0000000325280
    -419.00000000000    1.0000000325280
    -418.00000000000    1.0000000325280
    -417.00000000000    1.0000000325280
    -416.00000000000    1.0000000325280
    -415.00000000000    1.0000000325280
    -414.00000000000    1.0000000325280
    -413.00000000000    1.0000000325280
    -412.00000000000    1.0000000325280
    -411.00000000000    1.0000000325280
    -410.00000000000    1.0000000325280
    -409.00000000000    1.0000000325280
    -408.00000000000    1.0000000325280
    -407.00000000000    1.0000000325280
    -406.00000000000    1.0000000325280
    -405.00000000000    1.0000000325280
    -404.00000000000    1.0000000325280
    -403.00000000000    1.0000000325280
    -402.00000000000    1.0000000325280
    -401.00000000000    1.0000000325280
    -400.00000000000    1.0000000325280
    -399.00000000000    1.0000000325280
    -398.00000000000    1.0000000325280
    -397.00000000000    1.0000000325280
    -396.00000000000    1.0000000325280
    -395.00000000000    1.0000000325280
    -394.00000000000    1.0000000325280
    -393.00000000000    1.0000000325280
    -392.00000000000    1.0000000325280
    -391.00000000000    1.0000000325280
    -390.00000000000    1.0000000325280
    -389.00000000000    1.0000000325280
    -388.00000000000    1.0000000325280
    -387.00000000000    1.0000000325280
    -386.00000000000    1.0000000325280
    -385.00000000000    1.0000000325280
    -384.00000000000    1.0000000325280
    -383.00000000000    1.0000000325280
    -382.00000000000    1.0000000325280
    -381.00000000000    1.0000000325280
    -380.00000000000    1.0000000325280
    -379.00000000000    1.0000000325280
    -378.00000000000    1.0000000325280
    -377.00000000000    1.0000000325280
    -376.00000000000    1.0000000325280
    -375.00000000000    1.0000000325280
    -374.00000000000    1.0000000325280
    -373.00000000000    1.0000000325280
    -372.00000000000    1.0000000325280
    -371.00000000000    1.0000000325280
    -370.00000000000    1.0000000325280
    -369.00000000000    1.0000000325280
    -368.00000000000    1.0000000325280
    -367.00000000000    1.0000000325280
    -366.00000000000    1.0000000325280
    -365.00000000000    1.0000000325280
    -364.00000000000    1.0000000325280
    -363.00000000000    1.0000000325280
    -362.00000000000    1.0000000325280
    -361.00000000000    1.0000000325280
    -360.00000000000    1.0000000325280
    -359.00000000000    1.0000000325280
    -358.00000000000    1.0000000325280
    -357.00000000000    1.0000000325280
    -356.00000000000    1.0000000325280
    -355.00000000000    1.0000000325280
    -354.00000000000    1.0000000325280
    -353.00000000000    1.0000000325280
    -352.00000000000    1.0000000325280
    -351.00000000000    1.0000000325280
    -350.00000000000    1.0000000325280
    -349.00000000000    1.0000000325280
    -348.00000000000    1.0000000325280
    -347.00000000000    1.0000000325280
    -346.00000000000    1.0000000325280
    -345.00000000000    1.0000000325280
    -344.00000000000    1.0000000325280
    -343.00000000000    1.0000000325280
    -342.00000000000    1.0000000325280
    -341.00000000000    1.0000000325280
    -340.00000000000    1.0000000325280
    -339.00000000000    1.0000000325280
    -338.00000000000    1.0000000325280
    -337.00000000000    1.0000000325280
    -336.00000000000    1.0000000325280
    -335.00000000000    1.0000000325280
    -334.00000000000    1.0000000325280
    -333.00000000000    1.0000000325280
    -332.00000000000    1.0000000325280
    -331.00000000000    1.0000000325280
    -330.00000000000    1.0000000325280
    -329.00000000000    1.0000000325280
    -328.00000000000    1.0000000325280
    -327.00000000000    1.0000000325280
    -326.00000000000    1.0000000325280
    -325.00000000000    1.0000000325280
    -324.00000000000    1.0000000325280
    -323.00000000000    1.0000000325280
    -322.00000000000    1.0000000325280
    -321.00000000000    1.0000000325280
    -320.00000000000    1.0000000325280
    -319.00000000000    1.0000000325280
    -318.00000000000    1.0000000325280
    -317.00000000000    1.0000000325280
    -316.00000000000    1.0000000325280
    -315.00000000000    1.0000000325280
    -314.00000000000    1.0000000325280
    -313.00000000000    1.0000000325280
    -312.00000000000    1.0000000325280
    -311.00000000000    1.0000000325280
    -310.00000000000    1.0000000325280
    -309.00000000000    1.0000000325280
    -308.00000000000    1.0000000325280
    -307.00000000000    1.0000000325280
    -306.00000000000    1.0000000325280
    -305.00000000000    1.0000000325280
    -304.00000000000    1.0000000325280
    -303.00000000000    1.0000000325280
    -302.00000000000    1.0000000325280
    -301.00000000000    1.0000000325280
    -300.00000000000    1.0000000325280
    -299.00000000000    1.0000000325280
    -298.00000000000    1.0000000325280
    -297.00000000000    1.0000000325280
    -296.00000000000    1.0000000325280
    -295.00000000000    1.0000000325280
    -294.00000000000    1.0000000325280
    -293.00000000000    1.0000000325280
    -292.00000000000    1.0000000325280
    -291.00000000000    1.0000000325280
    -290.00000000000    1.0000000325280
    -289.00000000000    1.0000000325280
    -288.00000000000    1.0000000325280
    -287.00000000000    1.0000000325280
    -286.00000000000    1.0000000325280
    -285.00000000000    1.0000000325280
    -284.00000000000    1.0000000325280
    -283.00000000000    1.0000000325280
    -282.00000000000    1.0000000325280
    -281.00000000000    1.0000000325280
    -280.00000000000    1.0000000325280
    -279.00000000000    1.0000000325280
    -278.00000000000    1.0000000325280
    -277.00000000000    1.0000000325280
    -276.00000000000    1.0000000325280
    -275.00000000000    1.0000000325280
    -274.00000000000    1.0000000325280
    -273.00000000000    1.0000000325280
    -272.00000000000    1.0000000325280
    -271.00000000000    1.0000000325280
    -270.00000000000    1.0000000325280
    -269.00000000000    1.0000000325280
    -268.00000000000    1.0000000325280
    -267.00000000000    1.0000000325280
    -266.00000000000    1.0000000325280
    -265.00000000000    1.0000000325280
    -264.00000000000    1.0000000325280
    -263.00000000000    1.0000000325280
    -262.00000000000    1.0000000325280
    -261.00000000000    1.0000000325280
    -260.00000000000    1.0000000325280
    -259.00000000000    1.0000000325280
    -258.00000000000    1.0000000325280
    -257.00000000000    1.0000000325280
    -256.00000000000    1.0000000325280
    -255.00000000000    1.0000000325280
    -254.00000000000    1.0000000325280
    -253.00000000000    1.0000000325279
    -252.00000000000    1.0000000325275
    -251.00000000000    1.0000000325261
    -250.00000000000    1.0000000325210
    -249.00000000000    1.0000000325035
    -248.00000000000    1.0000000324464
    -247.00000000000    1.0000000322674
    -246.00000000000    1.0000000317306
    -245.00000000000    1.0000000301901
    -244.00000000000    1.0000000259591
    -243.00000000000    1.0000000148364
    -242.00000000000   0.99999998684880
    -241.00000000000   0.99999991943159
    -240.00000000000   0.99999976395368
    -239.00000000000   0.99999942062157
    -238.00000000000   0.99999869456603
    -237.00000000000   0.99999722392921
    -236.00000000000   0.99999437027123
    -235.00000000000   0.99998906445535
    -234.00000000000   0.99997960941175
    -233.00000000000   0.99996345613557
    -232.00000000000   0.99993699010660
    -231.00000000000   0.99989538770725
    -230.00000000000   0.99983261802364
    -229.00000000000   0.99974166428139
    -228.00000000000   0.99961501236999
    -227.00000000000   0.99944539951128
    -226.00000000000   0.99922674311399
    -225.00000000000   0.99895509839651
    -224.00000000000   0.99862944948213
    -223.00000000000   0.99825214433115
    -222.00000000000   0.99782884637069
    -221.00000000000   0.99736798181910
    -220.00000000000   0.99687978053584
    -219.00000000000   0.99637510220558
    -218.00000000000   0.99586427940830
    -217.00000000000   0.99535618493255
    -216.00000000000   0.99485765537388
    -215.00000000000   0.99437330520872
    -214.00000000000   0.99390567701355
    -213.00000000000   0.99345561743403
    -212.00000000000   0.99302275283460
    -211.00000000000   0.99260595678353
    -210.00000000000   0.99220373873709
    -209.00000000000   0.99181452358232
    -208.00000000000   0.99143682370171
    -207.00000000000   0.99106932410861
    -206.00000000000   0.99071090771566
    -205.00000000000   0.99036064575781
    -204.00000000000   0.99001777221057
    -203.00000000000   0.98968165415380
    -202.00000000000   0.98935176435862
    -201.00000000000   0.98902765854505
    -200.00000000000   0.98870895760491
    -199.00000000000   0.98839533412121
    -198.00000000000   0.98808650225039
    -197.00000000000   0.98778221010084
    -196.00000000000   0.98748223392015
    -195.00000000000   0.98718637358724
    -194.00000000000   0.98689444905425
    -193.00000000000   0.98660629749137
    -192.00000000000   0.98632177096184
    -191.00000000000   0.98604073450490
    -190.00000000000   0.98576306453803
    -189.00000000000   0.98548864751283
    -188.00000000000   0.98521737877516
    -187.00000000000   0.98494916159162
    -186.00000000000   0.98468390631250
    -185.00000000000   0.98442152964823
    -184.00000000000   0.98416195404025
    -183.00000000000   0.98390510711163
    -182.00000000000   0.98365092118490
    -181.00000000000   0.98339933285731
    -180.00000000000   0.98315028262514
    -179.00000000000   0.98290371455012
    -178.00000000000   0.98265957596239
    -177.00000000000   0.98241781719503
    -176.00000000000   0.98217839134613
    -175.00000000000   0.98194125406493
    -174.00000000000   0.98170636335915
    -173.00000000000   0.98147367942079
    -172.00000000000   0.98124316446849
    -171.00000000000   0.98101478260437
    -170.00000000000   0.98078849968377
    -169.00000000000   0.98056428319652
    -168.00000000000   0.98034210215855
    -167.00000000000   0.98012192701257
    -166.00000000000   0.97990372953713
    -165.00000000000   0.97968748276302
    -164.00000000000   0.97947316089636
    -163.00000000000   0.97926073924782
    -162.00000000000   0.97905019416720
    -161.00000000000   0.97884150298298
    -160.00000000000   0.97863464394647
    -159.00000000000   0.97842959617988
    -158.00000000000   0.97822633962830
    -157.00000000000   0.97802485501497
    -156.00000000000   0.97782512379969
    -155.00000000000   0.97762712814007
    -154.00000000000   0.97743085085546
    -153.00000000000   0.97723627539318
    -152.00000000000   0.97704338579703
    -151.00000000000   0.97685216667777
    -150.00000000000   0.97666260318557
    -149.00000000000   0.97647468098406
    -148.00000000000   0.97628838622608
    -147.00000000000   0.97610370553087
    -146.00000000000   0.97592062596261
    -145.00000000000   0.97573913501028
    -144.00000000000   0.97555922056862
    -143.00000000000   0.97538087092029
    -142.00000000000   0.97520407471892
    -141.00000000000   0.97502882097326
    -140.00000000000   0.97485509903205
    -139.00000000000   0.97468289856984
    -138.00000000000   0.97451220957352
    -137.00000000000   0.97434302232958
    -136.00000000000   0.97417532741208
    -135.00000000000   0.97400911567113
    -134.00000000000   0.97384437822214
    -133.00000000000   0.97368110643546
    -132.00000000000   0.97351929192664
    -131.00000000000   0.97335892654711
    -130.00000000000   0.97320000237538
    -129.00000000000   0.97304251170862
    -128.00000000000   0.97288644705466
    -127.00000000000   0.97273180112439
    -126.00000000000   0.97257856682449
    -125.00000000000   0.97242673725054
    -124.00000000000   0.97227630568038
    -123.00000000000   0.97212726556783
    -122.00000000000   0.97197961053670
    -121.00000000000   0.97183333437503
    -120.00000000000   0.97168843102959
    -119.00000000000   0.97154489460066
    -118.00000000000   0.97140271933700
    -117.00000000000   0.97126189963103
    -116.00000000000   0.97112243001428
    -115.00000000000   0.97098430515295
    -114.00000000000   0.97084751984369
    -113.00000000000   0.97071206900959
    -112.00000000000   0.97057794769626
    -111.00000000000   0.97044515106817
    -110.00000000000   0.97031367440501
    -109.00000000000   0.97018351309835
    -108.00000000000   0.97005466264828
    -107.00000000000   0.96992711866027
    -106.00000000000   0.96980087684218
   -105.000000000000   0.96967593300127
   -104.000000000000   0.96955228304147
   -103.000000000000   0.96942992296061
   -102.000000000000   0.96930884884789
   -101.000000000000   0.96918905688134
   -100.000000000000   0.96907054332542
    -99.000000000000   0.96895330452873
    -98.000000000000   0.96883733692175
    -97.000000000000   0.96872263701471
    -96.000000000000   0.96860920139551
    -95.000000000000   0.96849702672772
    -94.000000000000   0.96838610974867
    -93.000000000000   0.96827644726758
    -92.000000000000   0.96816803616377
    -91.000000000000   0.96806087338493
    -90.000000000000   0.96795495594546
    -89.000000000000   0.96785028092485
    -88.000000000000   0.96774684546614
    -87.000000000000   0.96764464677438
    -86.000000000000   0.96754368211525
    -85.000000000000   0.96744394881356
    -84.000000000000   0.96734544425198
    -83.000000000000   0.96724816586969
    -82.000000000000   0.96715211116112
    -81.000000000000   0.96705727767473
    -80.000000000000   0.96696366301182
    -79.000000000000   0.96687126482538
    -78.000000000000   0.96678008081900
    -77.000000000000   0.96669010874578
    -76.000000000000   0.96660134640731
    -75.000000000000   0.96651379165263
    -74.000000000000   0.96642744237730
    -73.000000000000   0.96634229652245
    -72.000000000000   0.96625835207383
    -71.000000000000   0.96617560706098
    -70.000000000000   0.96609405955636
    -69.000000000000   0.96601370767449
    -68.000000000000   0.96593454957118
    -67.000000000000   0.96585658344278
    -66.000000000000   0.96577980752534
    -65.000000000000   0.96570422009398
    -64.000000000000   0.96562981946213
    -63.000000000000   0.96555660398083
    -62.000000000000   0.96548457203812
    -61.000000000000   0.96541372205837
    -60.000000000000   0.96534405250163
    -59.000000000000   0.96527556186309
    -58.000000000000   0.96520824867243
    -57.000000000000   0.96514211149330
    -56.000000000000   0.96507714892274
    -55.000000000000   0.96501335959067
    -54.000000000000   0.96495074215937
    -53.000000000000   0.96488929532296
    -52.000000000000   0.96482901780694
    -51.000000000000   0.96476990836772
    -50.000000000000   0.96471196579215
    -49.000000000000   0.96465518889709
    -48.000000000000   0.96459957652898
    -47.000000000000   0.96454512756345
    -46.000000000000   0.96449184090487
    -45.000000000000   0.96443971548600
    -44.000000000000   0.96438875026764
    -43.000000000000   0.96433894423819
    -42.000000000000   0.96429029641338
    -41.000000000000   0.96424280583589
    -40.000000000000   0.96419647157501
    -39.000000000000   0.96415129272637
    -38.000000000000   0.96410726841159
    -37.000000000000   0.96406439777801
    -36.000000000000   0.96402267999838
    -35.000000000000   0.96398211427061
    -34.000000000000   0.96394269981750
    -33.000000000000   0.96390443588645
    -32.000000000000   0.96386732174928
    -31.000000000000   0.96383135670191
    -30.000000000000   0.96379654006419
    -29.000000000000   0.96376287117967
    -28.000000000000   0.96373034941538
    -27.000000000000   0.96369897416160
    -26.000000000000   0.96366874483172
    -25.000000000000   0.96363966086202
    -24.000000000000   0.96361172171147
    -23.000000000000   0.96358492686163
    -22.000000000000   0.96355927581639
    -21.000000000000   0.96353476810190
    -20.000000000000   0.96351140326637
    -19.000000000000   0.96348918087995
    -18.000000000000   0.96346810053458
    -17.000000000000   0.96344816184389
    -16.000000000000   0.96342936444304
    -15.000000000000   0.96341170798867
    -14.000000000000   0.96339519215871
    -13.000000000000   0.96337981665236
    -12.000000000000   0.96336558118994
    -11.000000000000   0.96335248551283
   -10.0000000000000   0.96334052938341
    -9.0000000000000   0.96332971258494
    -8.0000000000000   0.96332003492153
    -7.0000000000000   0.96331149621808
    -6.0000000000000   0.96330409632018
    -5.0000000000000   0.96329783509415
    -4.0000000000000   0.96329271242692
    -3.0000000000000   0.96328872822601
    -2.0000000000000   0.96328588241955
    -1.0000000000000   0.96328417495620
   0.   0.96328360580517
     1.0000000000000   0.96328417495620
     2.0000000000000   0.96328588241955
     3.0000000000000   0.96328872822601
     4.0000000000000   0.96329271242692
     5.0000000000000   0.96329783509415
     6.0000000000000   0.96330409632018
     7.0000000000000   0.96331149621808
     8.0000000000000   0.96332003492153
     9.0000000000000   0.96332971258494
    10.0000000000000   0.96334052938341
     11.000000000000   0.96335248551283
     12.000000000000   0.96336558118994
     13.000000000000   0.96337981665236
     14.000000000000   0.96339519215871
     15.000000000000   0.96341170798867
     16.000000000000   0.96342936444305
     17.000000000000   0.96344816184389
     18.000000000000   0.96346810053458
     19.000000000000   0.96348918087995
     20.000000000000   0.96351140326637
     21.000000000000   0.96353476810190
     22.000000000000   0.96355927581639
     23.000000000000   0.96358492686163
     24.000000000000   0.96361172171147
     25.000000000000   0.96363966086201
     26.000000000000   0.96366874483172
     27.000000000000   0.96369897416160
     28.000000000000   0.96373034941538
     29.000000000000   0.96376287117967
     30.000000000000   0.96379654006419
     31.000000000000   0.96383135670191
     32.000000000000   0.96386732174928
     33.000000000000   0.96390443588645
     34.000000000000   0.96394269981750
     35.000000000000   0.96398211427061
     36.000000000000   0.96402267999838
     37.000000000000   0.96406439777801
     38.000000000000   0.96410726841159
     39.000000000000   0.96415129272637
     40.000000000000   0.96419647157501
     41.000000000000   0.96424280583589
     42.000000000000   0.96429029641338
     43.000000000000   0.96433894423819
     44.000000000000   0.96438875026764
     45.000000000000   0.96443971548600
     46.000000000000   0.96449184090487
     47.000000000000   0.96454512756345
     48.000000000000   0.96459957652898
     49.000000000000   0.96465518889709
     50.000000000000   0.96471196579215
     51.000000000000   0.96476990836772
     52.000000000000   0.96482901780694
     53.000000000000   0.96488929532296
     54.000000000000   0.96495074215937
     55.000000000000   0.96501335959067
     56.000000000000   0.96507714892274
     57.000000000000   0.96514211149330
     58.000000000000   0.96520824867243
     59.000000000000   0.96527556186309
     60.000000000000   0.96534405250163
     61.000000000000   0.96541372205837
     62.000000000000   0.96548457203812
     63.000000000000   0.96555660398083
     64.000000000000   0.96562981946213
     65.000000000000   0.96570422009398
     66.000000000000   0.96577980752534
     67.000000000000   0.96585658344278
     68.000000000000   0.96593454957118
     69.000000000000   0.96601370767449
     70.000000000000   0.96609405955636
     71.000000000000   0.96617560706098
     72.000000000000   0.96625835207383
     73.000000000000   0.96634229652245
     74.000000000000   0.96642744237730
     75.000000000000   0.96651379165263
     76.000000000000   0.96660134640731
     77.000000000000   0.96669010874578
     78.000000000000   0.96678008081900
     79.000000000000   0.96687126482538
     80.000000000000   0.96696366301182
     81.000000000000   0.96705727767473
     82.000000000000   0.96715211116112
     83.000000000000   0.96724816586969
     84.000000000000   0.96734544425198
     85.000000000000   0.96744394881356
     86.000000000000   0.96754368211525
     87.000000000000   0.96764464677438
     88.000000000000   0.96774684546614
     89.000000000000   0.96785028092485
     90.000000000000   0.96795495594546
     91.000000000000   0.96806087338493
     92.000000000000   0.96816803616377
     93.000000000000   0.96827644726758
     94.000000000000   0.96838610974867
     95.000000000000   0.96849702672772
     96.000000000000   0.96860920139551
     97.000000000000   0.96872263701471
     98.000000000000   0.96883733692175
     99.000000000000   0.96895330452873
    100.000000000000   0.96907054332542
    101.000000000000   0.96918905688134
    102.000000000000   0.96930884884789
    103.000000000000   0.96942992296061
    104.000000000000   0.96955228304147
    105.000000000000   0.96967593300127
     106.00000000000   0.96980087684218
     107.00000000000   0.96992711866027
     108.00000000000   0.97005466264828
     109.00000000000   0.97018351309835
     110.00000000000   0.97031367440501
     111.00000000000   0.97044515106817
     112.00000000000   0.97057794769626
     113.00000000000   0.97071206900959
     114.00000000000   0.97084751984369
     115.00000000000   0.97098430515295
     116.00000000000   0.97112243001428
     117.00000000000   0.97126189963103
     118.00000000000   0.97140271933700
     119.00000000000   0.97154489460066
     120.00000000000   0.97168843102959
     121.00000000000   0.97183333437503
     122.00000000000   0.97197961053670
     123.00000000000   0.97212726556783
     124.00000000000   0.97227630568038
     125.00000000000   0.97242673725054
     126.00000000000   0.97257856682449
     127.00000000000   0.97273180112439
     128.00000000000   0.97288644705466
     129.00000000000   0.97304251170862
     130.00000000000   0.97320000237538
     131.00000000000   0.97335892654711
     132.00000000000   0.97351929192664
     133.00000000000   0.97368110643546
     134.00000000000   0.97384437822214
     135.00000000000   0.97400911567113
     136.00000000000   0.97417532741208
     137.00000000000   0.97434302232958
     138.00000000000   0.97451220957352
     139.00000000000   0.97468289856984
     140.00000000000   0.97485509903205
     141.00000000000   0.97502882097326
     142.00000000000   0.97520407471892
     143.00000000000   0.97538087092029
     144.00000000000   0.97555922056862
     145.00000000000   0.97573913501028
     146.00000000000   0.97592062596261
     147.00000000000   0.97610370553087
     148.00000000000   0.97628838622608
     149.00000000000   0.97647468098406
     150.00000000000   0.97666260318557
     151.00000000000   0.97685216667777
     152.00000000000   0.97704338579703
     153.00000000000   0.97723627539318
     154.00000000000   0.97743085085546
     155.00000000000   0.97762712814007
     156.00000000000   0.97782512379969
     157.00000000000   0.97802485501497
     158.00000000000   0.97822633962830
     159.00000000000   0.97842959617988
     160.00000000000   0.97863464394647
     161.00000000000   0.97884150298298
     162.00000000000   0.97905019416720
     163.00000000000   0.97926073924782
     164.00000000000   0.97947316089636
     165.00000000000   0.97968748276302
     166.00000000000   0.97990372953713
     167.00000000000   0.98012192701257
     168.00000000000   0.98034210215855
     169.00000000000   0.98056428319652
     170.00000000000   0.98078849968377
     171.00000000000   0.98101478260437
     172.00000000000   0.98124316446849
     173.00000000000   0.98147367942079
     174.00000000000   0.98170636335915
     175.00000000000   0.98194125406493
     176.00000000000   0.98217839134613
     177.00000000000   0.98241781719503
     178.00000000000   0.98265957596239
     179.00000000000   0.98290371455012
     180.00000000000   0.98315028262514
     181.00000000000   0.98339933285731
     182.00000000000   0.98365092118490
     183.00000000000   0.98390510711163
     184.00000000000   0.98416195404025
     185.00000000000   0.98442152964823
     186.00000000000   0.98468390631250
     187.00000000000   0.98494916159162
     188.00000000000   0.98521737877516
     189.00000000000   0.98548864751282
     190.00000000000   0.98576306453803
     191.00000000000   0.98604073450490
     192.00000000000   0.98632177096184
     193.00000000000   0.98660629749137
     194.00000000000   0.98689444905425
     195.00000000000   0.98718637358724
     196.00000000000   0.98748223392015
     197.00000000000   0.98778221010084
     198.00000000000   0.98808650225039
     199.00000000000   0.98839533412121
     200.00000000000   0.98870895760491
     201.00000000000   0.98902765854505
     202.00000000000   0.98935176435862
     203.00000000000   0.98968165415380
     204.00000000000   0.99001777221056
     205.00000000000   0.99036064575781
     206.00000000000   0.99071090771566
     207.00000000000   0.99106932410861
     208.00000000000   0.99143682370171
     209.00000000000   0.99181452358232
     210.00000000000   0.99220373873709
     211.00000000000   0.99260595678353
     212.00000000000   0.99302275283460
     213.00000000000   0.99345561743403
     214.00000000000   0.99390567701355
     215.00000000000   0.99437330520872
     216.00000000000   0.99485765537388
     217.00000000000   0.99535618493255
     218.00000000000   0.99586427940830
     219.00000000000   0.99637510220558
     220.00000000000   0.99687978053584
     221.00000000000   0.99736798181910
     222.00000000000   0.99782884637069
     223.00000000000   0.99825214433115
     224.00000000000   0.99862944948213
     225.00000000000   0.99895509839650
     226.00000000000   0.99922674311399
     227.00000000000   0.99944539951128
     228.00000000000   0.99961501236999
     229.00000000000   0.99974166428139
     230.00000000000   0.99983261802364
     231.00000000000   0.99989538770725
     232.00000000000   0.99993699010660
     233.00000000000   0.99996345613557
     234.00000000000   0.99997960941175
     235.00000000000   0.99998906445535
     236.00000000000   0.99999437027123
     237.00000000000   0.99999722392921
     238.00000000000   0.99999869456603
     239.00000000000   0.99999942062157
     240.00000000000   0.99999976395368
     241.00000000000   0.99999991943159
     242.00000000000   0.99999998684880
     243.00000000000    1.0000000148364
     244.00000000000    1.0000000259591
     245.00000000000    1.0000000301901
     246.00000000000    1.0000000317306
     247.00000000000    1.0000000322674
     248.00000000000    1.0000000324464
     249.00000000000    1.0000000325035
     250.00000000000    1.0000000325210
     251.00000000000    1.0000000325261
     252.00000000000    1.0000000325275
     253.00000000000    1.0000000325279
     254.00000000000    1.0000000325280
     255.00000000000    1.0000000325280
     256.00000000000    1.0000000325280
     257.00000000000    1.0000000325280
     258.00000000000    1.0000000325280
     259.00000000000    1.0000000325280
     260.00000000000    1.0000000325280
     261.00000000000    1.0000000325280
     262.00000000000    1.0000000325280
     263.00000000000    1.0000000325280
     264.00000000000    1.0000000325280
     265.00000000000    1.0000000325280
     266.00000000000    1.0000000325280
     267.00000000000    1.0000000325280
     268.00000000000    1.0000000325280
     269.00000000000    1.0000000325280
     270.00000000000    1.0000000325280
     271.00000000000    1.0000000325280
     272.00000000000    1.0000000325280
     273.00000000000    1.0000000325280
     274.00000000000    1.0000000325280
     275.00000000000    1.0000000325280
     276.00000000000    1.0000000325280
     277.00000000000    1.0000000325280
     278.00000000000    1.0000000325280
     279.00000000000    1.0000000325280
     280.00000000000    1.0000000325280
     281.00000000000    1.0000000325280
     282.00000000000    1.0000000325280
     283.00000000000    1.0000000325280
     284.00000000000    1.0000000325280
     285.00000000000    1.0000000325280
     286.00000000000    1.0000000325280
     287.00000000000    1.0000000325280
     288.00000000000    1.0000000325280
     289.00000000000    1.0000000325280
     290.00000000000    1.0000000325280
     291.00000000000    1.0000000325280
     292.00000000000    1.0000000325280
     293.00000000000    1.0000000325280
     294.00000000000    1.0000000325280
     295.00000000000    1.0000000325280
     296.00000000000    1.0000000325280
     297.00000000000    1.0000000325280
     298.00000000000    1.0000000325280
     299.00000000000    1.0000000325280
     300.00000000000    1.0000000325280
     301.00000000000    1.0000000325280
     302.00000000000    1.0000000325280
     303.00000000000    1.0000000325280
     304.00000000000    1.0000000325280
     305.00000000000    1.0000000325280
     306.00000000000    1.0000000325280
     307.00000000000    1.0000000325280
     308.00000000000    1.0000000325280
     309.00000000000    1.0000000325280
     310.00000000000    1.0000000325280
     311.00000000000    1.0000000325280
     312.00000000000    1.0000000325280
     313.00000000000    1.0000000325280
     314.00000000000    1.0000000325280
     315.00000000000    1.0000000325280
     316.00000000000    1.0000000325280
     317.00000000000    1.0000000325280
     318.00000000000    1.0000000325280
     319.00000000000    1.0000000325280
     320.00000000000    1.0000000325280
     321.00000000000    1.0000000325280
     322.00000000000    1.0000000325280
     323.00000000000    1.0000000325280
     324.00000000000    1.0000000325280
     325.00000000000    1.0000000325280
     326.00000000000    1.0000000325280
     327.00000000000    1.0000000325280
     328.00000000000    1.0000000325280
     329.00000000000    1.0000000325280
     330.00000000000    1.0000000325280
     331.00000000000    1.0000000325280
     332.00000000000    1.0000000325280
     333.00000000000    1.0000000325280
     334.00000000000    1.0000000325280
     335.00000000000    1.0000000325280
     336.00000000000    1.0000000325280
     337.00000000000    1.0000000325280
     338.00000000000    1.0000000325280
     339.00000000000    1.0000000325280
     340.00000000000    1.0000000325280
     341.00000000000    1.0000000325280
     342.00000000000    1.0000000325280
     343.00000000000    1.0000000325280
     344.00000000000    1.0000000325280
     345.00000000000    1.0000000325280
     346.00000000000    1.0000000325280
     347.00000000000    1.0000000325280
     348.00000000000    1.0000000325280
     349.00000000000    1.0000000325280
     350.00000000000    1.0000000325280
     351.00000000000    1.0000000325280
     352.00000000000    1.0000000325280
     353.00000000000    1.0000000325280
     354.00000000000    1.0000000325280
     355.00000000000    1.0000000325280
     356.00000000000    1.0000000325280
     357.00000000000    1.0000000325280
     358.00000000000    1.0000000325280
     359.00000000000    1.0000000325280
     360.00000000000    1.0000000325280
     361.00000000000    1.0000000325280
     362.00000000000    1.0000000325280
     363.00000000000    1.0000000325280
     364.00000000000    1.0000000325280
     365.00000000000    1.0000000325280
     366.00000000000    1.0000000325280
     367.00000000000    1.0000000325280
     368.00000000000    1.0000000325280
     369.00000000000    1.0000000325280
     370.00000000000    1.0000000325280
     371.00000000000    1.0000000325280
     372.00000000000    1.0000000325280
     373.00000000000    1.0000000325280
     374.00000000000    1.0000000325280
     375.00000000000    1.0000000325280
     376.00000000000    1.0000000325280
     377.00000000000    1.0000000325280
     378.00000000000    1.0000000325280
     379.00000000000    1.0000000325280
     380.00000000000    1.0000000325280
     381.00000000000    1.0000000325280
     382.00000000000    1.0000000325280
     383.00000000000    1.0000000325280
     384.00000000000    1.0000000325280
     385.00000000000    1.0000000325280
     386.00000000000    1.0000000325280
     387.00000000000    1.0000000325280
     388.00000000000    1.0000000325280
     389.00000000000    1.0000000325280
     390.00000000000    1.0000000325280
     391.00000000000    1.0000000325280
     392.00000000000    1.0000000325280
     393.00000000000    1.0000000325280
     394.00000000000    1.0000000325280
     395.00000000000    1.0000000325280
     396.00000000000    1.0000000325280
     397.00000000000    1.0000000325280
     398.00000000000    1.0000000325280
     399.00000000000    1.0000000325280
     400.00000000000    1.0000000325280
     401.00000000000    1.0000000325280
     402.00000000000    1.0000000325280
     403.00000000000    1.0000000325280
     404.00000000000    1.0000000325280
     405.00000000000    1.0000000325280
     406.00000000000    1.0000000325280
     407.00000000000    1.0000000325280
     408.00000000000    1.0000000325280
     409.00000000000    1.0000000325280
     410.00000000000    1.0000000325280
     411.00000000000    1.0000000325280
     412.00000000000    1.0000000325280
     413.00000000000    1.0000000325280
     414.00000000000    1.0000000325280
     415.00000000000    1.0000000325280
     416.00000000000    1.0000000325280
     417.00000000000    1.0000000325280
     418.00000000000    1.0000000325280
     419.00000000000    1.0000000325280
     420.00000000000    1.0000000325280
     421.00000000000    1.0000000325280
     422.00000000000    1.0000000325280
     423.00000000000    1.0000000325280
     424.00000000000    1.0000000325280
     425.00000000000    1.0000000325280
     426.00000000000    1.0000000325280
     427.00000000000    1.0000000325280
     428.00000000000    1.0000000325280
     429.00000000000    1.0000000325280
     430.00000000000    1.0000000325280
     431.00000000000    1.0000000325280
     432.00000000000    1.0000000325280
     433.00000000000    1.0000000325280
     434.00000000000    1.0000000325280
     435.00000000000    1.0000000325280
     436.00000000000    1.0000000325280
     437.00000000000    1.0000000325280
     438.00000000000    1.0000000325280
     439.00000000000    1.0000000325280
     440.00000000000    1.0000000325280
     441.00000000000    1.0000000325280
     442.00000000000    1.0000000325280
     443.00000000000    1.0000000325280
     444.00000000000    1.0000000325280
     445.00000000000    1.0000000325280
     446.00000000000    1.0000000325280
     447.00000000000    1.0000000325280
     448.00000000000    1.0000000325280
     449.00000000000    1.0000000325280
     450.00000000000    1.0000000325280
     451.00000000000    1.0000000325280
     452.00000000000    1.0000000325280
     453.00000000000    1.0000000325280
     454.00000000000    1.0000000325280
     455.00000000000    1.0000000325280
     456.00000000000    1.0000000325280
     457.00000000000    1.0000000325280
     458.00000000000    1.0000000325280
     459.00000000000    1.0000000325280
     460.00000000000    1.0000000325280
     461.00000000000    1.0000000325280
     462.00000000000    1.0000000325280
     463.00000000000    1.0000000325280
     464.00000000000    1.0000000325280
     465.00000000000    1.0000000325280
     466.00000000000    1.0000000325280
     467.00000000000    1.0000000325280
     468.00000000000    1.0000000325280
     469.00000000000    1.0000000325280
     470.00000000000    1.0000000325280
     471.00000000000    1.0000000325280
     472.00000000000    1.0000000325280
     473.00000000000    1.0000000325280
     474.00000000000    1.0000000325280
     475.00000000000    1.0000000325280
     476.00000000000    1.0000000325280
     477.00000000000    1.0000000325280
     478.00000000000    1.0000000325280
     479.00000000000    1.0000000325280
     480.00000000000    1.0000000325280
     481.00000000000    1.0000000325280
     482.00000000000    1.0000000325280
     483.00000000000    1.0000000325280
     484.00000000000    1.0000000325280
     485.00000000000    1.0000000325280
     486.00000000000    1.0000000325280
     487.00000000000    1.0000000325280
     488.00000000000    1.0000000325280
     489.00000000000    1.0000000325280
     490.00000000000    1.0000000325280
     491.00000000000    1.0000000325280
     492.00000000000    1.0000000325280
     493.00000000000    1.0000000325280
     494.00000000000    1.0000000325280
     495.00000000000    1.0000000325280
     496.00000000000    1.0000000325280
     497.00000000000    1.0000000325280
     498.00000000000    1.0000000325280
     499.00000000000    1.0000000325280
     500.00000000000    1.0000000325280
