    -500.00000000000    1.0000000325280
    -499.00000000000    1.0000000325280
    -498.00000000000    1.0000000325280
    -497.00000000000    1.0000000325280
    -496.00000000000    1.0000000325280
    -495.00000000000    1.0000000325280
    -494.00000000000    1.0000000325280
    -493.00000000000    1.0000000325280
    -492.00000000000    1.0000000325280
    -491.00000000000    1.0000000325280
    -490.00000000000    1.0000000325280
    -489.00000000000    1.0000000325280
    -488.00000000000    1.0000000325280
    -487.00000000000    1.0000000325280
    -486.00000000000    1.0000000325280
    -485.00000000000    1.0000000325280
    -484.00000000000    1.0000000325280
    -483.00000000000    1.0000000325280
    -482.00000000000    1.0000000325280
    -481.00000000000    1.0000000325280
    -480.00000000000    1.0000000325280
    -479.00000000000    1.0000000325280
    -478.00000000000    1.0000000325280
    -477.00000000000    1.0000000325280
    -476.00000000000    1.0000000325280
    -475.00000000000    1.0000000325280
    -474.00000000000    1.0000000325280
    -473.00000000000    1.0000000325280
    -472.00000000000    1.0000000325280
    -471.00000000000    1.0000000325280
    -470.00000000000    1.0000000325280
    -469.00000000000    1.0000000325280
    -468.00000000000    1.0000000325280
    -467.00000000000    1.0000000325280
    -466.00000000000    1.0000000325280
    -465.00000000000    1.0000000325280
    -464.00000000000    1.0000000325280
    -463.00000000000    1.0000000325280
    -462.00000000000    1.0000000325280
    -461.00000000000    1.0000000325280
    -460.00000000000    1.0000000325280
    -459.00000000000    1.0000000325280
    -458.00000000000    1.0000000325280
    -457.00000000000    1.0000000325280
    -456.00000000000    1.0000000325280
    -455.00000000000    1.0000000325280
    -454.00000000000    1.0000000325280
    -453.00000000000    1.0000000325280
    -452.00000000000    1.0000000325280
    -451.00000000000    1.0000000325280
    -450.00000000000    1.0000000325280
    -449.00000000000    1.0000000325280
    -448.00000000000    1.0000000325280
    -447.00000000000    1.0000000325280
    -446.00000000000    1.0000000325280
    -445.00000000000    1.0000000325280
    -444.00000000000    1.0000000325280
    -443.00000000000    1.0000000325280
    -442.00000000000    1.0000000325280
    -441.00000000000    1.0000000325280
    -440.00000000000    1.0000000325280
    -439.00000000000    1.0000000325280
    -438.00000000000    1.0000000325280
    -437.00000000000    1.0000000325280
    -436.00000000000    1.0000000325280
    -435.00000000000    1.0000000325280
    -434.00000000000    1.0000000325280
    -433.00000000000    1.0000000325280
    -432.00000000000    1.0000000325280
    -431.00000000000    1.0000000325280
    -430.00000000000    1.0000000325280
    -429.00000000000    1.0000000325280
    -428.00000000000    1.0000000325280
    -427.00000000000    1.0000000325280
    -426.00000000000    1.0000000325280
    -425.00000000000    1.0000000325280
    -424.00000000000    1.0000000325280
    -423.00000000000    1.0000000325280
    -422.00000000000    1.0000000325280
    -421.00000000000    1.0000000325280
    -420.00000000000    1.0000000325280
    -419.00000000000    1.0000000325280
    -418.00000000000    1.0000000325280
    -417.00000000000    1.0000000325280
    -416.00000000000    1.0000000325280
    -415.00000000000    1.0000000325280
    -414.00000000000    1.0000000325280
    -413.00000000000    1.0000000325280
    -412.00000000000    1.0000000325280
    -411.00000000000    1.0000000325280
    -410.00000000000    1.0000000325280
    -409.00000000000    1.0000000325280
    -408.00000000000    1.0000000325280
    -407.00000000000    1.0000000325280
    -406.00000000000    1.0000000325280
    -405.00000000000    1.0000000325280
    -404.00000000000    1.0000000325280
    -403.00000000000    1.0000000325280
    -402.00000000000    1.0000000325280
    -401.00000000000    1.0000000325280
    -400.00000000000    1.0000000325280
    -399.00000000000    1.0000000325280
    -398.00000000000    1.0000000325280
    -397.00000000000    1.0000000325280
    -396.00000000000    1.0000000325280
    -395.00000000000    1.0000000325280
    -394.00000000000    1.0000000325280
    -393.00000000000    1.0000000325280
    -392.00000000000    1.0000000325280
    -391.00000000000    1.0000000325280
    -390.00000000000    1.0000000325280
    -389.00000000000    1.0000000325280
    -388.00000000000    1.0000000325280
    -387.00000000000    1.0000000325280
    -386.00000000000    1.0000000325280
    -385.00000000000    1.0000000325280
    -384.00000000000    1.0000000325280
    -383.00000000000    1.0000000325280
    -382.00000000000    1.0000000325280
    -381.00000000000    1.0000000325280
    -380.00000000000    1.0000000325280
    -379.00000000000    1.0000000325280
    -378.00000000000    1.0000000325280
    -377.00000000000    1.0000000325280
    -376.00000000000    1.0000000325280
    -375.00000000000    1.0000000325280
    -374.00000000000    1.0000000325280
    -373.00000000000    1.0000000325280
    -372.00000000000    1.0000000325280
    -371.00000000000    1.0000000325280
    -370.00000000000    1.0000000325280
    -369.00000000000    1.0000000325280
    -368.00000000000    1.0000000325280
    -367.00000000000    1.0000000325280
    -366.00000000000    1.0000000325280
    -365.00000000000    1.0000000325280
    -364.00000000000    1.0000000325280
    -363.00000000000    1.0000000325280
    -362.00000000000    1.0000000325280
    -361.00000000000    1.0000000325280
    -360.00000000000    1.0000000325280
    -359.00000000000    1.0000000325280
    -358.00000000000    1.0000000325280
    -357.00000000000    1.0000000325280
    -356.00000000000    1.0000000325280
    -355.00000000000    1.0000000325280
    -354.00000000000    1.0000000325280
    -353.00000000000    1.0000000325280
    -352.00000000000    1.0000000325280
    -351.00000000000    1.0000000325280
    -350.00000000000    1.0000000325280
    -349.00000000000    1.0000000325280
    -348.00000000000    1.0000000325280
    -347.00000000000    1.0000000325280
    -346.00000000000    1.0000000325280
    -345.00000000000    1.0000000325280
    -344.00000000000    1.0000000325280
    -343.00000000000    1.0000000325280
    -342.00000000000    1.0000000325280
    -341.00000000000    1.0000000325280
    -340.00000000000    1.0000000325280
    -339.00000000000    1.0000000325280
    -338.00000000000    1.0000000325280
    -337.00000000000    1.0000000325280
    -336.00000000000    1.0000000325280
    -335.00000000000    1.0000000325280
    -334.00000000000    1.0000000325280
    -333.00000000000    1.0000000325280
    -332.00000000000    1.0000000325280
    -331.00000000000    1.0000000325280
    -330.00000000000    1.0000000325280
    -329.00000000000    1.0000000325280
    -328.00000000000    1.0000000325280
    -327.00000000000    1.0000000325280
    -326.00000000000    1.0000000325280
    -325.00000000000    1.0000000325280
    -324.00000000000    1.0000000325280
    -323.00000000000    1.0000000325280
    -322.00000000000    1.0000000325280
    -321.00000000000    1.0000000325280
    -320.00000000000    1.0000000325280
    -319.00000000000    1.0000000325280
    -318.00000000000    1.0000000325280
    -317.00000000000    1.0000000325280
    -316.00000000000    1.0000000325280
    -315.00000000000    1.0000000325280
    -314.00000000000    1.0000000325280
    -313.00000000000    1.0000000325280
    -312.00000000000    1.0000000325280
    -311.00000000000    1.0000000325280
    -310.00000000000    1.0000000325280
    -309.00000000000    1.0000000325280
    -308.00000000000    1.0000000325280
    -307.00000000000    1.0000000325280
    -306.00000000000    1.0000000325280
    -305.00000000000    1.0000000325280
    -304.00000000000    1.0000000325280
    -303.00000000000    1.0000000325280
    -302.00000000000    1.0000000325280
    -301.00000000000    1.0000000325280
    -300.00000000000    1.0000000325280
    -299.00000000000    1.0000000325280
    -298.00000000000    1.0000000325280
    -297.00000000000    1.0000000325280
    -296.00000000000    1.0000000325280
    -295.00000000000    1.0000000325280
    -294.00000000000    1.0000000325280
    -293.00000000000    1.0000000325280
    -292.00000000000    1.0000000325280
    -291.00000000000    1.0000000325280
    -290.00000000000    1.0000000325280
    -289.00000000000    1.0000000325280
    -288.00000000000    1.0000000325280
    -287.00000000000    1.0000000325280
    -286.00000000000    1.0000000325280
    -285.00000000000    1.0000000325280
    -284.00000000000    1.0000000325280
    -283.00000000000    1.0000000325280
    -282.00000000000    1.0000000325280
    -281.00000000000    1.0000000325280
    -280.00000000000    1.0000000325280
    -279.00000000000    1.0000000325280
    -278.00000000000    1.0000000325280
    -277.00000000000    1.0000000325280
    -276.00000000000    1.0000000325280
    -275.00000000000    1.0000000325280
    -274.00000000000    1.0000000325280
    -273.00000000000    1.0000000325280
    -272.00000000000    1.0000000325280
    -271.00000000000    1.0000000325280
    -270.00000000000    1.0000000325280
    -269.00000000000    1.0000000325280
    -268.00000000000    1.0000000325280
    -267.00000000000    1.0000000325280
    -266.00000000000    1.0000000325280
    -265.00000000000    1.0000000325280
    -264.00000000000    1.0000000325280
    -263.00000000000    1.0000000325280
    -262.00000000000    1.0000000325280
    -261.00000000000    1.0000000325280
    -260.00000000000    1.0000000325280
    -259.00000000000    1.0000000325280
    -258.00000000000    1.0000000325280
    -257.00000000000    1.0000000325280
    -256.00000000000    1.0000000325280
    -255.00000000000    1.0000000325280
    -254.00000000000    1.0000000325280
    -253.00000000000    1.0000000325280
    -252.00000000000    1.0000000325280
    -251.00000000000    1.0000000325280
    -250.00000000000    1.0000000325280
    -249.00000000000    1.0000000325280
    -248.00000000000    1.0000000325280
    -247.00000000000    1.0000000325280
    -246.00000000000    1.0000000325280
    -245.00000000000    1.0000000325280
    -244.00000000000    1.0000000325280
    -243.00000000000    1.0000000325280
    -242.00000000000    1.0000000325280
    -241.00000000000    1.0000000325280
    -240.00000000000    1.0000000325280
    -239.00000000000    1.0000000325280
    -238.00000000000    1.0000000325280
    -237.00000000000    1.0000000325280
    -236.00000000000    1.0000000325280
    -235.00000000000    1.0000000325280
    -234.00000000000    1.0000000325280
    -233.00000000000    1.0000000325280
    -232.00000000000    1.0000000325280
    -231.00000000000    1.0000000325280
    -230.00000000000    1.0000000325280
    -229.00000000000    1.0000000325280
    -228.00000000000    1.0000000325280
    -227.00000000000    1.0000000325280
    -226.00000000000    1.0000000325280
    -225.00000000000    1.0000000325280
    -224.00000000000    1.0000000325280
    -223.00000000000    1.0000000325280
    -222.00000000000    1.0000000325279
    -221.00000000000    1.0000000325278
    -220.00000000000    1.0000000325273
    -219.00000000000    1.0000000325255
    -218.00000000000    1.0000000325191
    -217.00000000000    1.0000000324969
    -216.00000000000    1.0000000324243
    -215.00000000000    1.0000000321966
    -214.00000000000    1.0000000315138
    -213.00000000000    1.0000000295541
    -212.00000000000    1.0000000241706
    -211.00000000000    1.0000000100165
    -210.00000000000   0.99999997439498
    -209.00000000000   0.99999988857419
    -208.00000000000   0.99999969061765
    -207.00000000000   0.99999925339781
    -206.00000000000   0.99999832860442
    -205.00000000000   0.99999645501048
    -204.00000000000   0.99999281859559
    -203.00000000000   0.99998605570882
    -202.00000000000   0.99997400091969
    -201.00000000000   0.99995340024761
    -200.00000000000   0.99991963703703
    -199.00000000000   0.99986654638334
    -198.00000000000   0.99978641435767
    -197.00000000000   0.99967025711054
    -196.00000000000   0.99950844107280
    -195.00000000000   0.99929163634388
    -194.00000000000   0.99901200228740
    -193.00000000000   0.99866441295495
    -192.00000000000   0.99824747340598
    -191.00000000000   0.99776408439303
    -190.00000000000   0.99722139177598
    -189.00000000000   0.99663009186431
    -188.00000000000   0.99600321542062
    -187.00000000000   0.99535463345764
    -186.00000000000   0.99469757961346
    -185.00000000000   0.99404345413019
    -184.00000000000   0.99340107930004
    -183.00000000000   0.99277645189149
    -182.00000000000   0.99217292509342
    -181.00000000000   0.99159168051315
    -180.00000000000   0.99103233007152
    -179.00000000000   0.99049351020639
    -178.00000000000   0.98997337777113
    -177.00000000000   0.98946996818700
    -176.00000000000   0.98898141723390
    -175.00000000000   0.98850607210733
    -174.00000000000   0.98804252588679
    -173.00000000000   0.98758960715351
    -172.00000000000   0.98714634875389
    -171.00000000000   0.98671195099996
    -170.00000000000   0.98628574739540
    -169.00000000000   0.98586717609388
    -168.00000000000   0.98545575753550
    -167.00000000000   0.98505107746134
    -166.00000000000   0.98465277415150
    -165.00000000000   0.98426052880476
    -164.00000000000   0.98387405819793
    -163.00000000000   0.98349310899116
    -162.00000000000   0.98311745323222
    -161.00000000000   0.98274688474831
    -160.00000000000   0.98238121620758
    -159.00000000000   0.98202027669599
    -158.00000000000   0.98166390969749
    -157.00000000000   0.98131197139479
    -156.00000000000   0.98096432922820
    -155.00000000000   0.98062086066456
    -154.00000000000   0.98028145213893
    -153.00000000000   0.97994599813937
    -152.00000000000   0.97961440041139
    -151.00000000000   0.97928656726298
    -150.00000000000   0.97896241295475
    -149.00000000000   0.97864185716259
    -148.00000000000   0.97832482450236
    -147.00000000000   0.97801124410790
    -146.00000000000   0.97770104925511
    -145.00000000000   0.97739417702607
    -144.00000000000   0.97709056800794
    -143.00000000000   0.97679016602229
    -142.00000000000   0.97649291788125
    -141.00000000000   0.97619877316703
    -140.00000000000   0.97590768403238
    -139.00000000000   0.97561960501932
    -138.00000000000   0.97533449289430
    -137.00000000000   0.97505230649787
    -136.00000000000   0.97477300660737
    -135.00000000000   0.97449655581127
    -134.00000000000   0.97422291839397
    -133.00000000000   0.97395206022993
    -132.00000000000   0.97368394868630
    -131.00000000000   0.97341855253325
    -130.00000000000   0.97315584186111
    -129.00000000000   0.97289578800387
    -128.00000000000   0.97263836346834
    -127.00000000000   0.97238354186848
    -126.00000000000   0.97213129786447
    -125.00000000000   0.97188160710611
    -124.00000000000   0.97163444618011
    -123.00000000000   0.97138979256106
    -122.00000000000   0.97114762456561
    -121.00000000000   0.97090792130981
    -120.00000000000   0.97067066266912
    -119.00000000000   0.97043582924112
    -118.00000000000   0.97020340231047
    -117.00000000000   0.96997336381615
    -116.00000000000   0.96974569632068
    -115.00000000000   0.96952038298122
    -114.00000000000   0.96929740752241
    -113.00000000000   0.96907675421082
    -112.00000000000   0.96885840783085
    -111.00000000000   0.96864235366212
    -110.00000000000   0.96842857745804
    -109.00000000000   0.96821706542563
    -108.00000000000   0.96800780420646
    -107.00000000000   0.96780078085865
    -106.00000000000   0.96759598283979
   -105.000000000000   0.96739339799086
   -104.000000000000   0.96719301452090
   -103.000000000000   0.96699482099253
   -102.000000000000   0.96679880630829
   -101.000000000000   0.96660495969750
   -100.000000000000   0.96641327070396
    -99.000000000000   0.96622372917419
    -98.000000000000   0.96603632524622
    -97.000000000000   0.96585104933897
    -96.000000000000   0.96566789214216
    -95.000000000000   0.96548684460666
    -94.000000000000   0.96530789793529
    -93.000000000000   0.96513104357414
    -92.000000000000   0.96495627320415
    -91.000000000000   0.96478357873321
    -90.000000000000   0.96461295228856
    -89.000000000000   0.96444438620952
    -88.000000000000   0.96427787304056
    -87.000000000000   0.96411340552469
    -86.000000000000   0.96395097659715
    -85.000000000000   0.96379057937931
    -84.000000000000   0.96363220717291
    -83.000000000000   0.96347585345449
    -82.000000000000   0.96332151187011
    -81.000000000000   0.96316917623022
    -80.000000000000   0.96301884050481
    -79.000000000000   0.96287049881874
    -78.000000000000   0.96272414544724
    -77.000000000000   0.96257977481161
    -76.000000000000   0.96243738147511
    -75.000000000000   0.96229696013899
    -74.000000000000   0.96215850563866
    -73.000000000000   0.96202201294011
    -72.000000000000   0.96188747713630
    -71.000000000000   0.96175489344389
    -70.000000000000   0.96162425719991
    -69.000000000000   0.96149556385872
    -68.000000000000   0.96136880898895
    -67.000000000000   0.96124398827065
    -66.000000000000   0.96112109749254
    -65.000000000000   0.96100013254928
    -64.000000000000   0.96088108943895
    -63.000000000000   0.96076396426057
    -62.000000000000   0.96064875321169
    -61.000000000000   0.96053545258615
    -60.000000000000   0.96042405877182
    -59.000000000000   0.96031456824851
    -58.000000000000   0.96020697758591
    -57.000000000000   0.96010128344160
    -56.000000000000   0.95999748255917
    -55.000000000000   0.95989557176638
    -54.000000000000   0.95979554797339
    -53.000000000000   0.95969740817107
    -52.000000000000   0.95960114942933
    -51.000000000000   0.95950676889558
    -50.000000000000   0.95941426379315
    -49.000000000000   0.95932363141989
    -48.000000000000   0.95923486914670
    -47.000000000000   0.95914797441617
    -46.000000000000   0.95906294474128
    -45.000000000000   0.95897977770414
    -44.000000000000   0.95889847095473
    -43.000000000000   0.95881902220976
    -42.000000000000   0.95874142925151
    -41.000000000000   0.95866568992676
    -40.000000000000   0.95859180214570
    -39.000000000000   0.95851976388096
    -38.000000000000   0.95844957316659
    -37.000000000000   0.95838122809718
    -36.000000000000   0.95831472682687
    -35.000000000000   0.95825006756857
    -34.000000000000   0.95818724859304
    -33.000000000000   0.95812626822817
    -32.000000000000   0.95806712485812
    -31.000000000000   0.95800981692268
    -30.000000000000   0.95795434291644
    -29.000000000000   0.95790070138821
    -28.000000000000   0.95784889094031
    -27.000000000000   0.95779891022795
    -26.000000000000   0.95775075795866
    -25.000000000000   0.95770443289167
    -24.000000000000   0.95765993383740
    -23.000000000000   0.95761725965693
    -22.000000000000   0.95757640926147
    -21.000000000000   0.95753738161193
    -20.000000000000   0.95750017571846
    -19.000000000000   0.95746479063999
    -18.000000000000   0.95743122548386
    -17.000000000000   0.95739947940543
    -16.000000000000   0.95736955160771
    -15.000000000000   0.95734144134103
    -14.000000000000   0.95731514790271
    -13.000000000000   0.95729067063678
    -12.000000000000   0.95726800893369
    -11.000000000000   0.95724716223005
   -10.0000000000000   0.95722813000843
    -9.0000000000000   0.95721091179707
    -8.0000000000000   0.95719550716977
    -7.0000000000000   0.95718191574563
    -6.0000000000000   0.95717013718897
    -5.0000000000000   0.95716017120911
    -4.0000000000000   0.95715201756033
    -3.0000000000000   0.95714567604171
    -2.0000000000000   0.95714114649705
    -1.0000000000000   0.95713842881485
   0.   0.95713752292822
     1.0000000000000   0.95713842881485
     2.0000000000000   0.95714114649705
     3.0000000000000   0.95714567604171
     4.0000000000000   0.95715201756033
     5.0000000000000   0.95716017120911
     6.0000000000000   0.95717013718897
     7.0000000000000   0.95718191574563
     8.0000000000000   0.95719550716977
     9.0000000000000   0.95721091179707
    10.0000000000000   0.95722813000843
     11.000000000000   0.95724716223005
     12.000000000000   0.95726800893369
     13.000000000000   0.95729067063678
     14.000000000000   0.95731514790271
     15.000000000000   0.95734144134103
     16.000000000000   0.95736955160771
     17.000000000000   0.95739947940543
     18.000000000000   0.95743122548386
     19.000000000000   0.95746479063999
     20.000000000000   0.95750017571846
     21.000000000000   0.95753738161193
     22.000000000000   0.95757640926147
     23.000000000000   0.95761725965693
     24.000000000000   0.95765993383740
     25.000000000000   0.95770443289167
     26.000000000000   0.95775075795866
     27.000000000000   0.95779891022795
     28.000000000000   0.95784889094030
     29.000000000000   0.95790070138821
     30.000000000000   0.95795434291644
     31.000000000000   0.95800981692268
     32.000000000000   0.95806712485812
     33.000000000000   0.95812626822816
     34.000000000000   0.95818724859304
     35.000000000000   0.95825006756857
     36.000000000000   0.95831472682687
     37.000000000000   0.95838122809718
     38.000000000000   0.95844957316659
     39.000000000000   0.95851976388096
     40.000000000000   0.95859180214570
     41.000000000000   0.95866568992676
     42.000000000000   0.95874142925151
     43.000000000000   0.95881902220976
     44.000000000000   0.95889847095473
     45.000000000000   0.95897977770414
     46.000000000000   0.95906294474128
     47.000000000000   0.95914797441617
     48.000000000000   0.95923486914670
     49.000000000000   0.95932363141989
     50.000000000000   0.95941426379315
     51.000000000000   0.95950676889558
     52.000000000000   0.95960114942933
     53.000000000000   0.95969740817107
     54.000000000000   0.95979554797339
     55.000000000000   0.95989557176638
     56.000000000000   0.95999748255917
     57.000000000000   0.96010128344160
     58.000000000000   0.96020697758591
     59.000000000000   0.96031456824851
     60.000000000000   0.96042405877182
     61.000000000000   0.96053545258615
     62.000000000000   0.96064875321169
     63.000000000000   0.96076396426057
     64.000000000000   0.96088108943895
     65.000000000000   0.96100013254928
     66.000000000000   0.96112109749254
     67.000000000000   0.96124398827065
     68.000000000000   0.96136880898895
     69.000000000000   0.96149556385872
     70.000000000000   0.96162425719991
     71.000000000000   0.96175489344389
     72.000000000000   0.96188747713630
     73.000000000000   0.96202201294011
     74.000000000000   0.96215850563866
     75.000000000000   0.96229696013899
     76.000000000000   0.96243738147511
     77.000000000000   0.96257977481161
     78.000000000000   0.96272414544724
     79.000000000000   0.96287049881874
     80.000000000000   0.96301884050481
     81.000000000000   0.96316917623022
     82.000000000000   0.96332151187011
     83.000000000000   0.96347585345449
     84.000000000000   0.96363220717291
     85.000000000000   0.96379057937931
     86.000000000000   0.96395097659715
     87.000000000000   0.96411340552469
     88.000000000000   0.96427787304056
     89.000000000000   0.96444438620952
     90.000000000000   0.96461295228856
     91.000000000000   0.96478357873321
     92.000000000000   0.96495627320415
     93.000000000000   0.96513104357414
     94.000000000000   0.96530789793529
     95.000000000000   0.96548684460666
     96.000000000000   0.96566789214216
     97.000000000000   0.96585104933897
     98.000000000000   0.96603632524622
     99.000000000000   0.96622372917419
    100.000000000000   0.96641327070396
    101.000000000000   0.96660495969750
    102.000000000000   0.96679880630829
    103.000000000000   0.96699482099253
    104.000000000000   0.96719301452090
    105.000000000000   0.96739339799086
     106.00000000000   0.96759598283979
     107.00000000000   0.96780078085865
     108.00000000000   0.96800780420646
     109.00000000000   0.96821706542563
     110.00000000000   0.96842857745804
     111.00000000000   0.96864235366212
     112.00000000000   0.96885840783085
     113.00000000000   0.96907675421082
     114.00000000000   0.96929740752241
     115.00000000000   0.96952038298122
     116.00000000000   0.96974569632068
     117.00000000000   0.96997336381615
     118.00000000000   0.97020340231047
     119.00000000000   0.97043582924112
     120.00000000000   0.97067066266912
     121.00000000000   0.97090792130981
     122.00000000000   0.97114762456561
     123.00000000000   0.97138979256106
     124.00000000000   0.97163444618012
     125.00000000000   0.97188160710611
     126.00000000000   0.97213129786447
     127.00000000000   0.97238354186848
     128.00000000000   0.97263836346834
     129.00000000000   0.97289578800387
     130.00000000000   0.97315584186111
     131.00000000000   0.97341855253325
     132.00000000000   0.97368394868630
     133.00000000000   0.97395206022993
     134.00000000000   0.97422291839397
     135.00000000000   0.97449655581127
     136.00000000000   0.97477300660737
     137.00000000000   0.97505230649787
     138.00000000000   0.97533449289430
     139.00000000000   0.97561960501932
     140.00000000000   0.97590768403238
     141.00000000000   0.97619877316703
     142.00000000000   0.97649291788125
     143.00000000000   0.97679016602229
     144.00000000000   0.97709056800794
     145.00000000000   0.97739417702607
     146.00000000000   0.97770104925511
     147.00000000000   0.97801124410790
     148.00000000000   0.97832482450236
     149.00000000000   0.97864185716259
     150.00000000000   0.97896241295475
     151.00000000000   0.97928656726298
     152.00000000000   0.97961440041139
     153.00000000000   0.97994599813937
     154.00000000000   0.98028145213893
     155.00000000000   0.98062086066456
     156.00000000000   0.98096432922820
     157.00000000000   0.98131197139479
     158.00000000000   0.98166390969749
     159.00000000000   0.98202027669599
     160.00000000000   0.98238121620758
     161.00000000000   0.98274688474831
     162.00000000000   0.98311745323222
     163.00000000000   0.98349310899116
     164.00000000000   0.98387405819793
     165.00000000000   0.98426052880476
     166.00000000000   0.98465277415150
     167.00000000000   0.98505107746134
     168.00000000000   0.98545575753550
     169.00000000000   0.98586717609388
     170.00000000000   0.98628574739540
     171.00000000000   0.98671195099996
     172.00000000000   0.98714634875389
     173.00000000000   0.98758960715351
     174.00000000000   0.98804252588679
     175.00000000000   0.98850607210733
     176.00000000000   0.98898141723390
     177.00000000000   0.98946996818700
     178.00000000000   0.98997337777113
     179.00000000000   0.99049351020639
     180.00000000000   0.99103233007152
     181.00000000000   0.99159168051315
     182.00000000000   0.99217292509342
     183.00000000000   0.99277645189149
     184.00000000000   0.99340107930004
     185.00000000000   0.99404345413019
     186.00000000000   0.99469757961346
     187.00000000000   0.99535463345764
     188.00000000000   0.99600321542062
     189.00000000000   0.99663009186431
     190.00000000000   0.99722139177598
     191.00000000000   0.99776408439303
     192.00000000000   0.99824747340598
     193.00000000000   0.99866441295495
     194.00000000000   0.99901200228740
     195.00000000000   0.99929163634388
     196.00000000000   0.99950844107280
     197.00000000000   0.99967025711054
     198.00000000000   0.99978641435767
     199.00000000000   0.99986654638334
     200.00000000000   0.99991963703703
     201.00000000000   0.99995340024761
     202.00000000000   0.99997400091969
     203.00000000000   0.99998605570882
     204.00000000000   0.99999281859559
     205.00000000000   0.99999645501048
     206.00000000000   0.99999832860442
     207.00000000000   0.99999925339781
     208.00000000000   0.99999969061765
     209.00000000000   0.99999988857419
     210.00000000000   0.99999997439498
     211.00000000000    1.0000000100165
     212.00000000000    1.0000000241706
     213.00000000000    1.0000000295541
     214.00000000000    1.0000000315138
     215.00000000000    1.0000000321966
     216.00000000000    1.0000000324243
     217.00000000000    1.0000000324969
     218.00000000000    1.0000000325191
     219.00000000000    1.0000000325255
     220.00000000000    1.0000000325273
     221.00000000000    1.0000000325278
     222.00000000000    1.0000000325279
     223.00000000000    1.0000000325280
     224.00000000000    1.0000000325280
     225.00000000000    1.0000000325280
     226.00000000000    1.0000000325280
     227.00000000000    1.0000000325280
     228.00000000000    1.0000000325280
     229.00000000000    1.0000000325280
     230.00000000000    1.0000000325280
     231.00000000000    1.0000000325280
     232.00000000000    1.0000000325280
     233.00000000000    1.0000000325280
     234.00000000000    1.0000000325280
     235.00000000000    1.0000000325280
     236.00000000000    1.0000000325280
     237.00000000000    1.0000000325280
     238.00000000000    1.0000000325280
     239.00000000000    1.0000000325280
     240.00000000000    1.0000000325280
     241.00000000000    1.0000000325280
     242.00000000000    1.0000000325280
     243.00000000000    1.0000000325280
     244.00000000000    1.0000000325280
     245.00000000000    1.0000000325280
     246.00000000000    1.0000000325280
     247.00000000000    1.0000000325280
     248.00000000000    1.0000000325280
     249.00000000000    1.0000000325280
     250.00000000000    1.0000000325280
     251.00000000000    1.0000000325280
     252.00000000000    1.0000000325280
     253.00000000000    1.0000000325280
     254.00000000000    1.0000000325280
     255.00000000000    1.0000000325280
     256.00000000000    1.0000000325280
     257.00000000000    1.0000000325280
     258.00000000000    1.0000000325280
     259.00000000000    1.0000000325280
     260.00000000000    1.0000000325280
     261.00000000000    1.0000000325280
     262.00000000000    1.0000000325280
     263.00000000000    1.0000000325280
     264.00000000000    1.0000000325280
     265.00000000000    1.0000000325280
     266.00000000000    1.0000000325280
     267.00000000000    1.0000000325280
     268.00000000000    1.0000000325280
     269.00000000000    1.0000000325280
     270.00000000000    1.0000000325280
     271.00000000000    1.0000000325280
     272.00000000000    1.0000000325280
     273.00000000000    1.0000000325280
     274.00000000000    1.0000000325280
     275.00000000000    1.0000000325280
     276.00000000000    1.0000000325280
     277.00000000000    1.0000000325280
     278.00000000000    1.0000000325280
     279.00000000000    1.0000000325280
     280.00000000000    1.0000000325280
     281.00000000000    1.0000000325280
     282.00000000000    1.0000000325280
     283.00000000000    1.0000000325280
     284.00000000000    1.0000000325280
     285.00000000000    1.0000000325280
     286.00000000000    1.0000000325280
     287.00000000000    1.0000000325280
     288.00000000000    1.0000000325280
     289.00000000000    1.0000000325280
     290.00000000000    1.0000000325280
     291.00000000000    1.0000000325280
     292.00000000000    1.0000000325280
     293.00000000000    1.0000000325280
     294.00000000000    1.0000000325280
     295.00000000000    1.0000000325280
     296.00000000000    1.0000000325280
     297.00000000000    1.0000000325280
     298.00000000000    1.0000000325280
     299.00000000000    1.0000000325280
     300.00000000000    1.0000000325280
     301.00000000000    1.0000000325280
     302.00000000000    1.0000000325280
     303.00000000000    1.0000000325280
     304.00000000000    1.0000000325280
     305.00000000000    1.0000000325280
     306.00000000000    1.0000000325280
     307.00000000000    1.0000000325280
     308.00000000000    1.0000000325280
     309.00000000000    1.0000000325280
     310.00000000000    1.0000000325280
     311.00000000000    1.0000000325280
     312.00000000000    1.0000000325280
     313.00000000000    1.0000000325280
     314.00000000000    1.0000000325280
     315.00000000000    1.0000000325280
     316.00000000000    1.0000000325280
     317.00000000000    1.0000000325280
     318.00000000000    1.0000000325280
     319.00000000000    1.0000000325280
     320.00000000000    1.0000000325280
     321.00000000000    1.0000000325280
     322.00000000000    1.0000000325280
     323.00000000000    1.0000000325280
     324.00000000000    1.0000000325280
     325.00000000000    1.0000000325280
     326.00000000000    1.0000000325280
     327.00000000000    1.0000000325280
     328.00000000000    1.0000000325280
     329.00000000000    1.0000000325280
     330.00000000000    1.0000000325280
     331.00000000000    1.0000000325280
     332.00000000000    1.0000000325280
     333.00000000000    1.0000000325280
     334.00000000000    1.0000000325280
     335.00000000000    1.0000000325280
     336.00000000000    1.0000000325280
     337.00000000000    1.0000000325280
     338.00000000000    1.0000000325280
     339.00000000000    1.0000000325280
     340.00000000000    1.0000000325280
     341.00000000000    1.0000000325280
     342.00000000000    1.0000000325280
     343.00000000000    1.0000000325280
     344.00000000000    1.0000000325280
     345.00000000000    1.0000000325280
     346.00000000000    1.0000000325280
     347.00000000000    1.0000000325280
     348.00000000000    1.0000000325280
     349.00000000000    1.0000000325280
     350.00000000000    1.0000000325280
     351.00000000000    1.0000000325280
     352.00000000000    1.0000000325280
     353.00000000000    1.0000000325280
     354.00000000000    1.0000000325280
     355.00000000000    1.0000000325280
     356.00000000000    1.0000000325280
     357.00000000000    1.0000000325280
     358.00000000000    1.0000000325280
     359.00000000000    1.0000000325280
     360.00000000000    1.0000000325280
     361.00000000000    1.0000000325280
     362.00000000000    1.0000000325280
     363.00000000000    1.0000000325280
     364.00000000000    1.0000000325280
     365.00000000000    1.0000000325280
     366.00000000000    1.0000000325280
     367.00000000000    1.0000000325280
     368.00000000000    1.0000000325280
     369.00000000000    1.0000000325280
     370.00000000000    1.0000000325280
     371.00000000000    1.0000000325280
     372.00000000000    1.0000000325280
     373.00000000000    1.0000000325280
     374.00000000000    1.0000000325280
     375.00000000000    1.0000000325280
     376.00000000000    1.0000000325280
     377.00000000000    1.0000000325280
     378.00000000000    1.0000000325280
     379.00000000000    1.0000000325280
     380.00000000000    1.0000000325280
     381.00000000000    1.0000000325280
     382.00000000000    1.0000000325280
     383.00000000000    1.0000000325280
     384.00000000000    1.0000000325280
     385.00000000000    1.0000000325280
     386.00000000000    1.0000000325280
     387.00000000000    1.0000000325280
     388.00000000000    1.0000000325280
     389.00000000000    1.0000000325280
     390.00000000000    1.0000000325280
     391.00000000000    1.0000000325280
     392.00000000000    1.0000000325280
     393.00000000000    1.0000000325280
     394.00000000000    1.0000000325280
     395.00000000000    1.0000000325280
     396.00000000000    1.0000000325280
     397.00000000000    1.0000000325280
     398.00000000000    1.0000000325280
     399.00000000000    1.0000000325280
     400.00000000000    1.0000000325280
     401.00000000000    1.0000000325280
     402.00000000000    1.0000000325280
     403.00000000000    1.0000000325280
     404.00000000000    1.0000000325280
     405.00000000000    1.0000000325280
     406.00000000000    1.0000000325280
     407.00000000000    1.0000000325280
     408.00000000000    1.0000000325280
     409.00000000000    1.0000000325280
     410.00000000000    1.0000000325280
     411.00000000000    1.0000000325280
     412.00000000000    1.0000000325280
     413.00000000000    1.0000000325280
     414.00000000000    1.0000000325280
     415.00000000000    1.0000000325280
     416.00000000000    1.0000000325280
     417.00000000000    1.0000000325280
     418.00000000000    1.0000000325280
     419.00000000000    1.0000000325280
     420.00000000000    1.0000000325280
     421.00000000000    1.0000000325280
     422.00000000000    1.0000000325280
     423.00000000000    1.0000000325280
     424.00000000000    1.0000000325280
     425.00000000000    1.0000000325280
     426.00000000000    1.0000000325280
     427.00000000000    1.0000000325280
     428.00000000000    1.0000000325280
     429.00000000000    1.0000000325280
     430.00000000000    1.0000000325280
     431.00000000000    1.0000000325280
     432.00000000000    1.0000000325280
     433.00000000000    1.0000000325280
     434.00000000000    1.0000000325280
     435.00000000000    1.0000000325280
     436.00000000000    1.0000000325280
     437.00000000000    1.0000000325280
     438.00000000000    1.0000000325280
     439.00000000000    1.0000000325280
     440.00000000000    1.0000000325280
     441.00000000000    1.0000000325280
     442.00000000000    1.0000000325280
     443.00000000000    1.0000000325280
     444.00000000000    1.0000000325280
     445.00000000000    1.0000000325280
     446.00000000000    1.0000000325280
     447.00000000000    1.0000000325280
     448.00000000000    1.0000000325280
     449.00000000000    1.0000000325280
     450.00000000000    1.0000000325280
     451.00000000000    1.0000000325280
     452.00000000000    1.0000000325280
     453.00000000000    1.0000000325280
     454.00000000000    1.0000000325280
     455.00000000000    1.0000000325280
     456.00000000000    1.0000000325280
     457.00000000000    1.0000000325280
     458.00000000000    1.0000000325280
     459.00000000000    1.0000000325280
     460.00000000000    1.0000000325280
     461.00000000000    1.0000000325280
     462.00000000000    1.0000000325280
     463.00000000000    1.0000000325280
     464.00000000000    1.0000000325280
     465.00000000000    1.0000000325280
     466.00000000000    1.0000000325280
     467.00000000000    1.0000000325280
     468.00000000000    1.0000000325280
     469.00000000000    1.0000000325280
     470.00000000000    1.0000000325280
     471.00000000000    1.0000000325280
     472.00000000000    1.0000000325280
     473.00000000000    1.0000000325280
     474.00000000000    1.0000000325280
     475.00000000000    1.0000000325280
     476.00000000000    1.0000000325280
     477.00000000000    1.0000000325280
     478.00000000000    1.0000000325280
     479.00000000000    1.0000000325280
     480.00000000000    1.0000000325280
     481.00000000000    1.0000000325280
     482.00000000000    1.0000000325280
     483.00000000000    1.0000000325280
     484.00000000000    1.0000000325280
     485.00000000000    1.0000000325280
     486.00000000000    1.0000000325280
     487.00000000000    1.0000000325280
     488.00000000000    1.0000000325280
     489.00000000000    1.0000000325280
     490.00000000000    1.0000000325280
     491.00000000000    1.0000000325280
     492.00000000000    1.0000000325280
     493.00000000000    1.0000000325280
     494.00000000000    1.0000000325280
     495.00000000000    1.0000000325280
     496.00000000000    1.0000000325280
     497.00000000000    1.0000000325280
     498.00000000000    1.0000000325280
     499.00000000000    1.0000000325280
     500.00000000000    1.0000000325280
