    -500.00000000000    1.0000000325280
    -499.00000000000    1.0000000325280
    -498.00000000000    1.0000000325280
    -497.00000000000    1.0000000325280
    -496.00000000000    1.0000000325280
    -495.00000000000    1.0000000325280
    -494.00000000000    1.0000000325280
    -493.00000000000    1.0000000325280
    -492.00000000000    1.0000000325280
    -491.00000000000    1.0000000325280
    -490.00000000000    1.0000000325280
    -489.00000000000    1.0000000325280
    -488.00000000000    1.0000000325280
    -487.00000000000    1.0000000325280
    -486.00000000000    1.0000000325280
    -485.00000000000    1.0000000325280
    -484.00000000000    1.0000000325280
    -483.00000000000    1.0000000325280
    -482.00000000000    1.0000000325280
    -481.00000000000    1.0000000325280
    -480.00000000000    1.0000000325280
    -479.00000000000    1.0000000325280
    -478.00000000000    1.0000000325280
    -477.00000000000    1.0000000325280
    -476.00000000000    1.0000000325280
    -475.00000000000    1.0000000325280
    -474.00000000000    1.0000000325280
    -473.00000000000    1.0000000325280
    -472.00000000000    1.0000000325280
    -471.00000000000    1.0000000325280
    -470.00000000000    1.0000000325280
    -469.00000000000    1.0000000325280
    -468.00000000000    1.0000000325280
    -467.00000000000    1.0000000325280
    -466.00000000000    1.0000000325280
    -465.00000000000    1.0000000325280
    -464.00000000000    1.0000000325280
    -463.00000000000    1.0000000325280
    -462.00000000000    1.0000000325280
    -461.00000000000    1.0000000325280
    -460.00000000000    1.0000000325280
    -459.00000000000    1.0000000325280
    -458.00000000000    1.0000000325280
    -457.00000000000    1.0000000325280
    -456.00000000000    1.0000000325280
    -455.00000000000    1.0000000325280
    -454.00000000000    1.0000000325280
    -453.00000000000    1.0000000325280
    -452.00000000000    1.0000000325280
    -451.00000000000    1.0000000325280
    -450.00000000000    1.0000000325280
    -449.00000000000    1.0000000325280
    -448.00000000000    1.0000000325280
    -447.00000000000    1.0000000325280
    -446.00000000000    1.0000000325280
    -445.00000000000    1.0000000325280
    -444.00000000000    1.0000000325280
    -443.00000000000    1.0000000325280
    -442.00000000000    1.0000000325280
    -441.00000000000    1.0000000325280
    -440.00000000000    1.0000000325280
    -439.00000000000    1.0000000325280
    -438.00000000000    1.0000000325280
    -437.00000000000    1.0000000325280
    -436.00000000000    1.0000000325280
    -435.00000000000    1.0000000325280
    -434.00000000000    1.0000000325280
    -433.00000000000    1.0000000325280
    -432.00000000000    1.0000000325280
    -431.00000000000    1.0000000325280
    -430.00000000000    1.0000000325280
    -429.00000000000    1.0000000325280
    -428.00000000000    1.0000000325280
    -427.00000000000    1.0000000325280
    -426.00000000000    1.0000000325280
    -425.00000000000    1.0000000325280
    -424.00000000000    1.0000000325280
    -423.00000000000    1.0000000325280
    -422.00000000000    1.0000000325280
    -421.00000000000    1.0000000325280
    -420.00000000000    1.0000000325280
    -419.00000000000    1.0000000325280
    -418.00000000000    1.0000000325280
    -417.00000000000    1.0000000325280
    -416.00000000000    1.0000000325280
    -415.00000000000    1.0000000325280
    -414.00000000000    1.0000000325280
    -413.00000000000    1.0000000325280
    -412.00000000000    1.0000000325280
    -411.00000000000    1.0000000325280
    -410.00000000000    1.0000000325280
    -409.00000000000    1.0000000325280
    -408.00000000000    1.0000000325280
    -407.00000000000    1.0000000325280
    -406.00000000000    1.0000000325280
    -405.00000000000    1.0000000325280
    -404.00000000000    1.0000000325280
    -403.00000000000    1.0000000325280
    -402.00000000000    1.0000000325280
    -401.00000000000    1.0000000325280
    -400.00000000000    1.0000000325280
    -399.00000000000    1.0000000325280
    -398.00000000000    1.0000000325280
    -397.00000000000    1.0000000325280
    -396.00000000000    1.0000000325280
    -395.00000000000    1.0000000325280
    -394.00000000000    1.0000000325280
    -393.00000000000    1.0000000325280
    -392.00000000000    1.0000000325280
    -391.00000000000    1.0000000325280
    -390.00000000000    1.0000000325280
    -389.00000000000    1.0000000325280
    -388.00000000000    1.0000000325280
    -387.00000000000    1.0000000325280
    -386.00000000000    1.0000000325280
    -385.00000000000    1.0000000325280
    -384.00000000000    1.0000000325280
    -383.00000000000    1.0000000325280
    -382.00000000000    1.0000000325280
    -381.00000000000    1.0000000325280
    -380.00000000000    1.0000000325280
    -379.00000000000    1.0000000325280
    -378.00000000000    1.0000000325280
    -377.00000000000    1.0000000325280
    -376.00000000000    1.0000000325280
    -375.00000000000    1.0000000325280
    -374.00000000000    1.0000000325280
    -373.00000000000    1.0000000325280
    -372.00000000000    1.0000000325280
    -371.00000000000    1.0000000325280
    -370.00000000000    1.0000000325280
    -369.00000000000    1.0000000325280
    -368.00000000000    1.0000000325280
    -367.00000000000    1.0000000325280
    -366.00000000000    1.0000000325280
    -365.00000000000    1.0000000325280
    -364.00000000000    1.0000000325280
    -363.00000000000    1.0000000325280
    -362.00000000000    1.0000000325280
    -361.00000000000    1.0000000325280
    -360.00000000000    1.0000000325280
    -359.00000000000    1.0000000325280
    -358.00000000000    1.0000000325280
    -357.00000000000    1.0000000325280
    -356.00000000000    1.0000000325280
    -355.00000000000    1.0000000325280
    -354.00000000000    1.0000000325280
    -353.00000000000    1.0000000325280
    -352.00000000000    1.0000000325280
    -351.00000000000    1.0000000325280
    -350.00000000000    1.0000000325280
    -349.00000000000    1.0000000325280
    -348.00000000000    1.0000000325280
    -347.00000000000    1.0000000325280
    -346.00000000000    1.0000000325280
    -345.00000000000    1.0000000325280
    -344.00000000000    1.0000000325280
    -343.00000000000    1.0000000325280
    -342.00000000000    1.0000000325280
    -341.00000000000    1.0000000325280
    -340.00000000000    1.0000000325280
    -339.00000000000    1.0000000325280
    -338.00000000000    1.0000000325280
    -337.00000000000    1.0000000325280
    -336.00000000000    1.0000000325280
    -335.00000000000    1.0000000325280
    -334.00000000000    1.0000000325280
    -333.00000000000    1.0000000325280
    -332.00000000000    1.0000000325280
    -331.00000000000    1.0000000325280
    -330.00000000000    1.0000000325280
    -329.00000000000    1.0000000325280
    -328.00000000000    1.0000000325280
    -327.00000000000    1.0000000325280
    -326.00000000000    1.0000000325280
    -325.00000000000    1.0000000325280
    -324.00000000000    1.0000000325280
    -323.00000000000    1.0000000325280
    -322.00000000000    1.0000000325280
    -321.00000000000    1.0000000325280
    -320.00000000000    1.0000000325280
    -319.00000000000    1.0000000325280
    -318.00000000000    1.0000000325280
    -317.00000000000    1.0000000325280
    -316.00000000000    1.0000000325280
    -315.00000000000    1.0000000325280
    -314.00000000000    1.0000000325280
    -313.00000000000    1.0000000325280
    -312.00000000000    1.0000000325280
    -311.00000000000    1.0000000325280
    -310.00000000000    1.0000000325280
    -309.00000000000    1.0000000325280
    -308.00000000000    1.0000000325280
    -307.00000000000    1.0000000325280
    -306.00000000000    1.0000000325280
    -305.00000000000    1.0000000325280
    -304.00000000000    1.0000000325280
    -303.00000000000    1.0000000325280
    -302.00000000000    1.0000000325280
    -301.00000000000    1.0000000325280
    -300.00000000000    1.0000000325280
    -299.00000000000    1.0000000325280
    -298.00000000000    1.0000000325280
    -297.00000000000    1.0000000325280
    -296.00000000000    1.0000000325280
    -295.00000000000    1.0000000325280
    -294.00000000000    1.0000000325280
    -293.00000000000    1.0000000325280
    -292.00000000000    1.0000000325280
    -291.00000000000    1.0000000325280
    -290.00000000000    1.0000000325280
    -289.00000000000    1.0000000325280
    -288.00000000000    1.0000000325280
    -287.00000000000    1.0000000325280
    -286.00000000000    1.0000000325280
    -285.00000000000    1.0000000325280
    -284.00000000000    1.0000000325280
    -283.00000000000    1.0000000325280
    -282.00000000000    1.0000000325280
    -281.00000000000    1.0000000325280
    -280.00000000000    1.0000000325280
    -279.00000000000    1.0000000325280
    -278.00000000000    1.0000000325280
    -277.00000000000    1.0000000325280
    -276.00000000000    1.0000000325280
    -275.00000000000    1.0000000325280
    -274.00000000000    1.0000000325280
    -273.00000000000    1.0000000325280
    -272.00000000000    1.0000000325280
    -271.00000000000    1.0000000325280
    -270.00000000000    1.0000000325280
    -269.00000000000    1.0000000325280
    -268.00000000000    1.0000000325280
    -267.00000000000    1.0000000325280
    -266.00000000000    1.0000000325280
    -265.00000000000    1.0000000325280
    -264.00000000000    1.0000000325280
    -263.00000000000    1.0000000325280
    -262.00000000000    1.0000000325280
    -261.00000000000    1.0000000325280
    -260.00000000000    1.0000000325280
    -259.00000000000    1.0000000325280
    -258.00000000000    1.0000000325280
    -257.00000000000    1.0000000325280
    -256.00000000000    1.0000000325280
    -255.00000000000    1.0000000325280
    -254.00000000000    1.0000000325280
    -253.00000000000    1.0000000325280
    -252.00000000000    1.0000000325280
    -251.00000000000    1.0000000325280
    -250.00000000000    1.0000000325280
    -249.00000000000    1.0000000325280
    -248.00000000000    1.0000000325280
    -247.00000000000    1.0000000325280
    -246.00000000000    1.0000000325280
    -245.00000000000    1.0000000325280
    -244.00000000000    1.0000000325280
    -243.00000000000    1.0000000325280
    -242.00000000000    1.0000000325280
    -241.00000000000    1.0000000325280
    -240.00000000000    1.0000000325280
    -239.00000000000    1.0000000325280
    -238.00000000000    1.0000000325280
    -237.00000000000    1.0000000325280
    -236.00000000000    1.0000000325280
    -235.00000000000    1.0000000325280
    -234.00000000000    1.0000000325280
    -233.00000000000    1.0000000325280
    -232.00000000000    1.0000000325280
    -231.00000000000    1.0000000325280
    -230.00000000000    1.0000000325280
    -229.00000000000    1.0000000325280
    -228.00000000000    1.0000000325280
    -227.00000000000    1.0000000325280
    -226.00000000000    1.0000000325280
    -225.00000000000    1.0000000325280
    -224.00000000000    1.0000000325280
    -223.00000000000    1.0000000325280
    -222.00000000000    1.0000000325280
    -221.00000000000    1.0000000325280
    -220.00000000000    1.0000000325280
    -219.00000000000    1.0000000325280
    -218.00000000000    1.0000000325280
    -217.00000000000    1.0000000325280
    -216.00000000000    1.0000000325280
    -215.00000000000    1.0000000325280
    -214.00000000000    1.0000000325280
    -213.00000000000    1.0000000325280
    -212.00000000000    1.0000000325280
    -211.00000000000    1.0000000325280
    -210.00000000000    1.0000000325280
    -209.00000000000    1.0000000325280
    -208.00000000000    1.0000000325280
    -207.00000000000    1.0000000325280
    -206.00000000000    1.0000000325280
    -205.00000000000    1.0000000325280
    -204.00000000000    1.0000000325280
    -203.00000000000    1.0000000325280
    -202.00000000000    1.0000000325280
    -201.00000000000    1.0000000325280
    -200.00000000000    1.0000000325280
    -199.00000000000    1.0000000325280
    -198.00000000000    1.0000000325280
    -197.00000000000    1.0000000325280
    -196.00000000000    1.0000000325280
    -195.00000000000    1.0000000325280
    -194.00000000000    1.0000000325280
    -193.00000000000    1.0000000325280
    -192.00000000000    1.0000000325280
    -191.00000000000    1.0000000325280
    -190.00000000000    1.0000000325280
    -189.00000000000    1.0000000325280
    -188.00000000000    1.0000000325280
    -187.00000000000    1.0000000325280
    -186.00000000000    1.0000000325280
    -185.00000000000    1.0000000325280
    -184.00000000000    1.0000000325280
    -183.00000000000    1.0000000325280
    -182.00000000000    1.0000000325280
    -181.00000000000    1.0000000325280
    -180.00000000000    1.0000000325280
    -179.00000000000    1.0000000325280
    -178.00000000000    1.0000000325280
    -177.00000000000    1.0000000325279
    -176.00000000000    1.0000000325277
    -175.00000000000    1.0000000325270
    -174.00000000000    1.0000000325243
    -173.00000000000    1.0000000325144
    -172.00000000000    1.0000000324807
    -171.00000000000    1.0000000323704
    -170.00000000000    1.0000000320245
    -169.00000000000    1.0000000309868
    -168.00000000000    1.0000000280075
    -167.00000000000    1.0000000198211
    -166.00000000000   0.99999999829143
    -165.00000000000   0.99999994409143
    -164.00000000000   0.99999981346929
    -163.00000000000   0.99999951207162
    -162.00000000000   0.99999884614848
    -161.00000000000   0.99999743707869
    -160.00000000000   0.99999458121820
    -159.00000000000   0.99998903598419
    -158.00000000000   0.99997871845186
    -157.00000000000   0.99996031860506
    -156.00000000000   0.99992885837759
    -155.00000000000   0.99987726824071
    -154.00000000000   0.99979609706416
    -153.00000000000   0.99967350255767
    -152.00000000000   0.99949566858217
    -151.00000000000   0.99924774477495
    -150.00000000000   0.99891529903286
    -149.00000000000   0.99848613136625
    -148.00000000000   0.99795215729301
    -147.00000000000   0.99731098089895
    -146.00000000000   0.99656678518835
    -145.00000000000   0.99573028559718
    -144.00000000000   0.99481769704300
    -143.00000000000   0.99384889631012
    -142.00000000000   0.99284514701519
    -141.00000000000   0.99182683601751
    -140.00000000000   0.99081162775655
    -139.00000000000   0.98981330013548
    -138.00000000000   0.98884133684904
    -137.00000000000   0.98790117823977
    -136.00000000000   0.98699492136086
    -135.00000000000   0.98612222632756
    -134.00000000000   0.98528121861235
    -133.00000000000   0.98446924735181
    -132.00000000000   0.98368343729062
    -131.00000000000   0.98292103439031
    -130.00000000000   0.98217958261323
    -129.00000000000   0.98145698300503
    -128.00000000000   0.98075148307373
    -127.00000000000   0.98006163303959
    -126.00000000000   0.97938623246229
    -125.00000000000   0.97872427984152
    -124.00000000000   0.97807493033196
    -123.00000000000   0.97743746245670
    -122.00000000000   0.97681125274696
    -121.00000000000   0.97619575664777
    -120.00000000000   0.97559049410368
    -119.00000000000   0.97499503854972
    -118.00000000000   0.97440900836561
    -117.00000000000   0.97383206012635
    -116.00000000000   0.97326388318343
    -115.00000000000   0.97270419525092
    -114.00000000000   0.97215273876472
    -113.00000000000   0.97160927784735
    -112.00000000000   0.97107359575390
    -111.00000000000   0.97054549270565
    -110.00000000000   0.97002478403905
    -109.00000000000   0.96951129861426
    -108.00000000000   0.96900487743871
    -107.00000000000   0.96850537247032
    -106.00000000000   0.96801264557194
   -105.000000000000   0.96752656759375
   -104.000000000000   0.96704701756459
   -103.000000000000   0.96657388197653
   -102.000000000000   0.96610705414967
   -101.000000000000   0.96564643366621
   -100.000000000000   0.96519192586467
    -99.000000000000   0.96474344138647
    -98.000000000000   0.96430089576837
    -97.000000000000   0.96386420907504
    -96.000000000000   0.96343330556712
    -95.000000000000   0.96300811340042
    -94.000000000000   0.96258856435295
    -93.000000000000   0.96217459357648
    -92.000000000000   0.96176613937004
    -91.000000000000   0.96136314297299
    -90.000000000000   0.96096554837565
    -89.000000000000   0.96057330214566
    -88.000000000000   0.96018635326842
    -87.000000000000   0.95980465300039
    -86.000000000000   0.95942815473386
    -85.000000000000   0.95905681387211
    -84.000000000000   0.95869058771408
    -83.000000000000   0.95832943534763
    -82.000000000000   0.95797331755054
    -81.000000000000   0.95762219669876
    -80.000000000000   0.95727603668102
    -79.000000000000   0.95693480281949
    -78.000000000000   0.95659846179586
    -77.000000000000   0.95626698158240
    -76.000000000000   0.95594033137760
    -75.000000000000   0.95561848154609
    -74.000000000000   0.95530140356236
    -73.000000000000   0.95498906995816
    -72.000000000000   0.95468145427309
    -71.000000000000   0.95437853100839
    -70.000000000000   0.95408027558344
    -69.000000000000   0.95378666429496
    -68.000000000000   0.95349767427860
    -67.000000000000   0.95321328347280
    -66.000000000000   0.95293347058481
    -65.000000000000   0.95265821505853
    -64.000000000000   0.95238749704433
    -63.000000000000   0.95212129737046
    -62.000000000000   0.95185959751607
    -61.000000000000   0.95160237958574
    -60.000000000000   0.95134962628536
    -59.000000000000   0.95110132089934
    -58.000000000000   0.95085744726898
    -57.000000000000   0.95061798977204
    -56.000000000000   0.95038293330336
    -55.000000000000   0.95015226325643
    -54.000000000000   0.94992596550599
    -53.000000000000   0.94970402639146
    -52.000000000000   0.94948643270121
    -51.000000000000   0.94927317165763
    -50.000000000000   0.94906423090294
    -49.000000000000   0.94885959848572
    -48.000000000000   0.94865926284802
    -47.000000000000   0.94846321281323
    -46.000000000000   0.94827143757439
    -45.000000000000   0.94808392668321
    -44.000000000000   0.94790067003946
    -43.000000000000   0.94772165788102
    -42.000000000000   0.94754688077430
    -41.000000000000   0.94737632960514
    -40.000000000000   0.94720999557018
    -39.000000000000   0.94704787016856
    -38.000000000000   0.94688994519407
    -37.000000000000   0.94673621272767
    -36.000000000000   0.94658666513034
    -35.000000000000   0.94644129503625
    -34.000000000000   0.94630009534631
    -33.000000000000   0.94616305922195
    -32.000000000000   0.94603018007929
    -31.000000000000   0.94590145158348
    -30.000000000000   0.94577686764340
    -29.000000000000   0.94565642240659
    -28.000000000000   0.94554011025436
    -27.000000000000   0.94542792579728
    -26.000000000000   0.94531986387075
    -25.000000000000   0.94521591953090
    -24.000000000000   0.94511608805063
    -23.000000000000   0.94502036491586
    -22.000000000000   0.94492874582206
    -21.000000000000   0.94484122667084
    -20.000000000000   0.94475780356684
    -19.000000000000   0.94467847281471
    -18.000000000000   0.94460323091631
    -17.000000000000   0.94453207456808
    -16.000000000000   0.94446500065856
    -15.000000000000   0.94440200626602
    -14.000000000000   0.94434308865635
    -13.000000000000   0.94428824528101
    -12.000000000000   0.94423747377516
    -11.000000000000   0.94419077195592
   -10.0000000000000   0.94414813782078
    -9.0000000000000   0.94410956954617
    -8.0000000000000   0.94407506548611
    -7.0000000000000   0.94404462417102
    -6.0000000000000   0.94401824430669
    -5.0000000000000   0.94399592477334
    -4.0000000000000   0.94397766462479
    -3.0000000000000   0.94396346308785
    -2.0000000000000   0.94395331956167
    -1.0000000000000   0.94394723361743
   0.   0.94394520499791
     1.0000000000000   0.94394723361743
     2.0000000000000   0.94395331956167
     3.0000000000000   0.94396346308785
     4.0000000000000   0.94397766462479
     5.0000000000000   0.94399592477334
     6.0000000000000   0.94401824430669
     7.0000000000000   0.94404462417102
     8.0000000000000   0.94407506548611
     9.0000000000000   0.94410956954617
    10.0000000000000   0.94414813782078
     11.000000000000   0.94419077195592
     12.000000000000   0.94423747377516
     13.000000000000   0.94428824528101
     14.000000000000   0.94434308865635
     15.000000000000   0.94440200626602
     16.000000000000   0.94446500065856
     17.000000000000   0.94453207456808
     18.000000000000   0.94460323091631
     19.000000000000   0.94467847281471
     20.000000000000   0.94475780356684
     21.000000000000   0.94484122667084
     22.000000000000   0.94492874582206
     23.000000000000   0.94502036491586
     24.000000000000   0.94511608805063
     25.000000000000   0.94521591953090
     26.000000000000   0.94531986387075
     27.000000000000   0.94542792579728
     28.000000000000   0.94554011025436
     29.000000000000   0.94565642240658
     30.000000000000   0.94577686764340
     31.000000000000   0.94590145158348
     32.000000000000   0.94603018007929
     33.000000000000   0.94616305922195
     34.000000000000   0.94630009534631
     35.000000000000   0.94644129503625
     36.000000000000   0.94658666513034
     37.000000000000   0.94673621272767
     38.000000000000   0.94688994519407
     39.000000000000   0.94704787016856
     40.000000000000   0.94720999557018
     41.000000000000   0.94737632960514
     42.000000000000   0.94754688077430
     43.000000000000   0.94772165788102
     44.000000000000   0.94790067003945
     45.000000000000   0.94808392668321
     46.000000000000   0.94827143757439
     47.000000000000   0.94846321281323
     48.000000000000   0.94865926284802
     49.000000000000   0.94885959848572
     50.000000000000   0.94906423090294
     51.000000000000   0.94927317165763
     52.000000000000   0.94948643270121
     53.000000000000   0.94970402639146
     54.000000000000   0.94992596550599
     55.000000000000   0.95015226325643
     56.000000000000   0.95038293330336
     57.000000000000   0.95061798977204
     58.000000000000   0.95085744726898
     59.000000000000   0.95110132089934
     60.000000000000   0.95134962628536
     61.000000000000   0.95160237958574
     62.000000000000   0.95185959751607
     63.000000000000   0.95212129737046
     64.000000000000   0.95238749704433
     65.000000000000   0.95265821505853
     66.000000000000   0.95293347058481
     67.000000000000   0.95321328347280
     68.000000000000   0.95349767427860
     69.000000000000   0.95378666429496
     70.000000000000   0.95408027558344
     71.000000000000   0.95437853100839
     72.000000000000   0.95468145427309
     73.000000000000   0.95498906995816
     74.000000000000   0.95530140356236
     75.000000000000   0.95561848154609
     76.000000000000   0.95594033137760
     77.000000000000   0.95626698158240
     78.000000000000   0.95659846179586
     79.000000000000   0.95693480281949
     80.000000000000   0.95727603668102
     81.000000000000   0.95762219669876
     82.000000000000   0.95797331755054
     83.000000000000   0.95832943534763
     84.000000000000   0.95869058771408
     85.000000000000   0.95905681387211
     86.000000000000   0.95942815473386
     87.000000000000   0.95980465300039
     88.000000000000   0.96018635326842
     89.000000000000   0.96057330214566
     90.000000000000   0.96096554837565
     91.000000000000   0.96136314297299
     92.000000000000   0.96176613937004
     93.000000000000   0.96217459357648
     94.000000000000   0.96258856435295
     95.000000000000   0.96300811340042
     96.000000000000   0.96343330556712
     97.000000000000   0.96386420907504
     98.000000000000   0.96430089576837
     99.000000000000   0.96474344138647
    100.000000000000   0.96519192586467
    101.000000000000   0.96564643366621
    102.000000000000   0.96610705414967
    103.000000000000   0.96657388197653
    104.000000000000   0.96704701756459
    105.000000000000   0.96752656759375
     106.00000000000   0.96801264557194
     107.00000000000   0.96850537247032
     108.00000000000   0.96900487743871
     109.00000000000   0.96951129861426
     110.00000000000   0.97002478403905
     111.00000000000   0.97054549270565
     112.00000000000   0.97107359575390
     113.00000000000   0.97160927784735
     114.00000000000   0.97215273876472
     115.00000000000   0.97270419525092
     116.00000000000   0.97326388318343
     117.00000000000   0.97383206012635
     118.00000000000   0.97440900836561
     119.00000000000   0.97499503854972
     120.00000000000   0.97559049410368
     121.00000000000   0.97619575664777
     122.00000000000   0.97681125274696
     123.00000000000   0.97743746245670
     124.00000000000   0.97807493033196
     125.00000000000   0.97872427984152
     126.00000000000   0.97938623246229
     127.00000000000   0.98006163303959
     128.00000000000   0.98075148307373
     129.00000000000   0.98145698300503
     130.00000000000   0.98217958261323
     131.00000000000   0.98292103439031
     132.00000000000   0.98368343729062
     133.00000000000   0.98446924735181
     134.00000000000   0.98528121861235
     135.00000000000   0.98612222632756
     136.00000000000   0.98699492136086
     137.00000000000   0.98790117823977
     138.00000000000   0.98884133684904
     139.00000000000   0.98981330013548
     140.00000000000   0.99081162775655
     141.00000000000   0.99182683601751
     142.00000000000   0.99284514701518
     143.00000000000   0.99384889631012
     144.00000000000   0.99481769704300
     145.00000000000   0.99573028559718
     146.00000000000   0.99656678518835
     147.00000000000   0.99731098089895
     148.00000000000   0.99795215729301
     149.00000000000   0.99848613136625
     150.00000000000   0.99891529903286
     151.00000000000   0.99924774477495
     152.00000000000   0.99949566858217
     153.00000000000   0.99967350255767
     154.00000000000   0.99979609706416
     155.00000000000   0.99987726824071
     156.00000000000   0.99992885837759
     157.00000000000   0.99996031860506
     158.00000000000   0.99997871845186
     159.00000000000   0.99998903598419
     160.00000000000   0.99999458121820
     161.00000000000   0.99999743707869
     162.00000000000   0.99999884614848
     163.00000000000   0.99999951207162
     164.00000000000   0.99999981346929
     165.00000000000   0.99999994409143
     166.00000000000   0.99999999829143
     167.00000000000    1.0000000198211
     168.00000000000    1.0000000280075
     169.00000000000    1.0000000309868
     170.00000000000    1.0000000320245
     171.00000000000    1.0000000323704
     172.00000000000    1.0000000324807
     173.00000000000    1.0000000325144
     174.00000000000    1.0000000325243
     175.00000000000    1.0000000325270
     176.00000000000    1.0000000325277
     177.00000000000    1.0000000325279
     178.00000000000    1.0000000325280
     179.00000000000    1.0000000325280
     180.00000000000    1.0000000325280
     181.00000000000    1.0000000325280
     182.00000000000    1.0000000325280
     183.00000000000    1.0000000325280
     184.00000000000    1.0000000325280
     185.00000000000    1.0000000325280
     186.00000000000    1.0000000325280
     187.00000000000    1.0000000325280
     188.00000000000    1.0000000325280
     189.00000000000    1.0000000325280
     190.00000000000    1.0000000325280
     191.00000000000    1.0000000325280
     192.00000000000    1.0000000325280
     193.00000000000    1.0000000325280
     194.00000000000    1.0000000325280
     195.00000000000    1.0000000325280
     196.00000000000    1.0000000325280
     197.00000000000    1.0000000325280
     198.00000000000    1.0000000325280
     199.00000000000    1.0000000325280
     200.00000000000    1.0000000325280
     201.00000000000    1.0000000325280
     202.00000000000    1.0000000325280
     203.00000000000    1.0000000325280
     204.00000000000    1.0000000325280
     205.00000000000    1.0000000325280
     206.00000000000    1.0000000325280
     207.00000000000    1.0000000325280
     208.00000000000    1.0000000325280
     209.00000000000    1.0000000325280
     210.00000000000    1.0000000325280
     211.00000000000    1.0000000325280
     212.00000000000    1.0000000325280
     213.00000000000    1.0000000325280
     214.00000000000    1.0000000325280
     215.00000000000    1.0000000325280
     216.00000000000    1.0000000325280
     217.00000000000    1.0000000325280
     218.00000000000    1.0000000325280
     219.00000000000    1.0000000325280
     220.00000000000    1.0000000325280
     221.00000000000    1.0000000325280
     222.00000000000    1.0000000325280
     223.00000000000    1.0000000325280
     224.00000000000    1.0000000325280
     225.00000000000    1.0000000325280
     226.00000000000    1.0000000325280
     227.00000000000    1.0000000325280
     228.00000000000    1.0000000325280
     229.00000000000    1.0000000325280
     230.00000000000    1.0000000325280
     231.00000000000    1.0000000325280
     232.00000000000    1.0000000325280
     233.00000000000    1.0000000325280
     234.00000000000    1.0000000325280
     235.00000000000    1.0000000325280
     236.00000000000    1.0000000325280
     237.00000000000    1.0000000325280
     238.00000000000    1.0000000325280
     239.00000000000    1.0000000325280
     240.00000000000    1.0000000325280
     241.00000000000    1.0000000325280
     242.00000000000    1.0000000325280
     243.00000000000    1.0000000325280
     244.00000000000    1.0000000325280
     245.00000000000    1.0000000325280
     246.00000000000    1.0000000325280
     247.00000000000    1.0000000325280
     248.00000000000    1.0000000325280
     249.00000000000    1.0000000325280
     250.00000000000    1.0000000325280
     251.00000000000    1.0000000325280
     252.00000000000    1.0000000325280
     253.00000000000    1.0000000325280
     254.00000000000    1.0000000325280
     255.00000000000    1.0000000325280
     256.00000000000    1.0000000325280
     257.00000000000    1.0000000325280
     258.00000000000    1.0000000325280
     259.00000000000    1.0000000325280
     260.00000000000    1.0000000325280
     261.00000000000    1.0000000325280
     262.00000000000    1.0000000325280
     263.00000000000    1.0000000325280
     264.00000000000    1.0000000325280
     265.00000000000    1.0000000325280
     266.00000000000    1.0000000325280
     267.00000000000    1.0000000325280
     268.00000000000    1.0000000325280
     269.00000000000    1.0000000325280
     270.00000000000    1.0000000325280
     271.00000000000    1.0000000325280
     272.00000000000    1.0000000325280
     273.00000000000    1.0000000325280
     274.00000000000    1.0000000325280
     275.00000000000    1.0000000325280
     276.00000000000    1.0000000325280
     277.00000000000    1.0000000325280
     278.00000000000    1.0000000325280
     279.00000000000    1.0000000325280
     280.00000000000    1.0000000325280
     281.00000000000    1.0000000325280
     282.00000000000    1.0000000325280
     283.00000000000    1.0000000325280
     284.00000000000    1.0000000325280
     285.00000000000    1.0000000325280
     286.00000000000    1.0000000325280
     287.00000000000    1.0000000325280
     288.00000000000    1.0000000325280
     289.00000000000    1.0000000325280
     290.00000000000    1.0000000325280
     291.00000000000    1.0000000325280
     292.00000000000    1.0000000325280
     293.00000000000    1.0000000325280
     294.00000000000    1.0000000325280
     295.00000000000    1.0000000325280
     296.00000000000    1.0000000325280
     297.00000000000    1.0000000325280
     298.00000000000    1.0000000325280
     299.00000000000    1.0000000325280
     300.00000000000    1.0000000325280
     301.00000000000    1.0000000325280
     302.00000000000    1.0000000325280
     303.00000000000    1.0000000325280
     304.00000000000    1.0000000325280
     305.00000000000    1.0000000325280
     306.00000000000    1.0000000325280
     307.00000000000    1.0000000325280
     308.00000000000    1.0000000325280
     309.00000000000    1.0000000325280
     310.00000000000    1.0000000325280
     311.00000000000    1.0000000325280
     312.00000000000    1.0000000325280
     313.00000000000    1.0000000325280
     314.00000000000    1.0000000325280
     315.00000000000    1.0000000325280
     316.00000000000    1.0000000325280
     317.00000000000    1.0000000325280
     318.00000000000    1.0000000325280
     319.00000000000    1.0000000325280
     320.00000000000    1.0000000325280
     321.00000000000    1.0000000325280
     322.00000000000    1.0000000325280
     323.00000000000    1.0000000325280
     324.00000000000    1.0000000325280
     325.00000000000    1.0000000325280
     326.00000000000    1.0000000325280
     327.00000000000    1.0000000325280
     328.00000000000    1.0000000325280
     329.00000000000    1.0000000325280
     330.00000000000    1.0000000325280
     331.00000000000    1.0000000325280
     332.00000000000    1.0000000325280
     333.00000000000    1.0000000325280
     334.00000000000    1.0000000325280
     335.00000000000    1.0000000325280
     336.00000000000    1.0000000325280
     337.00000000000    1.0000000325280
     338.00000000000    1.0000000325280
     339.00000000000    1.0000000325280
     340.00000000000    1.0000000325280
     341.00000000000    1.0000000325280
     342.00000000000    1.0000000325280
     343.00000000000    1.0000000325280
     344.00000000000    1.0000000325280
     345.00000000000    1.0000000325280
     346.00000000000    1.0000000325280
     347.00000000000    1.0000000325280
     348.00000000000    1.0000000325280
     349.00000000000    1.0000000325280
     350.00000000000    1.0000000325280
     351.00000000000    1.0000000325280
     352.00000000000    1.0000000325280
     353.00000000000    1.0000000325280
     354.00000000000    1.0000000325280
     355.00000000000    1.0000000325280
     356.00000000000    1.0000000325280
     357.00000000000    1.0000000325280
     358.00000000000    1.0000000325280
     359.00000000000    1.0000000325280
     360.00000000000    1.0000000325280
     361.00000000000    1.0000000325280
     362.00000000000    1.0000000325280
     363.00000000000    1.0000000325280
     364.00000000000    1.0000000325280
     365.00000000000    1.0000000325280
     366.00000000000    1.0000000325280
     367.00000000000    1.0000000325280
     368.00000000000    1.0000000325280
     369.00000000000    1.0000000325280
     370.00000000000    1.0000000325280
     371.00000000000    1.0000000325280
     372.00000000000    1.0000000325280
     373.00000000000    1.0000000325280
     374.00000000000    1.0000000325280
     375.00000000000    1.0000000325280
     376.00000000000    1.0000000325280
     377.00000000000    1.0000000325280
     378.00000000000    1.0000000325280
     379.00000000000    1.0000000325280
     380.00000000000    1.0000000325280
     381.00000000000    1.0000000325280
     382.00000000000    1.0000000325280
     383.00000000000    1.0000000325280
     384.00000000000    1.0000000325280
     385.00000000000    1.0000000325280
     386.00000000000    1.0000000325280
     387.00000000000    1.0000000325280
     388.00000000000    1.0000000325280
     389.00000000000    1.0000000325280
     390.00000000000    1.0000000325280
     391.00000000000    1.0000000325280
     392.00000000000    1.0000000325280
     393.00000000000    1.0000000325280
     394.00000000000    1.0000000325280
     395.00000000000    1.0000000325280
     396.00000000000    1.0000000325280
     397.00000000000    1.0000000325280
     398.00000000000    1.0000000325280
     399.00000000000    1.0000000325280
     400.00000000000    1.0000000325280
     401.00000000000    1.0000000325280
     402.00000000000    1.0000000325280
     403.00000000000    1.0000000325280
     404.00000000000    1.0000000325280
     405.00000000000    1.0000000325280
     406.00000000000    1.0000000325280
     407.00000000000    1.0000000325280
     408.00000000000    1.0000000325280
     409.00000000000    1.0000000325280
     410.00000000000    1.0000000325280
     411.00000000000    1.0000000325280
     412.00000000000    1.0000000325280
     413.00000000000    1.0000000325280
     414.00000000000    1.0000000325280
     415.00000000000    1.0000000325280
     416.00000000000    1.0000000325280
     417.00000000000    1.0000000325280
     418.00000000000    1.0000000325280
     419.00000000000    1.0000000325280
     420.00000000000    1.0000000325280
     421.00000000000    1.0000000325280
     422.00000000000    1.0000000325280
     423.00000000000    1.0000000325280
     424.00000000000    1.0000000325280
     425.00000000000    1.0000000325280
     426.00000000000    1.0000000325280
     427.00000000000    1.0000000325280
     428.00000000000    1.0000000325280
     429.00000000000    1.0000000325280
     430.00000000000    1.0000000325280
     431.00000000000    1.0000000325280
     432.00000000000    1.0000000325280
     433.00000000000    1.0000000325280
     434.00000000000    1.0000000325280
     435.00000000000    1.0000000325280
     436.00000000000    1.0000000325280
     437.00000000000    1.0000000325280
     438.00000000000    1.0000000325280
     439.00000000000    1.0000000325280
     440.00000000000    1.0000000325280
     441.00000000000    1.0000000325280
     442.00000000000    1.0000000325280
     443.00000000000    1.0000000325280
     444.00000000000    1.0000000325280
     445.00000000000    1.0000000325280
     446.00000000000    1.0000000325280
     447.00000000000    1.0000000325280
     448.00000000000    1.0000000325280
     449.00000000000    1.0000000325280
     450.00000000000    1.0000000325280
     451.00000000000    1.0000000325280
     452.00000000000    1.0000000325280
     453.00000000000    1.0000000325280
     454.00000000000    1.0000000325280
     455.00000000000    1.0000000325280
     456.00000000000    1.0000000325280
     457.00000000000    1.0000000325280
     458.00000000000    1.0000000325280
     459.00000000000    1.0000000325280
     460.00000000000    1.0000000325280
     461.00000000000    1.0000000325280
     462.00000000000    1.0000000325280
     463.00000000000    1.0000000325280
     464.00000000000    1.0000000325280
     465.00000000000    1.0000000325280
     466.00000000000    1.0000000325280
     467.00000000000    1.0000000325280
     468.00000000000    1.0000000325280
     469.00000000000    1.0000000325280
     470.00000000000    1.0000000325280
     471.00000000000    1.0000000325280
     472.00000000000    1.0000000325280
     473.00000000000    1.0000000325280
     474.00000000000    1.0000000325280
     475.00000000000    1.0000000325280
     476.00000000000    1.0000000325280
     477.00000000000    1.0000000325280
     478.00000000000    1.0000000325280
     479.00000000000    1.0000000325280
     480.00000000000    1.0000000325280
     481.00000000000    1.0000000325280
     482.00000000000    1.0000000325280
     483.00000000000    1.0000000325280
     484.00000000000    1.0000000325280
     485.00000000000    1.0000000325280
     486.00000000000    1.0000000325280
     487.00000000000    1.0000000325280
     488.00000000000    1.0000000325280
     489.00000000000    1.0000000325280
     490.00000000000    1.0000000325280
     491.00000000000    1.0000000325280
     492.00000000000    1.0000000325280
     493.00000000000    1.0000000325280
     494.00000000000    1.0000000325280
     495.00000000000    1.0000000325280
     496.00000000000    1.0000000325280
     497.00000000000    1.0000000325280
     498.00000000000    1.0000000325280
     499.00000000000    1.0000000325280
     500.00000000000    1.0000000325280
