    -500.00000000000    1.0000000325280
    -499.00000000000    1.0000000325280
    -498.00000000000    1.0000000325280
    -497.00000000000    1.0000000325280
    -496.00000000000    1.0000000325280
    -495.00000000000    1.0000000325280
    -494.00000000000    1.0000000325280
    -493.00000000000    1.0000000325280
    -492.00000000000    1.0000000325280
    -491.00000000000    1.0000000325280
    -490.00000000000    1.0000000325280
    -489.00000000000    1.0000000325280
    -488.00000000000    1.0000000325280
    -487.00000000000    1.0000000325280
    -486.00000000000    1.0000000325280
    -485.00000000000    1.0000000325280
    -484.00000000000    1.0000000325280
    -483.00000000000    1.0000000325280
    -482.00000000000    1.0000000325280
    -481.00000000000    1.0000000325280
    -480.00000000000    1.0000000325280
    -479.00000000000    1.0000000325280
    -478.00000000000    1.0000000325280
    -477.00000000000    1.0000000325280
    -476.00000000000    1.0000000325280
    -475.00000000000    1.0000000325280
    -474.00000000000    1.0000000325280
    -473.00000000000    1.0000000325280
    -472.00000000000    1.0000000325280
    -471.00000000000    1.0000000325280
    -470.00000000000    1.0000000325280
    -469.00000000000    1.0000000325280
    -468.00000000000    1.0000000325280
    -467.00000000000    1.0000000325280
    -466.00000000000    1.0000000325280
    -465.00000000000    1.0000000325280
    -464.00000000000    1.0000000325280
    -463.00000000000    1.0000000325280
    -462.00000000000    1.0000000325280
    -461.00000000000    1.0000000325280
    -460.00000000000    1.0000000325280
    -459.00000000000    1.0000000325280
    -458.00000000000    1.0000000325280
    -457.00000000000    1.0000000325280
    -456.00000000000    1.0000000325280
    -455.00000000000    1.0000000325280
    -454.00000000000    1.0000000325280
    -453.00000000000    1.0000000325280
    -452.00000000000    1.0000000325280
    -451.00000000000    1.0000000325280
    -450.00000000000    1.0000000325280
    -449.00000000000    1.0000000325280
    -448.00000000000    1.0000000325280
    -447.00000000000    1.0000000325280
    -446.00000000000    1.0000000325280
    -445.00000000000    1.0000000325280
    -444.00000000000    1.0000000325280
    -443.00000000000    1.0000000325280
    -442.00000000000    1.0000000325280
    -441.00000000000    1.0000000325280
    -440.00000000000    1.0000000325280
    -439.00000000000    1.0000000325280
    -438.00000000000    1.0000000325280
    -437.00000000000    1.0000000325280
    -436.00000000000    1.0000000325280
    -435.00000000000    1.0000000325280
    -434.00000000000    1.0000000325280
    -433.00000000000    1.0000000325280
    -432.00000000000    1.0000000325280
    -431.00000000000    1.0000000325280
    -430.00000000000    1.0000000325280
    -429.00000000000    1.0000000325280
    -428.00000000000    1.0000000325280
    -427.00000000000    1.0000000325280
    -426.00000000000    1.0000000325280
    -425.00000000000    1.0000000325280
    -424.00000000000    1.0000000325280
    -423.00000000000    1.0000000325280
    -422.00000000000    1.0000000325280
    -421.00000000000    1.0000000325280
    -420.00000000000    1.0000000325280
    -419.00000000000    1.0000000325280
    -418.00000000000    1.0000000325280
    -417.00000000000    1.0000000325280
    -416.00000000000    1.0000000325280
    -415.00000000000    1.0000000325280
    -414.00000000000    1.0000000325280
    -413.00000000000    1.0000000325280
    -412.00000000000    1.0000000325280
    -411.00000000000    1.0000000325280
    -410.00000000000    1.0000000325280
    -409.00000000000    1.0000000325280
    -408.00000000000    1.0000000325280
    -407.00000000000    1.0000000325280
    -406.00000000000    1.0000000325280
    -405.00000000000    1.0000000325280
    -404.00000000000    1.0000000325280
    -403.00000000000    1.0000000325280
    -402.00000000000    1.0000000325280
    -401.00000000000    1.0000000325280
    -400.00000000000    1.0000000325280
    -399.00000000000    1.0000000325280
    -398.00000000000    1.0000000325280
    -397.00000000000    1.0000000325280
    -396.00000000000    1.0000000325280
    -395.00000000000    1.0000000325280
    -394.00000000000    1.0000000325280
    -393.00000000000    1.0000000325280
    -392.00000000000    1.0000000325280
    -391.00000000000    1.0000000325280
    -390.00000000000    1.0000000325280
    -389.00000000000    1.0000000325280
    -388.00000000000    1.0000000325280
    -387.00000000000    1.0000000325280
    -386.00000000000    1.0000000325280
    -385.00000000000    1.0000000325280
    -384.00000000000    1.0000000325280
    -383.00000000000    1.0000000325280
    -382.00000000000    1.0000000325280
    -381.00000000000    1.0000000325280
    -380.00000000000    1.0000000325280
    -379.00000000000    1.0000000325280
    -378.00000000000    1.0000000325280
    -377.00000000000    1.0000000325280
    -376.00000000000    1.0000000325280
    -375.00000000000    1.0000000325280
    -374.00000000000    1.0000000325280
    -373.00000000000    1.0000000325280
    -372.00000000000    1.0000000325280
    -371.00000000000    1.0000000325280
    -370.00000000000    1.0000000325280
    -369.00000000000    1.0000000325280
    -368.00000000000    1.0000000325280
    -367.00000000000    1.0000000325280
    -366.00000000000    1.0000000325280
    -365.00000000000    1.0000000325280
    -364.00000000000    1.0000000325280
    -363.00000000000    1.0000000325280
    -362.00000000000    1.0000000325280
    -361.00000000000    1.0000000325280
    -360.00000000000    1.0000000325280
    -359.00000000000    1.0000000325280
    -358.00000000000    1.0000000325280
    -357.00000000000    1.0000000325280
    -356.00000000000    1.0000000325280
    -355.00000000000    1.0000000325280
    -354.00000000000    1.0000000325280
    -353.00000000000    1.0000000325280
    -352.00000000000    1.0000000325280
    -351.00000000000    1.0000000325280
    -350.00000000000    1.0000000325280
    -349.00000000000    1.0000000325280
    -348.00000000000    1.0000000325280
    -347.00000000000    1.0000000325280
    -346.00000000000    1.0000000325280
    -345.00000000000    1.0000000325280
    -344.00000000000    1.0000000325280
    -343.00000000000    1.0000000325280
    -342.00000000000    1.0000000325280
    -341.00000000000    1.0000000325280
    -340.00000000000    1.0000000325280
    -339.00000000000    1.0000000325280
    -338.00000000000    1.0000000325280
    -337.00000000000    1.0000000325280
    -336.00000000000    1.0000000325280
    -335.00000000000    1.0000000325280
    -334.00000000000    1.0000000325280
    -333.00000000000    1.0000000325280
    -332.00000000000    1.0000000325280
    -331.00000000000    1.0000000325280
    -330.00000000000    1.0000000325280
    -329.00000000000    1.0000000325280
    -328.00000000000    1.0000000325280
    -327.00000000000    1.0000000325280
    -326.00000000000    1.0000000325280
    -325.00000000000    1.0000000325280
    -324.00000000000    1.0000000325280
    -323.00000000000    1.0000000325280
    -322.00000000000    1.0000000325280
    -321.00000000000    1.0000000325280
    -320.00000000000    1.0000000325280
    -319.00000000000    1.0000000325280
    -318.00000000000    1.0000000325280
    -317.00000000000    1.0000000325280
    -316.00000000000    1.0000000325280
    -315.00000000000    1.0000000325280
    -314.00000000000    1.0000000325280
    -313.00000000000    1.0000000325280
    -312.00000000000    1.0000000325280
    -311.00000000000    1.0000000325280
    -310.00000000000    1.0000000325280
    -309.00000000000    1.0000000325280
    -308.00000000000    1.0000000325280
    -307.00000000000    1.0000000325280
    -306.00000000000    1.0000000325280
    -305.00000000000    1.0000000325280
    -304.00000000000    1.0000000325280
    -303.00000000000    1.0000000325280
    -302.00000000000    1.0000000325280
    -301.00000000000    1.0000000325280
    -300.00000000000    1.0000000325280
    -299.00000000000    1.0000000325280
    -298.00000000000    1.0000000325280
    -297.00000000000    1.0000000325280
    -296.00000000000    1.0000000325280
    -295.00000000000    1.0000000325280
    -294.00000000000    1.0000000325280
    -293.00000000000    1.0000000325280
    -292.00000000000    1.0000000325280
    -291.00000000000    1.0000000325280
    -290.00000000000    1.0000000325280
    -289.00000000000    1.0000000325280
    -288.00000000000    1.0000000325280
    -287.00000000000    1.0000000325280
    -286.00000000000    1.0000000325280
    -285.00000000000    1.0000000325280
    -284.00000000000    1.0000000325280
    -283.00000000000    1.0000000325280
    -282.00000000000    1.0000000325280
    -281.00000000000    1.0000000325280
    -280.00000000000    1.0000000325280
    -279.00000000000    1.0000000325280
    -278.00000000000    1.0000000325280
    -277.00000000000    1.0000000325280
    -276.00000000000    1.0000000325280
    -275.00000000000    1.0000000325280
    -274.00000000000    1.0000000325280
    -273.00000000000    1.0000000325280
    -272.00000000000    1.0000000325280
    -271.00000000000    1.0000000325280
    -270.00000000000    1.0000000325279
    -269.00000000000    1.0000000325275
    -268.00000000000    1.0000000325263
    -267.00000000000    1.0000000325217
    -266.00000000000    1.0000000325062
    -265.00000000000    1.0000000324552
    -264.00000000000    1.0000000322955
    -263.00000000000    1.0000000318165
    -262.00000000000    1.0000000304419
    -261.00000000000    1.0000000266669
    -260.00000000000    1.0000000167439
    -259.00000000000   0.99999999177658
    -258.00000000000   0.99999993163965
    -257.00000000000   0.99999979296325
    -256.00000000000   0.99999948676014
    -255.00000000000   0.99999883928382
    -254.00000000000   0.99999752794268
    -253.00000000000   0.99999498365953
    -252.00000000000   0.99999025360960
    -251.00000000000   0.99998182562931
    -250.00000000000   0.99996742892717
    -249.00000000000   0.99994384429221
    -248.00000000000   0.99990677692300
    -247.00000000000   0.99985085903016
    -246.00000000000   0.99976984826698
    -245.00000000000   0.99965706405690
    -244.00000000000   0.99950605532315
    -243.00000000000   0.99931142803680
    -242.00000000000   0.99906969739323
    -241.00000000000   0.99877999051149
    -240.00000000000   0.99844443085794
    -239.00000000000   0.99806809155713
    -238.00000000000   0.99765849951757
    -237.00000000000   0.99722477821974
    -236.00000000000   0.99677660059976
    -235.00000000000   0.99632315857359
    -234.00000000000   0.99587233383182
    -233.00000000000   0.99543018712197
    -232.00000000000   0.99500079588097
    -231.00000000000   0.99458639120912
    -230.00000000000   0.99418769536702
    -229.00000000000   0.99380434723168
    -228.00000000000   0.99343531960652
    -227.00000000000   0.99307926559624
    -226.00000000000   0.99273476724305
    -225.00000000000   0.99240048814136
    -224.00000000000   0.99207524853088
    -223.00000000000   0.99175804710586
    -222.00000000000   0.99144805189731
    -221.00000000000   0.99114457703077
    -220.00000000000   0.99084705599515
    -219.00000000000   0.99055501699115
    -218.00000000000   0.99026806251423
    -217.00000000000   0.98998585341188
    -216.00000000000   0.98970809680264
    -215.00000000000   0.98943453701317
    -214.00000000000   0.98916494875349
    -213.00000000000   0.98889913191299
    -212.00000000000   0.98863690752527
    -211.00000000000   0.98837811458342
    -210.00000000000   0.98812260748455
    -209.00000000000   0.98787025394911
    -208.00000000000   0.98762093330524
    -207.00000000000   0.98737453505899
    -206.00000000000   0.98713095769149
    -205.00000000000   0.98689010763906
    -204.00000000000   0.98665189842203
    -203.00000000000   0.98641624989590
    -202.00000000000   0.98618308760384
    -201.00000000000   0.98595234221392
    -200.00000000000   0.98572394902752
    -199.00000000000   0.98549784754804
    -198.00000000000   0.98527398110088
    -197.00000000000   0.98505229649733
    -196.00000000000   0.98483274373626
    -195.00000000000   0.98461527573831
    -194.00000000000   0.98439984810851
    -193.00000000000   0.98418641892341
    -192.00000000000   0.98397494853983
    -191.00000000000   0.98376539942248
    -190.00000000000   0.98355773598824
    -189.00000000000   0.98335192446512
    -188.00000000000   0.98314793276422
    -187.00000000000   0.98294573036326
    -186.00000000000   0.98274528820043
    -185.00000000000   0.98254657857738
    -184.00000000000   0.98234957507049
    -183.00000000000   0.98215425244951
    -182.00000000000   0.98196058660278
    -181.00000000000   0.98176855446856
    -180.00000000000   0.98157813397159
    -179.00000000000   0.98138930396474
    -178.00000000000   0.98120204417489
    -177.00000000000   0.98101633515299
    -176.00000000000   0.98083215822767
    -175.00000000000   0.98064949546229
    -174.00000000000   0.98046832961493
    -173.00000000000   0.98028864410123
    -172.00000000000   0.98011042295978
    -171.00000000000   0.97993365081979
    -170.00000000000   0.97975831287100
    -169.00000000000   0.97958439483544
    -168.00000000000   0.97941188294112
    -167.00000000000   0.97924076389733
    -166.00000000000   0.97907102487152
    -165.00000000000   0.97890265346754
    -164.00000000000   0.97873563770534
    -163.00000000000   0.97856996600171
    -162.00000000000   0.97840562715230
    -161.00000000000   0.97824261031465
    -160.00000000000   0.97808090499217
    -159.00000000000   0.97792050101906
    -158.00000000000   0.97776138854605
    -157.00000000000   0.97760355802698
    -156.00000000000   0.97744700020607
    -155.00000000000   0.97729170610589
    -154.00000000000   0.97713766701595
    -153.00000000000   0.97698487448198
    -152.00000000000   0.97683332029564
    -151.00000000000   0.97668299648487
    -150.00000000000   0.97653389530465
    -149.00000000000   0.97638600922831
    -148.00000000000   0.97623933093917
    -147.00000000000   0.97609385332270
    -146.00000000000   0.97594956945897
    -145.00000000000   0.97580647261552
    -144.00000000000   0.97566455624054
    -143.00000000000   0.97552381395641
    -142.00000000000   0.97538423955348
    -141.00000000000   0.97524582698419
    -140.00000000000   0.97510857035744
    -139.00000000000   0.97497246393321
    -138.00000000000   0.97483750211742
    -137.00000000000   0.97470367945706
    -136.00000000000   0.97457099063544
    -135.00000000000   0.97443943046773
    -134.00000000000   0.97430899389669
    -133.00000000000   0.97417967598852
    -132.00000000000   0.97405147192893
    -131.00000000000   0.97392437701939
    -130.00000000000   0.97379838667348
    -129.00000000000   0.97367349641347
    -128.00000000000   0.97354970186693
    -127.00000000000   0.97342699876358
    -126.00000000000   0.97330538293221
    -125.00000000000   0.97318485029776
    -124.00000000000   0.97306539687846
    -123.00000000000   0.97294701878312
    -122.00000000000   0.97282971220852
    -121.00000000000   0.97271347343693
    -120.00000000000   0.97259829883364
    -119.00000000000   0.97248418484465
    -118.00000000000   0.97237112799447
    -117.00000000000   0.97225912488391
    -116.00000000000   0.97214817218804
    -115.00000000000   0.97203826665417
    -114.00000000000   0.97192940509993
    -113.00000000000   0.97182158441143
    -112.00000000000   0.97171480154143
    -111.00000000000   0.97160905350764
    -110.00000000000   0.97150433739103
    -109.00000000000   0.97140065033426
    -108.00000000000   0.97129798954007
    -107.00000000000   0.97119635226985
    -106.00000000000   0.97109573584212
   -105.000000000000   0.97099613763117
   -104.000000000000   0.97089755506572
   -103.000000000000   0.97079998562757
   -102.000000000000   0.97070342685037
   -101.000000000000   0.97060787631841
   -100.000000000000   0.97051333166539
    -99.000000000000   0.97041979057332
    -98.000000000000   0.97032725077141
    -97.000000000000   0.97023571003498
    -96.000000000000   0.97014516618445
    -95.000000000000   0.97005561708431
    -94.000000000000   0.96996706064217
    -93.000000000000   0.96987949480784
    -92.000000000000   0.96979291757235
    -91.000000000000   0.96970732696715
    -90.000000000000   0.96962272106321
    -89.000000000000   0.96953909797020
    -88.000000000000   0.96945645583569
    -87.000000000000   0.96937479284438
    -86.000000000000   0.96929410721733
    -85.000000000000   0.96921439721124
    -84.000000000000   0.96913566111775
    -83.000000000000   0.96905789726273
    -82.000000000000   0.96898110400562
    -81.000000000000   0.96890527973880
    -80.000000000000   0.96883042288695
    -79.000000000000   0.96875653190644
    -78.000000000000   0.96868360528473
    -77.000000000000   0.96861164153983
    -76.000000000000   0.96854063921969
    -75.000000000000   0.96847059690171
    -74.000000000000   0.96840151319219
    -73.000000000000   0.96833338672582
    -72.000000000000   0.96826621616521
    -71.000000000000   0.96820000020038
    -70.000000000000   0.96813473754828
    -69.000000000000   0.96807042695241
    -68.000000000000   0.96800706718229
    -67.000000000000   0.96794465703310
    -66.000000000000   0.96788319532523
    -65.000000000000   0.96782268090389
    -64.000000000000   0.96776311263871
    -63.000000000000   0.96770448942338
    -62.000000000000   0.96764681017526
    -61.000000000000   0.96759007383503
    -60.000000000000   0.96753427936633
    -59.000000000000   0.96747942575545
    -58.000000000000   0.96742551201097
    -57.000000000000   0.96737253716346
    -56.000000000000   0.96732050026518
    -55.000000000000   0.96726940038974
    -54.000000000000   0.96721923663185
    -53.000000000000   0.96717000810702
    -52.000000000000   0.96712171395126
    -51.000000000000   0.96707435332088
    -50.000000000000   0.96702792539216
    -49.000000000000   0.96698242936113
    -48.000000000000   0.96693786444333
    -47.000000000000   0.96689422987355
    -46.000000000000   0.96685152490565
    -45.000000000000   0.96680974881227
    -44.000000000000   0.96676890088466
    -43.000000000000   0.96672898043247
    -42.000000000000   0.96668998678354
    -41.000000000000   0.96665191928366
    -40.000000000000   0.96661477729648
    -39.000000000000   0.96657856020322
    -38.000000000000   0.96654326740256
    -37.000000000000   0.96650889831044
    -36.000000000000   0.96647545235990
    -35.000000000000   0.96644292900093
    -34.000000000000   0.96641132770029
    -33.000000000000   0.96638064794137
    -32.000000000000   0.96635088922406
    -31.000000000000   0.96632205106460
    -30.000000000000   0.96629413299544
    -29.000000000000   0.96626713456512
    -28.000000000000   0.96624105533812
    -27.000000000000   0.96621589489479
    -26.000000000000   0.96619165283119
    -25.000000000000   0.96616832875899
    -24.000000000000   0.96614592230539
    -23.000000000000   0.96612443311298
    -22.000000000000   0.96610386083966
    -21.000000000000   0.96608420515855
    -20.000000000000   0.96606546575793
    -19.000000000000   0.96604764234109
    -18.000000000000   0.96603073462631
    -17.000000000000   0.96601474234674
    -16.000000000000   0.96599966525038
    -15.000000000000   0.96598550309996
    -14.000000000000   0.96597225567292
    -13.000000000000   0.96595992276132
    -12.000000000000   0.96594850417182
    -11.000000000000   0.96593799972555
   -10.0000000000000   0.96592840925819
    -9.0000000000000   0.96591973261980
    -8.0000000000000   0.96591196967488
    -7.0000000000000   0.96590512030225
    -6.0000000000000   0.96589918439509
    -5.0000000000000   0.96589416186086
    -4.0000000000000   0.96589005262132
    -3.0000000000000   0.96588685661245
    -2.0000000000000   0.96588457378450
    -1.0000000000000   0.96588320410195
   0.   0.96588274754347
     1.0000000000000   0.96588320410195
     2.0000000000000   0.96588457378450
     3.0000000000000   0.96588685661245
     4.0000000000000   0.96589005262132
     5.0000000000000   0.96589416186086
     6.0000000000000   0.96589918439509
     7.0000000000000   0.96590512030225
     8.0000000000000   0.96591196967488
     9.0000000000000   0.96591973261980
    10.0000000000000   0.96592840925819
     11.000000000000   0.96593799972555
     12.000000000000   0.96594850417182
     13.000000000000   0.96595992276132
     14.000000000000   0.96597225567292
     15.000000000000   0.96598550309996
     16.000000000000   0.96599966525038
     17.000000000000   0.96601474234674
     18.000000000000   0.96603073462631
     19.000000000000   0.96604764234109
     20.000000000000   0.96606546575793
     21.000000000000   0.96608420515855
     22.000000000000   0.96610386083966
     23.000000000000   0.96612443311298
     24.000000000000   0.96614592230539
     25.000000000000   0.96616832875899
     26.000000000000   0.96619165283119
     27.000000000000   0.96621589489479
     28.000000000000   0.96624105533812
     29.000000000000   0.96626713456512
     30.000000000000   0.96629413299544
     31.000000000000   0.96632205106460
     32.000000000000   0.96635088922406
     33.000000000000   0.96638064794137
     34.000000000000   0.96641132770029
     35.000000000000   0.96644292900093
     36.000000000000   0.96647545235990
     37.000000000000   0.96650889831044
     38.000000000000   0.96654326740256
     39.000000000000   0.96657856020322
     40.000000000000   0.96661477729648
     41.000000000000   0.96665191928366
     42.000000000000   0.96668998678354
     43.000000000000   0.96672898043247
     44.000000000000   0.96676890088466
     45.000000000000   0.96680974881227
     46.000000000000   0.96685152490565
     47.000000000000   0.96689422987355
     48.000000000000   0.96693786444333
     49.000000000000   0.96698242936113
     50.000000000000   0.96702792539216
     51.000000000000   0.96707435332088
     52.000000000000   0.96712171395126
     53.000000000000   0.96717000810702
     54.000000000000   0.96721923663185
     55.000000000000   0.96726940038974
     56.000000000000   0.96732050026518
     57.000000000000   0.96737253716346
     58.000000000000   0.96742551201097
     59.000000000000   0.96747942575545
     60.000000000000   0.96753427936633
     61.000000000000   0.96759007383503
     62.000000000000   0.96764681017526
     63.000000000000   0.96770448942338
     64.000000000000   0.96776311263871
     65.000000000000   0.96782268090388
     66.000000000000   0.96788319532523
     67.000000000000   0.96794465703310
     68.000000000000   0.96800706718229
     69.000000000000   0.96807042695241
     70.000000000000   0.96813473754828
     71.000000000000   0.96820000020038
     72.000000000000   0.96826621616521
     73.000000000000   0.96833338672582
     74.000000000000   0.96840151319219
     75.000000000000   0.96847059690171
     76.000000000000   0.96854063921969
     77.000000000000   0.96861164153983
     78.000000000000   0.96868360528473
     79.000000000000   0.96875653190644
     80.000000000000   0.96883042288695
     81.000000000000   0.96890527973880
     82.000000000000   0.96898110400562
     83.000000000000   0.96905789726273
     84.000000000000   0.96913566111775
     85.000000000000   0.96921439721124
     86.000000000000   0.96929410721733
     87.000000000000   0.96937479284438
     88.000000000000   0.96945645583569
     89.000000000000   0.96953909797020
     90.000000000000   0.96962272106321
     91.000000000000   0.96970732696715
     92.000000000000   0.96979291757235
     93.000000000000   0.96987949480784
     94.000000000000   0.96996706064217
     95.000000000000   0.97005561708431
     96.000000000000   0.97014516618445
     97.000000000000   0.97023571003498
     98.000000000000   0.97032725077141
     99.000000000000   0.97041979057332
    100.000000000000   0.97051333166539
    101.000000000000   0.97060787631841
    102.000000000000   0.97070342685037
    103.000000000000   0.97079998562757
    104.000000000000   0.97089755506572
    105.000000000000   0.97099613763117
     106.00000000000   0.97109573584212
     107.00000000000   0.97119635226985
     108.00000000000   0.97129798954007
     109.00000000000   0.97140065033425
     110.00000000000   0.97150433739103
     111.00000000000   0.97160905350764
     112.00000000000   0.97171480154143
     113.00000000000   0.97182158441143
     114.00000000000   0.97192940509993
     115.00000000000   0.97203826665417
     116.00000000000   0.97214817218804
     117.00000000000   0.97225912488391
     118.00000000000   0.97237112799447
     119.00000000000   0.97248418484465
     120.00000000000   0.97259829883364
     121.00000000000   0.97271347343693
     122.00000000000   0.97282971220852
     123.00000000000   0.97294701878312
     124.00000000000   0.97306539687846
     125.00000000000   0.97318485029776
     126.00000000000   0.97330538293221
     127.00000000000   0.97342699876358
     128.00000000000   0.97354970186693
     129.00000000000   0.97367349641347
     130.00000000000   0.97379838667348
     131.00000000000   0.97392437701939
     132.00000000000   0.97405147192893
     133.00000000000   0.97417967598852
     134.00000000000   0.97430899389669
     135.00000000000   0.97443943046773
     136.00000000000   0.97457099063544
     137.00000000000   0.97470367945706
     138.00000000000   0.97483750211742
     139.00000000000   0.97497246393321
     140.00000000000   0.97510857035744
     141.00000000000   0.97524582698419
     142.00000000000   0.97538423955348
     143.00000000000   0.97552381395641
     144.00000000000   0.97566455624054
     145.00000000000   0.97580647261552
     146.00000000000   0.97594956945897
     147.00000000000   0.97609385332270
     148.00000000000   0.97623933093917
     149.00000000000   0.97638600922831
     150.00000000000   0.97653389530465
     151.00000000000   0.97668299648487
     152.00000000000   0.97683332029564
     153.00000000000   0.97698487448198
     154.00000000000   0.97713766701595
     155.00000000000   0.97729170610589
     156.00000000000   0.97744700020607
     157.00000000000   0.97760355802698
     158.00000000000   0.97776138854605
     159.00000000000   0.97792050101906
     160.00000000000   0.97808090499217
     161.00000000000   0.97824261031465
     162.00000000000   0.97840562715230
     163.00000000000   0.97856996600171
     164.00000000000   0.97873563770534
     165.00000000000   0.97890265346754
     166.00000000000   0.97907102487152
     167.00000000000   0.97924076389733
     168.00000000000   0.97941188294112
     169.00000000000   0.97958439483544
     170.00000000000   0.97975831287100
     171.00000000000   0.97993365081979
     172.00000000000   0.98011042295978
     173.00000000000   0.98028864410123
     174.00000000000   0.98046832961493
     175.00000000000   0.98064949546229
     176.00000000000   0.98083215822767
     177.00000000000   0.98101633515299
     178.00000000000   0.98120204417489
     179.00000000000   0.98138930396474
     180.00000000000   0.98157813397159
     181.00000000000   0.98176855446856
     182.00000000000   0.98196058660278
     183.00000000000   0.98215425244951
     184.00000000000   0.98234957507049
     185.00000000000   0.98254657857738
     186.00000000000   0.98274528820043
     187.00000000000   0.98294573036326
     188.00000000000   0.98314793276422
     189.00000000000   0.98335192446512
     190.00000000000   0.98355773598824
     191.00000000000   0.98376539942248
     192.00000000000   0.98397494853983
     193.00000000000   0.98418641892341
     194.00000000000   0.98439984810851
     195.00000000000   0.98461527573831
     196.00000000000   0.98483274373626
     197.00000000000   0.98505229649733
     198.00000000000   0.98527398110088
     199.00000000000   0.98549784754804
     200.00000000000   0.98572394902752
     201.00000000000   0.98595234221392
     202.00000000000   0.98618308760384
     203.00000000000   0.98641624989590
     204.00000000000   0.98665189842203
     205.00000000000   0.98689010763906
     206.00000000000   0.98713095769149
     207.00000000000   0.98737453505899
     208.00000000000   0.98762093330524
     209.00000000000   0.98787025394911
     210.00000000000   0.98812260748455
     211.00000000000   0.98837811458342
     212.00000000000   0.98863690752527
     213.00000000000   0.98889913191299
     214.00000000000   0.98916494875349
     215.00000000000   0.98943453701317
     216.00000000000   0.98970809680264
     217.00000000000   0.98998585341188
     218.00000000000   0.99026806251423
     219.00000000000   0.99055501699115
     220.00000000000   0.99084705599515
     221.00000000000   0.99114457703077
     222.00000000000   0.99144805189731
     223.00000000000   0.99175804710586
     224.00000000000   0.99207524853088
     225.00000000000   0.99240048814136
     226.00000000000   0.99273476724305
     227.00000000000   0.99307926559624
     228.00000000000   0.99343531960652
     229.00000000000   0.99380434723168
     230.00000000000   0.99418769536702
     231.00000000000   0.99458639120912
     232.00000000000   0.99500079588097
     233.00000000000   0.99543018712197
     234.00000000000   0.99587233383182
     235.00000000000   0.99632315857359
     236.00000000000   0.99677660059976
     237.00000000000   0.99722477821974
     238.00000000000   0.99765849951757
     239.00000000000   0.99806809155713
     240.00000000000   0.99844443085794
     241.00000000000   0.99877999051149
     242.00000000000   0.99906969739323
     243.00000000000   0.99931142803680
     244.00000000000   0.99950605532314
     245.00000000000   0.99965706405690
     246.00000000000   0.99976984826698
     247.00000000000   0.99985085903016
     248.00000000000   0.99990677692300
     249.00000000000   0.99994384429221
     250.00000000000   0.99996742892717
     251.00000000000   0.99998182562931
     252.00000000000   0.99999025360960
     253.00000000000   0.99999498365953
     254.00000000000   0.99999752794268
     255.00000000000   0.99999883928382
     256.00000000000   0.99999948676014
     257.00000000000   0.99999979296325
     258.00000000000   0.99999993163965
     259.00000000000   0.99999999177658
     260.00000000000    1.0000000167439
     261.00000000000    1.0000000266669
     262.00000000000    1.0000000304419
     263.00000000000    1.0000000318165
     264.00000000000    1.0000000322955
     265.00000000000    1.0000000324552
     266.00000000000    1.0000000325062
     267.00000000000    1.0000000325217
     268.00000000000    1.0000000325263
     269.00000000000    1.0000000325275
     270.00000000000    1.0000000325279
     271.00000000000    1.0000000325280
     272.00000000000    1.0000000325280
     273.00000000000    1.0000000325280
     274.00000000000    1.0000000325280
     275.00000000000    1.0000000325280
     276.00000000000    1.0000000325280
     277.00000000000    1.0000000325280
     278.00000000000    1.0000000325280
     279.00000000000    1.0000000325280
     280.00000000000    1.0000000325280
     281.00000000000    1.0000000325280
     282.00000000000    1.0000000325280
     283.00000000000    1.0000000325280
     284.00000000000    1.0000000325280
     285.00000000000    1.0000000325280
     286.00000000000    1.0000000325280
     287.00000000000    1.0000000325280
     288.00000000000    1.0000000325280
     289.00000000000    1.0000000325280
     290.00000000000    1.0000000325280
     291.00000000000    1.0000000325280
     292.00000000000    1.0000000325280
     293.00000000000    1.0000000325280
     294.00000000000    1.0000000325280
     295.00000000000    1.0000000325280
     296.00000000000    1.0000000325280
     297.00000000000    1.0000000325280
     298.00000000000    1.0000000325280
     299.00000000000    1.0000000325280
     300.00000000000    1.0000000325280
     301.00000000000    1.0000000325280
     302.00000000000    1.0000000325280
     303.00000000000    1.0000000325280
     304.00000000000    1.0000000325280
     305.00000000000    1.0000000325280
     306.00000000000    1.0000000325280
     307.00000000000    1.0000000325280
     308.00000000000    1.0000000325280
     309.00000000000    1.0000000325280
     310.00000000000    1.0000000325280
     311.00000000000    1.0000000325280
     312.00000000000    1.0000000325280
     313.00000000000    1.0000000325280
     314.00000000000    1.0000000325280
     315.00000000000    1.0000000325280
     316.00000000000    1.0000000325280
     317.00000000000    1.0000000325280
     318.00000000000    1.0000000325280
     319.00000000000    1.0000000325280
     320.00000000000    1.0000000325280
     321.00000000000    1.0000000325280
     322.00000000000    1.0000000325280
     323.00000000000    1.0000000325280
     324.00000000000    1.0000000325280
     325.00000000000    1.0000000325280
     326.00000000000    1.0000000325280
     327.00000000000    1.0000000325280
     328.00000000000    1.0000000325280
     329.00000000000    1.0000000325280
     330.00000000000    1.0000000325280
     331.00000000000    1.0000000325280
     332.00000000000    1.0000000325280
     333.00000000000    1.0000000325280
     334.00000000000    1.0000000325280
     335.00000000000    1.0000000325280
     336.00000000000    1.0000000325280
     337.00000000000    1.0000000325280
     338.00000000000    1.0000000325280
     339.00000000000    1.0000000325280
     340.00000000000    1.0000000325280
     341.00000000000    1.0000000325280
     342.00000000000    1.0000000325280
     343.00000000000    1.0000000325280
     344.00000000000    1.0000000325280
     345.00000000000    1.0000000325280
     346.00000000000    1.0000000325280
     347.00000000000    1.0000000325280
     348.00000000000    1.0000000325280
     349.00000000000    1.0000000325280
     350.00000000000    1.0000000325280
     351.00000000000    1.0000000325280
     352.00000000000    1.0000000325280
     353.00000000000    1.0000000325280
     354.00000000000    1.0000000325280
     355.00000000000    1.0000000325280
     356.00000000000    1.0000000325280
     357.00000000000    1.0000000325280
     358.00000000000    1.0000000325280
     359.00000000000    1.0000000325280
     360.00000000000    1.0000000325280
     361.00000000000    1.0000000325280
     362.00000000000    1.0000000325280
     363.00000000000    1.0000000325280
     364.00000000000    1.0000000325280
     365.00000000000    1.0000000325280
     366.00000000000    1.0000000325280
     367.00000000000    1.0000000325280
     368.00000000000    1.0000000325280
     369.00000000000    1.0000000325280
     370.00000000000    1.0000000325280
     371.00000000000    1.0000000325280
     372.00000000000    1.0000000325280
     373.00000000000    1.0000000325280
     374.00000000000    1.0000000325280
     375.00000000000    1.0000000325280
     376.00000000000    1.0000000325280
     377.00000000000    1.0000000325280
     378.00000000000    1.0000000325280
     379.00000000000    1.0000000325280
     380.00000000000    1.0000000325280
     381.00000000000    1.0000000325280
     382.00000000000    1.0000000325280
     383.00000000000    1.0000000325280
     384.00000000000    1.0000000325280
     385.00000000000    1.0000000325280
     386.00000000000    1.0000000325280
     387.00000000000    1.0000000325280
     388.00000000000    1.0000000325280
     389.00000000000    1.0000000325280
     390.00000000000    1.0000000325280
     391.00000000000    1.0000000325280
     392.00000000000    1.0000000325280
     393.00000000000    1.0000000325280
     394.00000000000    1.0000000325280
     395.00000000000    1.0000000325280
     396.00000000000    1.0000000325280
     397.00000000000    1.0000000325280
     398.00000000000    1.0000000325280
     399.00000000000    1.0000000325280
     400.00000000000    1.0000000325280
     401.00000000000    1.0000000325280
     402.00000000000    1.0000000325280
     403.00000000000    1.0000000325280
     404.00000000000    1.0000000325280
     405.00000000000    1.0000000325280
     406.00000000000    1.0000000325280
     407.00000000000    1.0000000325280
     408.00000000000    1.0000000325280
     409.00000000000    1.0000000325280
     410.00000000000    1.0000000325280
     411.00000000000    1.0000000325280
     412.00000000000    1.0000000325280
     413.00000000000    1.0000000325280
     414.00000000000    1.0000000325280
     415.00000000000    1.0000000325280
     416.00000000000    1.0000000325280
     417.00000000000    1.0000000325280
     418.00000000000    1.0000000325280
     419.00000000000    1.0000000325280
     420.00000000000    1.0000000325280
     421.00000000000    1.0000000325280
     422.00000000000    1.0000000325280
     423.00000000000    1.0000000325280
     424.00000000000    1.0000000325280
     425.00000000000    1.0000000325280
     426.00000000000    1.0000000325280
     427.00000000000    1.0000000325280
     428.00000000000    1.0000000325280
     429.00000000000    1.0000000325280
     430.00000000000    1.0000000325280
     431.00000000000    1.0000000325280
     432.00000000000    1.0000000325280
     433.00000000000    1.0000000325280
     434.00000000000    1.0000000325280
     435.00000000000    1.0000000325280
     436.00000000000    1.0000000325280
     437.00000000000    1.0000000325280
     438.00000000000    1.0000000325280
     439.00000000000    1.0000000325280
     440.00000000000    1.0000000325280
     441.00000000000    1.0000000325280
     442.00000000000    1.0000000325280
     443.00000000000    1.0000000325280
     444.00000000000    1.0000000325280
     445.00000000000    1.0000000325280
     446.00000000000    1.0000000325280
     447.00000000000    1.0000000325280
     448.00000000000    1.0000000325280
     449.00000000000    1.0000000325280
     450.00000000000    1.0000000325280
     451.00000000000    1.0000000325280
     452.00000000000    1.0000000325280
     453.00000000000    1.0000000325280
     454.00000000000    1.0000000325280
     455.00000000000    1.0000000325280
     456.00000000000    1.0000000325280
     457.00000000000    1.0000000325280
     458.00000000000    1.0000000325280
     459.00000000000    1.0000000325280
     460.00000000000    1.0000000325280
     461.00000000000    1.0000000325280
     462.00000000000    1.0000000325280
     463.00000000000    1.0000000325280
     464.00000000000    1.0000000325280
     465.00000000000    1.0000000325280
     466.00000000000    1.0000000325280
     467.00000000000    1.0000000325280
     468.00000000000    1.0000000325280
     469.00000000000    1.0000000325280
     470.00000000000    1.0000000325280
     471.00000000000    1.0000000325280
     472.00000000000    1.0000000325280
     473.00000000000    1.0000000325280
     474.00000000000    1.0000000325280
     475.00000000000    1.0000000325280
     476.00000000000    1.0000000325280
     477.00000000000    1.0000000325280
     478.00000000000    1.0000000325280
     479.00000000000    1.0000000325280
     480.00000000000    1.0000000325280
     481.00000000000    1.0000000325280
     482.00000000000    1.0000000325280
     483.00000000000    1.0000000325280
     484.00000000000    1.0000000325280
     485.00000000000    1.0000000325280
     486.00000000000    1.0000000325280
     487.00000000000    1.0000000325280
     488.00000000000    1.0000000325280
     489.00000000000    1.0000000325280
     490.00000000000    1.0000000325280
     491.00000000000    1.0000000325280
     492.00000000000    1.0000000325280
     493.00000000000    1.0000000325280
     494.00000000000    1.0000000325280
     495.00000000000    1.0000000325280
     496.00000000000    1.0000000325280
     497.00000000000    1.0000000325280
     498.00000000000    1.0000000325280
     499.00000000000    1.0000000325280
     500.00000000000    1.0000000325280
