    -500.00000000000    1.0000000325280
    -499.00000000000    1.0000000325280
    -498.00000000000    1.0000000325280
    -497.00000000000    1.0000000325280
    -496.00000000000    1.0000000325280
    -495.00000000000    1.0000000325280
    -494.00000000000    1.0000000325280
    -493.00000000000    1.0000000325280
    -492.00000000000    1.0000000325280
    -491.00000000000    1.0000000325280
    -490.00000000000    1.0000000325280
    -489.00000000000    1.0000000325280
    -488.00000000000    1.0000000325280
    -487.00000000000    1.0000000325280
    -486.00000000000    1.0000000325280
    -485.00000000000    1.0000000325280
    -484.00000000000    1.0000000325280
    -483.00000000000    1.0000000325280
    -482.00000000000    1.0000000325280
    -481.00000000000    1.0000000325280
    -480.00000000000    1.0000000325280
    -479.00000000000    1.0000000325280
    -478.00000000000    1.0000000325280
    -477.00000000000    1.0000000325280
    -476.00000000000    1.0000000325280
    -475.00000000000    1.0000000325280
    -474.00000000000    1.0000000325280
    -473.00000000000    1.0000000325280
    -472.00000000000    1.0000000325280
    -471.00000000000    1.0000000325280
    -470.00000000000    1.0000000325280
    -469.00000000000    1.0000000325280
    -468.00000000000    1.0000000325280
    -467.00000000000    1.0000000325280
    -466.00000000000    1.0000000325280
    -465.00000000000    1.0000000325280
    -464.00000000000    1.0000000325280
    -463.00000000000    1.0000000325280
    -462.00000000000    1.0000000325280
    -461.00000000000    1.0000000325280
    -460.00000000000    1.0000000325280
    -459.00000000000    1.0000000325280
    -458.00000000000    1.0000000325280
    -457.00000000000    1.0000000325280
    -456.00000000000    1.0000000325280
    -455.00000000000    1.0000000325280
    -454.00000000000    1.0000000325280
    -453.00000000000    1.0000000325280
    -452.00000000000    1.0000000325280
    -451.00000000000    1.0000000325280
    -450.00000000000    1.0000000325280
    -449.00000000000    1.0000000325280
    -448.00000000000    1.0000000325280
    -447.00000000000    1.0000000325280
    -446.00000000000    1.0000000325280
    -445.00000000000    1.0000000325280
    -444.00000000000    1.0000000325280
    -443.00000000000    1.0000000325280
    -442.00000000000    1.0000000325280
    -441.00000000000    1.0000000325280
    -440.00000000000    1.0000000325280
    -439.00000000000    1.0000000325280
    -438.00000000000    1.0000000325280
    -437.00000000000    1.0000000325280
    -436.00000000000    1.0000000325280
    -435.00000000000    1.0000000325280
    -434.00000000000    1.0000000325280
    -433.00000000000    1.0000000325280
    -432.00000000000    1.0000000325280
    -431.00000000000    1.0000000325280
    -430.00000000000    1.0000000325280
    -429.00000000000    1.0000000325280
    -428.00000000000    1.0000000325280
    -427.00000000000    1.0000000325280
    -426.00000000000    1.0000000325280
    -425.00000000000    1.0000000325280
    -424.00000000000    1.0000000325280
    -423.00000000000    1.0000000325280
    -422.00000000000    1.0000000325280
    -421.00000000000    1.0000000325280
    -420.00000000000    1.0000000325280
    -419.00000000000    1.0000000325280
    -418.00000000000    1.0000000325280
    -417.00000000000    1.0000000325280
    -416.00000000000    1.0000000325280
    -415.00000000000    1.0000000325280
    -414.00000000000    1.0000000325280
    -413.00000000000    1.0000000325280
    -412.00000000000    1.0000000325280
    -411.00000000000    1.0000000325280
    -410.00000000000    1.0000000325280
    -409.00000000000    1.0000000325280
    -408.00000000000    1.0000000325280
    -407.00000000000    1.0000000325280
    -406.00000000000    1.0000000325280
    -405.00000000000    1.0000000325280
    -404.00000000000    1.0000000325280
    -403.00000000000    1.0000000325280
    -402.00000000000    1.0000000325280
    -401.00000000000    1.0000000325280
    -400.00000000000    1.0000000325280
    -399.00000000000    1.0000000325280
    -398.00000000000    1.0000000325280
    -397.00000000000    1.0000000325280
    -396.00000000000    1.0000000325280
    -395.00000000000    1.0000000325280
    -394.00000000000    1.0000000325280
    -393.00000000000    1.0000000325280
    -392.00000000000    1.0000000325280
    -391.00000000000    1.0000000325280
    -390.00000000000    1.0000000325280
    -389.00000000000    1.0000000325280
    -388.00000000000    1.0000000325280
    -387.00000000000    1.0000000325280
    -386.00000000000    1.0000000325280
    -385.00000000000    1.0000000325280
    -384.00000000000    1.0000000325280
    -383.00000000000    1.0000000325280
    -382.00000000000    1.0000000325280
    -381.00000000000    1.0000000325280
    -380.00000000000    1.0000000325280
    -379.00000000000    1.0000000325280
    -378.00000000000    1.0000000325280
    -377.00000000000    1.0000000325280
    -376.00000000000    1.0000000325280
    -375.00000000000    1.0000000325280
    -374.00000000000    1.0000000325280
    -373.00000000000    1.0000000325280
    -372.00000000000    1.0000000325280
    -371.00000000000    1.0000000325280
    -370.00000000000    1.0000000325280
    -369.00000000000    1.0000000325280
    -368.00000000000    1.0000000325280
    -367.00000000000    1.0000000325280
    -366.00000000000    1.0000000325280
    -365.00000000000    1.0000000325280
    -364.00000000000    1.0000000325280
    -363.00000000000    1.0000000325280
    -362.00000000000    1.0000000325280
    -361.00000000000    1.0000000325280
    -360.00000000000    1.0000000325280
    -359.00000000000    1.0000000325280
    -358.00000000000    1.0000000325280
    -357.00000000000    1.0000000325280
    -356.00000000000    1.0000000325280
    -355.00000000000    1.0000000325280
    -354.00000000000    1.0000000325280
    -353.00000000000    1.0000000325280
    -352.00000000000    1.0000000325280
    -351.00000000000    1.0000000325280
    -350.00000000000    1.0000000325280
    -349.00000000000    1.0000000325280
    -348.00000000000    1.0000000325280
    -347.00000000000    1.0000000325280
    -346.00000000000    1.0000000325280
    -345.00000000000    1.0000000325280
    -344.00000000000    1.0000000325280
    -343.00000000000    1.0000000325280
    -342.00000000000    1.0000000325280
    -341.00000000000    1.0000000325280
    -340.00000000000    1.0000000325280
    -339.00000000000    1.0000000325280
    -338.00000000000    1.0000000325280
    -337.00000000000    1.0000000325280
    -336.00000000000    1.0000000325280
    -335.00000000000    1.0000000325280
    -334.00000000000    1.0000000325280
    -333.00000000000    1.0000000325280
    -332.00000000000    1.0000000325280
    -331.00000000000    1.0000000325280
    -330.00000000000    1.0000000325280
    -329.00000000000    1.0000000325280
    -328.00000000000    1.0000000325280
    -327.00000000000    1.0000000325280
    -326.00000000000    1.0000000325280
    -325.00000000000    1.0000000325280
    -324.00000000000    1.0000000325280
    -323.00000000000    1.0000000325280
    -322.00000000000    1.0000000325280
    -321.00000000000    1.0000000325280
    -320.00000000000    1.0000000325280
    -319.00000000000    1.0000000325280
    -318.00000000000    1.0000000325280
    -317.00000000000    1.0000000325280
    -316.00000000000    1.0000000325280
    -315.00000000000    1.0000000325280
    -314.00000000000    1.0000000325280
    -313.00000000000    1.0000000325280
    -312.00000000000    1.0000000325280
    -311.00000000000    1.0000000325280
    -310.00000000000    1.0000000325280
    -309.00000000000    1.0000000325280
    -308.00000000000    1.0000000325280
    -307.00000000000    1.0000000325280
    -306.00000000000    1.0000000325280
    -305.00000000000    1.0000000325280
    -304.00000000000    1.0000000325280
    -303.00000000000    1.0000000325280
    -302.00000000000    1.0000000325280
    -301.00000000000    1.0000000325280
    -300.00000000000    1.0000000325280
    -299.00000000000    1.0000000325280
    -298.00000000000    1.0000000325280
    -297.00000000000    1.0000000325280
    -296.00000000000    1.0000000325280
    -295.00000000000    1.0000000325280
    -294.00000000000    1.0000000325280
    -293.00000000000    1.0000000325280
    -292.00000000000    1.0000000325280
    -291.00000000000    1.0000000325280
    -290.00000000000    1.0000000325280
    -289.00000000000    1.0000000325280
    -288.00000000000    1.0000000325280
    -287.00000000000    1.0000000325280
    -286.00000000000    1.0000000325280
    -285.00000000000    1.0000000325280
    -284.00000000000    1.0000000325280
    -283.00000000000    1.0000000325280
    -282.00000000000    1.0000000325280
    -281.00000000000    1.0000000325280
    -280.00000000000    1.0000000325280
    -279.00000000000    1.0000000325280
    -278.00000000000    1.0000000325280
    -277.00000000000    1.0000000325280
    -276.00000000000    1.0000000325280
    -275.00000000000    1.0000000325280
    -274.00000000000    1.0000000325280
    -273.00000000000    1.0000000325280
    -272.00000000000    1.0000000325280
    -271.00000000000    1.0000000325280
    -270.00000000000    1.0000000325280
    -269.00000000000    1.0000000325280
    -268.00000000000    1.0000000325280
    -267.00000000000    1.0000000325280
    -266.00000000000    1.0000000325280
    -265.00000000000    1.0000000325280
    -264.00000000000    1.0000000325280
    -263.00000000000    1.0000000325280
    -262.00000000000    1.0000000325280
    -261.00000000000    1.0000000325280
    -260.00000000000    1.0000000325280
    -259.00000000000    1.0000000325280
    -258.00000000000    1.0000000325280
    -257.00000000000    1.0000000325280
    -256.00000000000    1.0000000325280
    -255.00000000000    1.0000000325280
    -254.00000000000    1.0000000325280
    -253.00000000000    1.0000000325280
    -252.00000000000    1.0000000325280
    -251.00000000000    1.0000000325280
    -250.00000000000    1.0000000325280
    -249.00000000000    1.0000000325280
    -248.00000000000    1.0000000325280
    -247.00000000000    1.0000000325280
    -246.00000000000    1.0000000325280
    -245.00000000000    1.0000000325280
    -244.00000000000    1.0000000325280
    -243.00000000000    1.0000000325280
    -242.00000000000    1.0000000325280
    -241.00000000000    1.0000000325278
    -240.00000000000    1.0000000325274
    -239.00000000000    1.0000000325259
    -238.00000000000    1.0000000325203
    -237.00000000000    1.0000000325013
    -236.00000000000    1.0000000324391
    -235.00000000000    1.0000000322441
    -234.00000000000    1.0000000316592
    -233.00000000000    1.0000000299805
    -232.00000000000    1.0000000253697
    -231.00000000000    1.0000000132481
    -230.00000000000   0.99999998274514
    -229.00000000000   0.99999990926440
    -228.00000000000   0.99999973979186
    -227.00000000000   0.99999936553068
    -226.00000000000   0.99999857401098
    -225.00000000000   0.99999697065167
    -224.00000000000   0.99999385919953
    -223.00000000000   0.99998807355657
    -222.00000000000   0.99997776248087
    -221.00000000000   0.99996014494843
    -220.00000000000   0.99993127668611
    -219.00000000000   0.99988589282991
    -218.00000000000   0.99981740895912
    -217.00000000000   0.99971816160428
    -216.00000000000   0.99957994019518
    -215.00000000000   0.99939480316058
    -214.00000000000   0.99915609127367
    -213.00000000000   0.99885947332062
    -212.00000000000   0.99850381113561
    -211.00000000000   0.99809163697239
    -210.00000000000   0.99762910410008
    -209.00000000000   0.99712538710920
    -208.00000000000   0.99659163801341
    -207.00000000000   0.99603970689284
    -206.00000000000   0.99548087946106
    -205.00000000000   0.99492485788032
    -204.00000000000   0.99437912927619
    -203.00000000000   0.99384875981492
    -202.00000000000   0.99333655563865
    -201.00000000000   0.99284347065658
    -200.00000000000   0.99236912388382
    -199.00000000000   0.99191230869348
    -198.00000000000   0.99147141678476
    -197.00000000000   0.99104474355247
    -196.00000000000   0.99063067645046
    -195.00000000000   0.99022778858660
    -194.00000000000   0.98983486695366
    -193.00000000000   0.98945090253343
    -192.00000000000   0.98907506281278
    -191.00000000000   0.98870665976025
    -190.00000000000   0.98834512013437
    -189.00000000000   0.98798996081885
    -188.00000000000   0.98764076952666
    -187.00000000000   0.98729719015972
    -186.00000000000   0.98695891181661
    -185.00000000000   0.98662566051026
    -184.00000000000   0.98629719285008
    -183.00000000000   0.98597329114195
    -182.00000000000   0.98565375952020
    -181.00000000000   0.98533842084364
    -180.00000000000   0.98502711416786
    -179.00000000000   0.98471969266094
    -178.00000000000   0.98441602186631
    -177.00000000000   0.98411597824123
    -176.00000000000   0.98381944791748
    -175.00000000000   0.98352632564269
    -174.00000000000   0.98323651387027
    -173.00000000000   0.98294992197248
    -172.00000000000   0.98266646555640
    -171.00000000000   0.98238606586639
    -170.00000000000   0.98210864925982
    -169.00000000000   0.98183414674512
    -168.00000000000   0.98156249357313
    -167.00000000000   0.98129362887443
    -166.00000000000   0.98102749533618
    -165.00000000000   0.98076403891340
    -164.00000000000   0.98050320857020
    -163.00000000000   0.98024495604720
    -162.00000000000   0.97998923565186
    -161.00000000000   0.97973600406910
    -160.00000000000   0.97948522018977
    -159.00000000000   0.97923684495493
    -158.00000000000   0.97899084121415
    -157.00000000000   0.97874717359638
    -156.00000000000   0.97850580839199
    -155.00000000000   0.97826671344477
    -154.00000000000   0.97802985805294
    -153.00000000000   0.97779521287824
    -152.00000000000   0.97756274986230
    -151.00000000000   0.97733244214950
    -150.00000000000   0.97710426401592
    -149.00000000000   0.97687819080355
    -148.00000000000   0.97665419885943
    -147.00000000000   0.97643226547929
    -146.00000000000   0.97621236885520
    -145.00000000000   0.97599448802693
    -144.00000000000   0.97577860283668
    -143.00000000000   0.97556469388698
    -142.00000000000   0.97535274250137
    -141.00000000000   0.97514273068766
    -140.00000000000   0.97493464110371
    -139.00000000000   0.97472845702529
    -138.00000000000   0.97452416231606
    -137.00000000000   0.97432174139941
    -136.00000000000   0.97412117923199
    -135.00000000000   0.97392246127894
    -134.00000000000   0.97372557349053
    -133.00000000000   0.97353050228024
    -132.00000000000   0.97333723450403
    -131.00000000000   0.97314575744095
    -130.00000000000   0.97295605877467
    -129.00000000000   0.97276812657625
    -128.00000000000   0.97258194928767
    -127.00000000000   0.97239751570640
    -126.00000000000   0.97221481497075
    -125.00000000000   0.97203383654602
    -124.00000000000   0.97185457021132
    -123.00000000000   0.97167700604721
    -122.00000000000   0.97150113442382
    -121.00000000000   0.97132694598969
    -120.00000000000   0.97115443166112
    -119.00000000000   0.97098358261209
    -118.00000000000   0.97081439026460
    -117.00000000000   0.97064684627959
    -116.00000000000   0.97048094254820
    -115.00000000000   0.97031667118349
    -114.00000000000   0.97015402451256
    -113.00000000000   0.96999299506903
    -112.00000000000   0.96983357558585
    -111.00000000000   0.96967575898844
    -110.00000000000   0.96951953838819
    -109.00000000000   0.96936490707619
    -108.00000000000   0.96921185851726
    -107.00000000000   0.96906038634425
    -106.00000000000   0.96891048435260
   -105.000000000000   0.96876214649511
   -104.000000000000   0.96861536687693
   -103.000000000000   0.96847013975079
   -102.000000000000   0.96832645951242
   -101.000000000000   0.96818432069616
   -100.000000000000   0.96804371797071
    -99.000000000000   0.96790464613515
    -98.000000000000   0.96776710011503
    -97.000000000000   0.96763107495866
    -96.000000000000   0.96749656583352
    -95.000000000000   0.96736356802287
    -94.000000000000   0.96723207692243
    -93.000000000000   0.96710208803720
    -92.000000000000   0.96697359697848
    -91.000000000000   0.96684659946084
    -90.000000000000   0.96672109129941
    -89.000000000000   0.96659706840711
    -88.000000000000   0.96647452679205
    -87.000000000000   0.96635346255504
    -86.000000000000   0.96623387188716
    -85.000000000000   0.96611575106743
    -84.000000000000   0.96599909646058
    -83.000000000000   0.96588390451487
    -82.000000000000   0.96577017176003
    -81.000000000000   0.96565789480522
    -80.000000000000   0.96554707033712
    -79.000000000000   0.96543769511805
    -78.000000000000   0.96532976598418
    -77.000000000000   0.96522327984377
    -76.000000000000   0.96511823367551
    -75.000000000000   0.96501462452687
    -74.000000000000   0.96491244951257
    -73.000000000000   0.96481170581305
    -72.000000000000   0.96471239067302
    -71.000000000000   0.96461450140004
    -70.000000000000   0.96451803536315
    -69.000000000000   0.96442298999159
    -68.000000000000   0.96432936277348
    -67.000000000000   0.96423715125462
    -66.000000000000   0.96414635303730
    -65.000000000000   0.96405696577915
    -64.000000000000   0.96396898719199
    -63.000000000000   0.96388241504085
    -62.000000000000   0.96379724714281
    -61.000000000000   0.96371348136610
    -60.000000000000   0.96363111562905
    -59.000000000000   0.96355014789922
    -58.000000000000   0.96347057619243
    -57.000000000000   0.96339239857192
    -56.000000000000   0.96331561314747
    -55.000000000000   0.96324021807460
    -54.000000000000   0.96316621155378
    -53.000000000000   0.96309359182963
    -52.000000000000   0.96302235719019
    -51.000000000000   0.96295250596621
    -50.000000000000   0.96288403653045
    -49.000000000000   0.96281694729698
    -48.000000000000   0.96275123672058
    -47.000000000000   0.96268690329604
    -46.000000000000   0.96262394555762
    -45.000000000000   0.96256236207842
    -44.000000000000   0.96250215146983
    -43.000000000000   0.96244331238095
    -42.000000000000   0.96238584349811
    -41.000000000000   0.96232974354429
    -40.000000000000   0.96227501127870
    -39.000000000000   0.96222164549624
    -38.000000000000   0.96216964502705
    -37.000000000000   0.96211900873609
    -36.000000000000   0.96206973552270
    -35.000000000000   0.96202182432017
    -34.000000000000   0.96197527409533
    -33.000000000000   0.96193008384823
    -32.000000000000   0.96188625261168
    -31.000000000000   0.96184377945097
    -30.000000000000   0.96180266346347
    -29.000000000000   0.96176290377834
    -28.000000000000   0.96172449955621
    -27.000000000000   0.96168744998883
    -26.000000000000   0.96165175429885
    -25.000000000000   0.96161741173949
    -24.000000000000   0.96158442159429
    -23.000000000000   0.96155278317686
    -22.000000000000   0.96152249583061
    -21.000000000000   0.96149355892857
    -20.000000000000   0.96146597187312
    -19.000000000000   0.96143973409580
    -18.000000000000   0.96141484505712
    -17.000000000000   0.96139130424634
    -16.000000000000   0.96136911118134
    -15.000000000000   0.96134826540842
    -14.000000000000   0.96132876650213
    -13.000000000000   0.96131061406518
    -12.000000000000   0.96129380772825
    -11.000000000000   0.96127834714986
   -10.0000000000000   0.96126423201631
    -9.0000000000000   0.96125146204151
    -8.0000000000000   0.96124003696693
    -7.0000000000000   0.96122995656146
    -6.0000000000000   0.96122122062139
    -5.0000000000000   0.96121382897030
    -4.0000000000000   0.96120778145901
    -3.0000000000000   0.96120307796555
    -2.0000000000000   0.96119971839507
    -1.0000000000000   0.96119770267986
   0.   0.96119703077931
     1.0000000000000   0.96119770267986
     2.0000000000000   0.96119971839507
     3.0000000000000   0.96120307796555
     4.0000000000000   0.96120778145901
     5.0000000000000   0.96121382897030
     6.0000000000000   0.96122122062139
     7.0000000000000   0.96122995656146
     8.0000000000000   0.96124003696693
     9.0000000000000   0.96125146204151
    10.0000000000000   0.96126423201631
     11.000000000000   0.96127834714986
     12.000000000000   0.96129380772825
     13.000000000000   0.96131061406518
     14.000000000000   0.96132876650213
     15.000000000000   0.96134826540842
     16.000000000000   0.96136911118134
     17.000000000000   0.96139130424634
     18.000000000000   0.96141484505712
     19.000000000000   0.96143973409580
     20.000000000000   0.96146597187312
     21.000000000000   0.96149355892857
     22.000000000000   0.96152249583061
     23.000000000000   0.96155278317686
     24.000000000000   0.96158442159429
     25.000000000000   0.96161741173949
     26.000000000000   0.96165175429885
     27.000000000000   0.96168744998883
     28.000000000000   0.96172449955621
     29.000000000000   0.96176290377834
     30.000000000000   0.96180266346347
     31.000000000000   0.96184377945097
     32.000000000000   0.96188625261168
     33.000000000000   0.96193008384823
     34.000000000000   0.96197527409533
     35.000000000000   0.96202182432017
     36.000000000000   0.96206973552270
     37.000000000000   0.96211900873609
     38.000000000000   0.96216964502705
     39.000000000000   0.96222164549624
     40.000000000000   0.96227501127870
     41.000000000000   0.96232974354429
     42.000000000000   0.96238584349811
     43.000000000000   0.96244331238095
     44.000000000000   0.96250215146983
     45.000000000000   0.96256236207842
     46.000000000000   0.96262394555762
     47.000000000000   0.96268690329604
     48.000000000000   0.96275123672058
     49.000000000000   0.96281694729698
     50.000000000000   0.96288403653045
     51.000000000000   0.96295250596621
     52.000000000000   0.96302235719019
     53.000000000000   0.96309359182963
     54.000000000000   0.96316621155378
     55.000000000000   0.96324021807460
     56.000000000000   0.96331561314747
     57.000000000000   0.96339239857192
     58.000000000000   0.96347057619243
     59.000000000000   0.96355014789922
     60.000000000000   0.96363111562905
     61.000000000000   0.96371348136610
     62.000000000000   0.96379724714281
     63.000000000000   0.96388241504085
     64.000000000000   0.96396898719199
     65.000000000000   0.96405696577914
     66.000000000000   0.96414635303730
     67.000000000000   0.96423715125462
     68.000000000000   0.96432936277348
     69.000000000000   0.96442298999159
     70.000000000000   0.96451803536315
     71.000000000000   0.96461450140004
     72.000000000000   0.96471239067302
     73.000000000000   0.96481170581305
     74.000000000000   0.96491244951257
     75.000000000000   0.96501462452687
     76.000000000000   0.96511823367551
     77.000000000000   0.96522327984377
     78.000000000000   0.96532976598418
     79.000000000000   0.96543769511805
     80.000000000000   0.96554707033712
     81.000000000000   0.96565789480522
     82.000000000000   0.96577017176003
     83.000000000000   0.96588390451487
     84.000000000000   0.96599909646058
     85.000000000000   0.96611575106743
     86.000000000000   0.96623387188716
     87.000000000000   0.96635346255504
     88.000000000000   0.96647452679205
     89.000000000000   0.96659706840711
     90.000000000000   0.96672109129941
     91.000000000000   0.96684659946084
     92.000000000000   0.96697359697848
     93.000000000000   0.96710208803720
     94.000000000000   0.96723207692243
     95.000000000000   0.96736356802287
     96.000000000000   0.96749656583352
     97.000000000000   0.96763107495866
     98.000000000000   0.96776710011503
     99.000000000000   0.96790464613515
    100.000000000000   0.96804371797071
    101.000000000000   0.96818432069616
    102.000000000000   0.96832645951242
    103.000000000000   0.96847013975079
    104.000000000000   0.96861536687693
    105.000000000000   0.96876214649511
     106.00000000000   0.96891048435260
     107.00000000000   0.96906038634425
     108.00000000000   0.96921185851726
     109.00000000000   0.96936490707619
     110.00000000000   0.96951953838819
     111.00000000000   0.96967575898844
     112.00000000000   0.96983357558585
     113.00000000000   0.96999299506903
     114.00000000000   0.97015402451256
     115.00000000000   0.97031667118349
     116.00000000000   0.97048094254820
     117.00000000000   0.97064684627959
     118.00000000000   0.97081439026460
     119.00000000000   0.97098358261209
     120.00000000000   0.97115443166112
     121.00000000000   0.97132694598969
     122.00000000000   0.97150113442382
     123.00000000000   0.97167700604721
     124.00000000000   0.97185457021132
     125.00000000000   0.97203383654602
     126.00000000000   0.97221481497075
     127.00000000000   0.97239751570640
     128.00000000000   0.97258194928767
     129.00000000000   0.97276812657625
     130.00000000000   0.97295605877467
     131.00000000000   0.97314575744095
     132.00000000000   0.97333723450403
     133.00000000000   0.97353050228024
     134.00000000000   0.97372557349053
     135.00000000000   0.97392246127894
     136.00000000000   0.97412117923199
     137.00000000000   0.97432174139941
     138.00000000000   0.97452416231606
     139.00000000000   0.97472845702529
     140.00000000000   0.97493464110371
     141.00000000000   0.97514273068766
     142.00000000000   0.97535274250137
     143.00000000000   0.97556469388698
     144.00000000000   0.97577860283668
     145.00000000000   0.97599448802693
     146.00000000000   0.97621236885520
     147.00000000000   0.97643226547929
     148.00000000000   0.97665419885943
     149.00000000000   0.97687819080355
     150.00000000000   0.97710426401592
     151.00000000000   0.97733244214950
     152.00000000000   0.97756274986230
     153.00000000000   0.97779521287824
     154.00000000000   0.97802985805294
     155.00000000000   0.97826671344477
     156.00000000000   0.97850580839199
     157.00000000000   0.97874717359638
     158.00000000000   0.97899084121415
     159.00000000000   0.97923684495493
     160.00000000000   0.97948522018977
     161.00000000000   0.97973600406910
     162.00000000000   0.97998923565186
     163.00000000000   0.98024495604720
     164.00000000000   0.98050320857020
     165.00000000000   0.98076403891340
     166.00000000000   0.98102749533618
     167.00000000000   0.98129362887443
     168.00000000000   0.98156249357313
     169.00000000000   0.98183414674512
     170.00000000000   0.98210864925982
     171.00000000000   0.98238606586639
     172.00000000000   0.98266646555640
     173.00000000000   0.98294992197248
     174.00000000000   0.98323651387027
     175.00000000000   0.98352632564269
     176.00000000000   0.98381944791748
     177.00000000000   0.98411597824123
     178.00000000000   0.98441602186631
     179.00000000000   0.98471969266094
     180.00000000000   0.98502711416786
     181.00000000000   0.98533842084364
     182.00000000000   0.98565375952020
     183.00000000000   0.98597329114195
     184.00000000000   0.98629719285008
     185.00000000000   0.98662566051026
     186.00000000000   0.98695891181661
     187.00000000000   0.98729719015972
     188.00000000000   0.98764076952666
     189.00000000000   0.98798996081885
     190.00000000000   0.98834512013437
     191.00000000000   0.98870665976024
     192.00000000000   0.98907506281278
     193.00000000000   0.98945090253343
     194.00000000000   0.98983486695366
     195.00000000000   0.99022778858660
     196.00000000000   0.99063067645046
     197.00000000000   0.99104474355247
     198.00000000000   0.99147141678476
     199.00000000000   0.99191230869348
     200.00000000000   0.99236912388382
     201.00000000000   0.99284347065658
     202.00000000000   0.99333655563865
     203.00000000000   0.99384875981492
     204.00000000000   0.99437912927619
     205.00000000000   0.99492485788032
     206.00000000000   0.99548087946106
     207.00000000000   0.99603970689284
     208.00000000000   0.99659163801341
     209.00000000000   0.99712538710920
     210.00000000000   0.99762910410008
     211.00000000000   0.99809163697239
     212.00000000000   0.99850381113561
     213.00000000000   0.99885947332062
     214.00000000000   0.99915609127367
     215.00000000000   0.99939480316058
     216.00000000000   0.99957994019518
     217.00000000000   0.99971816160428
     218.00000000000   0.99981740895912
     219.00000000000   0.99988589282991
     220.00000000000   0.99993127668611
     221.00000000000   0.99996014494843
     222.00000000000   0.99997776248087
     223.00000000000   0.99998807355657
     224.00000000000   0.99999385919953
     225.00000000000   0.99999697065167
     226.00000000000   0.99999857401098
     227.00000000000   0.99999936553068
     228.00000000000   0.99999973979185
     229.00000000000   0.99999990926440
     230.00000000000   0.99999998274514
     231.00000000000    1.0000000132481
     232.00000000000    1.0000000253697
     233.00000000000    1.0000000299805
     234.00000000000    1.0000000316592
     235.00000000000    1.0000000322441
     236.00000000000    1.0000000324391
     237.00000000000    1.0000000325013
     238.00000000000    1.0000000325203
     239.00000000000    1.0000000325259
     240.00000000000    1.0000000325274
     241.00000000000    1.0000000325278
     242.00000000000    1.0000000325280
     243.00000000000    1.0000000325280
     244.00000000000    1.0000000325280
     245.00000000000    1.0000000325280
     246.00000000000    1.0000000325280
     247.00000000000    1.0000000325280
     248.00000000000    1.0000000325280
     249.00000000000    1.0000000325280
     250.00000000000    1.0000000325280
     251.00000000000    1.0000000325280
     252.00000000000    1.0000000325280
     253.00000000000    1.0000000325280
     254.00000000000    1.0000000325280
     255.00000000000    1.0000000325280
     256.00000000000    1.0000000325280
     257.00000000000    1.0000000325280
     258.00000000000    1.0000000325280
     259.00000000000    1.0000000325280
     260.00000000000    1.0000000325280
     261.00000000000    1.0000000325280
     262.00000000000    1.0000000325280
     263.00000000000    1.0000000325280
     264.00000000000    1.0000000325280
     265.00000000000    1.0000000325280
     266.00000000000    1.0000000325280
     267.00000000000    1.0000000325280
     268.00000000000    1.0000000325280
     269.00000000000    1.0000000325280
     270.00000000000    1.0000000325280
     271.00000000000    1.0000000325280
     272.00000000000    1.0000000325280
     273.00000000000    1.0000000325280
     274.00000000000    1.0000000325280
     275.00000000000    1.0000000325280
     276.00000000000    1.0000000325280
     277.00000000000    1.0000000325280
     278.00000000000    1.0000000325280
     279.00000000000    1.0000000325280
     280.00000000000    1.0000000325280
     281.00000000000    1.0000000325280
     282.00000000000    1.0000000325280
     283.00000000000    1.0000000325280
     284.00000000000    1.0000000325280
     285.00000000000    1.0000000325280
     286.00000000000    1.0000000325280
     287.00000000000    1.0000000325280
     288.00000000000    1.0000000325280
     289.00000000000    1.0000000325280
     290.00000000000    1.0000000325280
     291.00000000000    1.0000000325280
     292.00000000000    1.0000000325280
     293.00000000000    1.0000000325280
     294.00000000000    1.0000000325280
     295.00000000000    1.0000000325280
     296.00000000000    1.0000000325280
     297.00000000000    1.0000000325280
     298.00000000000    1.0000000325280
     299.00000000000    1.0000000325280
     300.00000000000    1.0000000325280
     301.00000000000    1.0000000325280
     302.00000000000    1.0000000325280
     303.00000000000    1.0000000325280
     304.00000000000    1.0000000325280
     305.00000000000    1.0000000325280
     306.00000000000    1.0000000325280
     307.00000000000    1.0000000325280
     308.00000000000    1.0000000325280
     309.00000000000    1.0000000325280
     310.00000000000    1.0000000325280
     311.00000000000    1.0000000325280
     312.00000000000    1.0000000325280
     313.00000000000    1.0000000325280
     314.00000000000    1.0000000325280
     315.00000000000    1.0000000325280
     316.00000000000    1.0000000325280
     317.00000000000    1.0000000325280
     318.00000000000    1.0000000325280
     319.00000000000    1.0000000325280
     320.00000000000    1.0000000325280
     321.00000000000    1.0000000325280
     322.00000000000    1.0000000325280
     323.00000000000    1.0000000325280
     324.00000000000    1.0000000325280
     325.00000000000    1.0000000325280
     326.00000000000    1.0000000325280
     327.00000000000    1.0000000325280
     328.00000000000    1.0000000325280
     329.00000000000    1.0000000325280
     330.00000000000    1.0000000325280
     331.00000000000    1.0000000325280
     332.00000000000    1.0000000325280
     333.00000000000    1.0000000325280
     334.00000000000    1.0000000325280
     335.00000000000    1.0000000325280
     336.00000000000    1.0000000325280
     337.00000000000    1.0000000325280
     338.00000000000    1.0000000325280
     339.00000000000    1.0000000325280
     340.00000000000    1.0000000325280
     341.00000000000    1.0000000325280
     342.00000000000    1.0000000325280
     343.00000000000    1.0000000325280
     344.00000000000    1.0000000325280
     345.00000000000    1.0000000325280
     346.00000000000    1.0000000325280
     347.00000000000    1.0000000325280
     348.00000000000    1.0000000325280
     349.00000000000    1.0000000325280
     350.00000000000    1.0000000325280
     351.00000000000    1.0000000325280
     352.00000000000    1.0000000325280
     353.00000000000    1.0000000325280
     354.00000000000    1.0000000325280
     355.00000000000    1.0000000325280
     356.00000000000    1.0000000325280
     357.00000000000    1.0000000325280
     358.00000000000    1.0000000325280
     359.00000000000    1.0000000325280
     360.00000000000    1.0000000325280
     361.00000000000    1.0000000325280
     362.00000000000    1.0000000325280
     363.00000000000    1.0000000325280
     364.00000000000    1.0000000325280
     365.00000000000    1.0000000325280
     366.00000000000    1.0000000325280
     367.00000000000    1.0000000325280
     368.00000000000    1.0000000325280
     369.00000000000    1.0000000325280
     370.00000000000    1.0000000325280
     371.00000000000    1.0000000325280
     372.00000000000    1.0000000325280
     373.00000000000    1.0000000325280
     374.00000000000    1.0000000325280
     375.00000000000    1.0000000325280
     376.00000000000    1.0000000325280
     377.00000000000    1.0000000325280
     378.00000000000    1.0000000325280
     379.00000000000    1.0000000325280
     380.00000000000    1.0000000325280
     381.00000000000    1.0000000325280
     382.00000000000    1.0000000325280
     383.00000000000    1.0000000325280
     384.00000000000    1.0000000325280
     385.00000000000    1.0000000325280
     386.00000000000    1.0000000325280
     387.00000000000    1.0000000325280
     388.00000000000    1.0000000325280
     389.00000000000    1.0000000325280
     390.00000000000    1.0000000325280
     391.00000000000    1.0000000325280
     392.00000000000    1.0000000325280
     393.00000000000    1.0000000325280
     394.00000000000    1.0000000325280
     395.00000000000    1.0000000325280
     396.00000000000    1.0000000325280
     397.00000000000    1.0000000325280
     398.00000000000    1.0000000325280
     399.00000000000    1.0000000325280
     400.00000000000    1.0000000325280
     401.00000000000    1.0000000325280
     402.00000000000    1.0000000325280
     403.00000000000    1.0000000325280
     404.00000000000    1.0000000325280
     405.00000000000    1.0000000325280
     406.00000000000    1.0000000325280
     407.00000000000    1.0000000325280
     408.00000000000    1.0000000325280
     409.00000000000    1.0000000325280
     410.00000000000    1.0000000325280
     411.00000000000    1.0000000325280
     412.00000000000    1.0000000325280
     413.00000000000    1.0000000325280
     414.00000000000    1.0000000325280
     415.00000000000    1.0000000325280
     416.00000000000    1.0000000325280
     417.00000000000    1.0000000325280
     418.00000000000    1.0000000325280
     419.00000000000    1.0000000325280
     420.00000000000    1.0000000325280
     421.00000000000    1.0000000325280
     422.00000000000    1.0000000325280
     423.00000000000    1.0000000325280
     424.00000000000    1.0000000325280
     425.00000000000    1.0000000325280
     426.00000000000    1.0000000325280
     427.00000000000    1.0000000325280
     428.00000000000    1.0000000325280
     429.00000000000    1.0000000325280
     430.00000000000    1.0000000325280
     431.00000000000    1.0000000325280
     432.00000000000    1.0000000325280
     433.00000000000    1.0000000325280
     434.00000000000    1.0000000325280
     435.00000000000    1.0000000325280
     436.00000000000    1.0000000325280
     437.00000000000    1.0000000325280
     438.00000000000    1.0000000325280
     439.00000000000    1.0000000325280
     440.00000000000    1.0000000325280
     441.00000000000    1.0000000325280
     442.00000000000    1.0000000325280
     443.00000000000    1.0000000325280
     444.00000000000    1.0000000325280
     445.00000000000    1.0000000325280
     446.00000000000    1.0000000325280
     447.00000000000    1.0000000325280
     448.00000000000    1.0000000325280
     449.00000000000    1.0000000325280
     450.00000000000    1.0000000325280
     451.00000000000    1.0000000325280
     452.00000000000    1.0000000325280
     453.00000000000    1.0000000325280
     454.00000000000    1.0000000325280
     455.00000000000    1.0000000325280
     456.00000000000    1.0000000325280
     457.00000000000    1.0000000325280
     458.00000000000    1.0000000325280
     459.00000000000    1.0000000325280
     460.00000000000    1.0000000325280
     461.00000000000    1.0000000325280
     462.00000000000    1.0000000325280
     463.00000000000    1.0000000325280
     464.00000000000    1.0000000325280
     465.00000000000    1.0000000325280
     466.00000000000    1.0000000325280
     467.00000000000    1.0000000325280
     468.00000000000    1.0000000325280
     469.00000000000    1.0000000325280
     470.00000000000    1.0000000325280
     471.00000000000    1.0000000325280
     472.00000000000    1.0000000325280
     473.00000000000    1.0000000325280
     474.00000000000    1.0000000325280
     475.00000000000    1.0000000325280
     476.00000000000    1.0000000325280
     477.00000000000    1.0000000325280
     478.00000000000    1.0000000325280
     479.00000000000    1.0000000325280
     480.00000000000    1.0000000325280
     481.00000000000    1.0000000325280
     482.00000000000    1.0000000325280
     483.00000000000    1.0000000325280
     484.00000000000    1.0000000325280
     485.00000000000    1.0000000325280
     486.00000000000    1.0000000325280
     487.00000000000    1.0000000325280
     488.00000000000    1.0000000325280
     489.00000000000    1.0000000325280
     490.00000000000    1.0000000325280
     491.00000000000    1.0000000325280
     492.00000000000    1.0000000325280
     493.00000000000    1.0000000325280
     494.00000000000    1.0000000325280
     495.00000000000    1.0000000325280
     496.00000000000    1.0000000325280
     497.00000000000    1.0000000325280
     498.00000000000    1.0000000325280
     499.00000000000    1.0000000325280
     500.00000000000    1.0000000325280
