    -500.00000000000    1.0000000325280
    -499.00000000000    1.0000000325280
    -498.00000000000    1.0000000325280
    -497.00000000000    1.0000000325280
    -496.00000000000    1.0000000325280
    -495.00000000000    1.0000000325280
    -494.00000000000    1.0000000325280
    -493.00000000000    1.0000000325280
    -492.00000000000    1.0000000325280
    -491.00000000000    1.0000000325280
    -490.00000000000    1.0000000325280
    -489.00000000000    1.0000000325280
    -488.00000000000    1.0000000325280
    -487.00000000000    1.0000000325280
    -486.00000000000    1.0000000325280
    -485.00000000000    1.0000000325280
    -484.00000000000    1.0000000325280
    -483.00000000000    1.0000000325280
    -482.00000000000    1.0000000325280
    -481.00000000000    1.0000000325280
    -480.00000000000    1.0000000325280
    -479.00000000000    1.0000000325280
    -478.00000000000    1.0000000325280
    -477.00000000000    1.0000000325280
    -476.00000000000    1.0000000325280
    -475.00000000000    1.0000000325280
    -474.00000000000    1.0000000325280
    -473.00000000000    1.0000000325280
    -472.00000000000    1.0000000325280
    -471.00000000000    1.0000000325280
    -470.00000000000    1.0000000325280
    -469.00000000000    1.0000000325280
    -468.00000000000    1.0000000325280
    -467.00000000000    1.0000000325280
    -466.00000000000    1.0000000325280
    -465.00000000000    1.0000000325280
    -464.00000000000    1.0000000325280
    -463.00000000000    1.0000000325280
    -462.00000000000    1.0000000325280
    -461.00000000000    1.0000000325280
    -460.00000000000    1.0000000325280
    -459.00000000000    1.0000000325280
    -458.00000000000    1.0000000325280
    -457.00000000000    1.0000000325280
    -456.00000000000    1.0000000325280
    -455.00000000000    1.0000000325280
    -454.00000000000    1.0000000325280
    -453.00000000000    1.0000000325280
    -452.00000000000    1.0000000325280
    -451.00000000000    1.0000000325280
    -450.00000000000    1.0000000325280
    -449.00000000000    1.0000000325280
    -448.00000000000    1.0000000325280
    -447.00000000000    1.0000000325280
    -446.00000000000    1.0000000325280
    -445.00000000000    1.0000000325280
    -444.00000000000    1.0000000325280
    -443.00000000000    1.0000000325280
    -442.00000000000    1.0000000325280
    -441.00000000000    1.0000000325280
    -440.00000000000    1.0000000325280
    -439.00000000000    1.0000000325280
    -438.00000000000    1.0000000325280
    -437.00000000000    1.0000000325280
    -436.00000000000    1.0000000325280
    -435.00000000000    1.0000000325280
    -434.00000000000    1.0000000325280
    -433.00000000000    1.0000000325280
    -432.00000000000    1.0000000325280
    -431.00000000000    1.0000000325280
    -430.00000000000    1.0000000325280
    -429.00000000000    1.0000000325280
    -428.00000000000    1.0000000325280
    -427.00000000000    1.0000000325280
    -426.00000000000    1.0000000325280
    -425.00000000000    1.0000000325280
    -424.00000000000    1.0000000325280
    -423.00000000000    1.0000000325280
    -422.00000000000    1.0000000325280
    -421.00000000000    1.0000000325280
    -420.00000000000    1.0000000325280
    -419.00000000000    1.0000000325280
    -418.00000000000    1.0000000325280
    -417.00000000000    1.0000000325280
    -416.00000000000    1.0000000325280
    -415.00000000000    1.0000000325280
    -414.00000000000    1.0000000325280
    -413.00000000000    1.0000000325280
    -412.00000000000    1.0000000325280
    -411.00000000000    1.0000000325280
    -410.00000000000    1.0000000325280
    -409.00000000000    1.0000000325280
    -408.00000000000    1.0000000325280
    -407.00000000000    1.0000000325280
    -406.00000000000    1.0000000325280
    -405.00000000000    1.0000000325280
    -404.00000000000    1.0000000325280
    -403.00000000000    1.0000000325280
    -402.00000000000    1.0000000325280
    -401.00000000000    1.0000000325280
    -400.00000000000    1.0000000325280
    -399.00000000000    1.0000000325280
    -398.00000000000    1.0000000325280
    -397.00000000000    1.0000000325280
    -396.00000000000    1.0000000325280
    -395.00000000000    1.0000000325280
    -394.00000000000    1.0000000325280
    -393.00000000000    1.0000000325280
    -392.00000000000    1.0000000325280
    -391.00000000000    1.0000000325280
    -390.00000000000    1.0000000325280
    -389.00000000000    1.0000000325280
    -388.00000000000    1.0000000325280
    -387.00000000000    1.0000000325280
    -386.00000000000    1.0000000325280
    -385.00000000000    1.0000000325280
    -384.00000000000    1.0000000325280
    -383.00000000000    1.0000000325280
    -382.00000000000    1.0000000325280
    -381.00000000000    1.0000000325280
    -380.00000000000    1.0000000325280
    -379.00000000000    1.0000000325280
    -378.00000000000    1.0000000325280
    -377.00000000000    1.0000000325280
    -376.00000000000    1.0000000325280
    -375.00000000000    1.0000000325280
    -374.00000000000    1.0000000325280
    -373.00000000000    1.0000000325280
    -372.00000000000    1.0000000325280
    -371.00000000000    1.0000000325280
    -370.00000000000    1.0000000325280
    -369.00000000000    1.0000000325280
    -368.00000000000    1.0000000325280
    -367.00000000000    1.0000000325280
    -366.00000000000    1.0000000325280
    -365.00000000000    1.0000000325280
    -364.00000000000    1.0000000325280
    -363.00000000000    1.0000000325280
    -362.00000000000    1.0000000325280
    -361.00000000000    1.0000000325280
    -360.00000000000    1.0000000325280
    -359.00000000000    1.0000000325280
    -358.00000000000    1.0000000325280
    -357.00000000000    1.0000000325280
    -356.00000000000    1.0000000325280
    -355.00000000000    1.0000000325280
    -354.00000000000    1.0000000325280
    -353.00000000000    1.0000000325280
    -352.00000000000    1.0000000325280
    -351.00000000000    1.0000000325280
    -350.00000000000    1.0000000325280
    -349.00000000000    1.0000000325280
    -348.00000000000    1.0000000325280
    -347.00000000000    1.0000000325280
    -346.00000000000    1.0000000325280
    -345.00000000000    1.0000000325280
    -344.00000000000    1.0000000325280
    -343.00000000000    1.0000000325280
    -342.00000000000    1.0000000325280
    -341.00000000000    1.0000000325280
    -340.00000000000    1.0000000325280
    -339.00000000000    1.0000000325280
    -338.00000000000    1.0000000325280
    -337.00000000000    1.0000000325280
    -336.00000000000    1.0000000325280
    -335.00000000000    1.0000000325280
    -334.00000000000    1.0000000325280
    -333.00000000000    1.0000000325280
    -332.00000000000    1.0000000325280
    -331.00000000000    1.0000000325280
    -330.00000000000    1.0000000325280
    -329.00000000000    1.0000000325280
    -328.00000000000    1.0000000325280
    -327.00000000000    1.0000000325280
    -326.00000000000    1.0000000325280
    -325.00000000000    1.0000000325280
    -324.00000000000    1.0000000325280
    -323.00000000000    1.0000000325280
    -322.00000000000    1.0000000325280
    -321.00000000000    1.0000000325280
    -320.00000000000    1.0000000325280
    -319.00000000000    1.0000000325280
    -318.00000000000    1.0000000325280
    -317.00000000000    1.0000000325280
    -316.00000000000    1.0000000325280
    -315.00000000000    1.0000000325280
    -314.00000000000    1.0000000325280
    -313.00000000000    1.0000000325280
    -312.00000000000    1.0000000325280
    -311.00000000000    1.0000000325280
    -310.00000000000    1.0000000325280
    -309.00000000000    1.0000000325280
    -308.00000000000    1.0000000325280
    -307.00000000000    1.0000000325280
    -306.00000000000    1.0000000325280
    -305.00000000000    1.0000000325280
    -304.00000000000    1.0000000325280
    -303.00000000000    1.0000000325280
    -302.00000000000    1.0000000325280
    -301.00000000000    1.0000000325280
    -300.00000000000    1.0000000325280
    -299.00000000000    1.0000000325280
    -298.00000000000    1.0000000325280
    -297.00000000000    1.0000000325280
    -296.00000000000    1.0000000325280
    -295.00000000000    1.0000000325280
    -294.00000000000    1.0000000325280
    -293.00000000000    1.0000000325280
    -292.00000000000    1.0000000325280
    -291.00000000000    1.0000000325280
    -290.00000000000    1.0000000325280
    -289.00000000000    1.0000000325280
    -288.00000000000    1.0000000325280
    -287.00000000000    1.0000000325280
    -286.00000000000    1.0000000325280
    -285.00000000000    1.0000000325280
    -284.00000000000    1.0000000325280
    -283.00000000000    1.0000000325280
    -282.00000000000    1.0000000325280
    -281.00000000000    1.0000000325280
    -280.00000000000    1.0000000325280
    -279.00000000000    1.0000000325280
    -278.00000000000    1.0000000325280
    -277.00000000000    1.0000000325280
    -276.00000000000    1.0000000325280
    -275.00000000000    1.0000000325280
    -274.00000000000    1.0000000325280
    -273.00000000000    1.0000000325280
    -272.00000000000    1.0000000325280
    -271.00000000000    1.0000000325280
    -270.00000000000    1.0000000325280
    -269.00000000000    1.0000000325280
    -268.00000000000    1.0000000325280
    -267.00000000000    1.0000000325280
    -266.00000000000    1.0000000325280
    -265.00000000000    1.0000000325280
    -264.00000000000    1.0000000325280
    -263.00000000000    1.0000000325280
    -262.00000000000    1.0000000325280
    -261.00000000000    1.0000000325280
    -260.00000000000    1.0000000325279
    -259.00000000000    1.0000000325275
    -258.00000000000    1.0000000325261
    -257.00000000000    1.0000000325213
    -256.00000000000    1.0000000325047
    -255.00000000000    1.0000000324502
    -254.00000000000    1.0000000322796
    -253.00000000000    1.0000000317679
    -252.00000000000    1.0000000302996
    -251.00000000000    1.0000000262668
    -250.00000000000    1.0000000156657
    -249.00000000000   0.99999998899130
    -248.00000000000   0.99999992473954
    -247.00000000000   0.99999977656709
    -246.00000000000   0.99999944937952
    -245.00000000000   0.99999875749307
    -244.00000000000   0.99999735612609
    -243.00000000000   0.99999463700470
    -242.00000000000   0.99998958157923
    -241.00000000000   0.99998057320513
    -240.00000000000   0.99996518389512
    -239.00000000000   0.99993997109455
    -238.00000000000   0.99990034125026
    -237.00000000000   0.99984055197681
    -236.00000000000   0.99975392350457
    -235.00000000000   0.99963330451741
    -234.00000000000   0.99947178562594
    -233.00000000000   0.99926358415499
    -232.00000000000   0.99900495588131
    -231.00000000000   0.99869494764142
    -230.00000000000   0.99833581024030
    -229.00000000000   0.99793295075074
    -228.00000000000   0.99749440448623
    -227.00000000000   0.99702992014731
    -226.00000000000   0.99654984109693
    -225.00000000000   0.99606400344288
    -224.00000000000   0.99558084839648
    -223.00000000000   0.99510687449323
    -222.00000000000   0.99464646197267
    -221.00000000000   0.99420201729136
    -220.00000000000   0.99377433240129
    -219.00000000000   0.99336303859492
    -218.00000000000   0.99296705217809
    -217.00000000000   0.99258494475063
    -216.00000000000   0.99221520929685
    -215.00000000000   0.99185642377685
    -214.00000000000   0.99150733187967
    -213.00000000000   0.99116686677402
    -212.00000000000   0.99083414172043
    -211.00000000000   0.99050842549894
    -210.00000000000   0.99018911403066
    -209.00000000000   0.98987570416171
    -208.00000000000   0.98956777192962
    -207.00000000000   0.98926495558228
    -206.00000000000   0.98896694270485
    -205.00000000000   0.98867346056000
    -204.00000000000   0.98838426881239
    -203.00000000000   0.98809915398027
    -202.00000000000   0.98781792513287
    -201.00000000000   0.98754041049451
    -200.00000000000   0.98726645471953
    -199.00000000000   0.98699591667346
    -198.00000000000   0.98672866760340
    -197.00000000000   0.98646458961325
    -196.00000000000   0.98620357438093
    -195.00000000000   0.98594552207066
    -194.00000000000   0.98569034040386
    -193.00000000000   0.98543794386044
    -192.00000000000   0.98518825298828
    -191.00000000000   0.98494119380293
    -190.00000000000   0.98469669726329
    -189.00000000000   0.98445469881160
    -188.00000000000   0.98421513796811
    -187.00000000000   0.98397795797255
    -186.00000000000   0.98374310546591
    -185.00000000000   0.98351053020697
    -184.00000000000   0.98328018481898
    -183.00000000000   0.98305202456267
    -182.00000000000   0.98282600713222
    -181.00000000000   0.98260209247133
    -180.00000000000   0.98238024260715
    -179.00000000000   0.98216042149977
    -178.00000000000   0.98194259490565
    -177.00000000000   0.98172673025339
    -176.00000000000   0.98151279653042
    -175.00000000000   0.98130076417956
    -174.00000000000   0.98109060500434
    -173.00000000000   0.98088229208215
    -172.00000000000   0.98067579968455
    -171.00000000000   0.98047110320389
    -170.00000000000   0.98026817908576
    -169.00000000000   0.98006700476656
    -168.00000000000   0.97986755861591
    -167.00000000000   0.97966981988328
    -166.00000000000   0.97947376864853
    -165.00000000000   0.97927938577604
    -164.00000000000   0.97908665287205
    -163.00000000000   0.97889555224503
    -162.00000000000   0.97870606686867
    -161.00000000000   0.97851818034749
    -160.00000000000   0.97833187688459
    -159.00000000000   0.97814714125169
    -158.00000000000   0.97796395876090
    -157.00000000000   0.97778231523844
    -156.00000000000   0.97760219699995
    -155.00000000000   0.97742359082729
    -154.00000000000   0.97724648394683
    -153.00000000000   0.97707086400894
    -152.00000000000   0.97689671906880
    -151.00000000000   0.97672403756824
    -150.00000000000   0.97655280831871
    -149.00000000000   0.97638302048515
    -148.00000000000   0.97621466357080
    -147.00000000000   0.97604772740281
    -146.00000000000   0.97588220211876
    -145.00000000000   0.97571807815371
    -144.00000000000   0.97555534622815
    -143.00000000000   0.97539399733641
    -142.00000000000   0.97523402273582
    -141.00000000000   0.97507541393630
    -140.00000000000   0.97491816269060
    -139.00000000000   0.97476226098492
    -138.00000000000   0.97460770103009
    -137.00000000000   0.97445447525313
    -136.00000000000   0.97430257628923
    -135.00000000000   0.97415199697414
    -134.00000000000   0.97400273033687
    -133.00000000000   0.97385476959280
    -132.00000000000   0.97370810813709
    -131.00000000000   0.97356273953834
    -130.00000000000   0.97341865753263
    -129.00000000000   0.97327585601775
    -128.00000000000   0.97313432904773
    -127.00000000000   0.97299407082764
    -126.00000000000   0.97285507570853
    -125.00000000000   0.97271733818267
    -124.00000000000   0.97258085287896
    -123.00000000000   0.97244561455857
    -122.00000000000   0.97231161811070
    -121.00000000000   0.97217885854858
    -120.00000000000   0.97204733100561
    -119.00000000000   0.97191703073164
    -118.00000000000   0.97178795308945
    -117.00000000000   0.97166009355134
    -116.00000000000   0.97153344769584
    -115.00000000000   0.97140801120460
    -114.00000000000   0.97128377985935
    -113.00000000000   0.97116074953902
    -112.00000000000   0.97103891621693
    -111.00000000000   0.97091827595817
    -110.00000000000   0.97079882491694
    -109.00000000000   0.97068055933414
    -108.00000000000   0.97056347553496
    -107.00000000000   0.97044756992657
    -106.00000000000   0.97033283899592
   -105.000000000000   0.97021927930762
   -104.000000000000   0.97010688750188
   -103.000000000000   0.96999566029250
   -102.000000000000   0.96988559446501
   -101.000000000000   0.96977668687480
   -100.000000000000   0.96966893444536
    -99.000000000000   0.96956233416655
    -98.000000000000   0.96945688309296
    -97.000000000000   0.96935257834229
    -96.000000000000   0.96924941709387
    -95.000000000000   0.96914739658709
    -94.000000000000   0.96904651412001
    -93.000000000000   0.96894676704799
    -92.000000000000   0.96884815278229
    -91.000000000000   0.96875066878882
    -90.000000000000   0.96865431258685
    -89.000000000000   0.96855908174782
    -88.000000000000   0.96846497389418
    -87.000000000000   0.96837198669821
    -86.000000000000   0.96828011788095
    -85.000000000000   0.96818936521115
    -84.000000000000   0.96809972650421
    -83.000000000000   0.96801119962119
    -82.000000000000   0.96792378246788
    -81.000000000000   0.96783747299382
    -80.000000000000   0.96775226919141
    -79.000000000000   0.96766816909506
    -78.000000000000   0.96758517078031
    -77.000000000000   0.96750327236301
    -76.000000000000   0.96742247199854
    -75.000000000000   0.96734276788103
    -74.000000000000   0.96726415824262
    -73.000000000000   0.96718664135269
    -72.000000000000   0.96711021551724
    -71.000000000000   0.96703487907812
    -70.000000000000   0.96696063041243
    -69.000000000000   0.96688746793185
    -68.000000000000   0.96681539008203
    -67.000000000000   0.96674439534199
    -66.000000000000   0.96667448222351
    -65.000000000000   0.96660564927060
    -64.000000000000   0.96653789505891
    -63.000000000000   0.96647121819525
    -62.000000000000   0.96640561731701
    -61.000000000000   0.96634109109170
    -60.000000000000   0.96627763821645
    -59.000000000000   0.96621525741756
    -58.000000000000   0.96615394744999
    -57.000000000000   0.96609370709695
    -56.000000000000   0.96603453516949
    -55.000000000000   0.96597643050603
    -54.000000000000   0.96591939197201
    -53.000000000000   0.96586341845945
    -52.000000000000   0.96580850888658
    -51.000000000000   0.96575466219750
    -50.000000000000   0.96570187736179
    -49.000000000000   0.96565015337416
    -48.000000000000   0.96559948925416
    -47.000000000000   0.96554988404578
    -46.000000000000   0.96550133681719
    -45.000000000000   0.96545384666043
    -44.000000000000   0.96540741269107
    -43.000000000000   0.96536203404797
    -42.000000000000   0.96531770989299
    -41.000000000000   0.96527443941071
    -40.000000000000   0.96523222180817
    -39.000000000000   0.96519105631462
    -38.000000000000   0.96515094218129
    -37.000000000000   0.96511187868113
    -36.000000000000   0.96507386510862
    -35.000000000000   0.96503690077951
    -34.000000000000   0.96500098503061
    -33.000000000000   0.96496611721963
    -32.000000000000   0.96493229672492
    -31.000000000000   0.96489952294535
    -30.000000000000   0.96486779530006
    -29.000000000000   0.96483711322832
    -28.000000000000   0.96480747618936
    -27.000000000000   0.96477888366219
    -26.000000000000   0.96475133514547
    -25.000000000000   0.96472483015734
    -24.000000000000   0.96469936823526
    -23.000000000000   0.96467494893593
    -22.000000000000   0.96465157183509
    -21.000000000000   0.96462923652745
    -20.000000000000   0.96460794262655
    -19.000000000000   0.96458768976462
    -18.000000000000   0.96456847759252
    -17.000000000000   0.96455030577962
    -16.000000000000   0.96453317401368
    -15.000000000000   0.96451708200079
    -14.000000000000   0.96450202946528
    -13.000000000000   0.96448801614962
    -12.000000000000   0.96447504181437
    -11.000000000000   0.96446310623809
   -10.0000000000000   0.96445220921731
    -9.0000000000000   0.96444235056641
    -8.0000000000000   0.96443353011766
    -7.0000000000000   0.96442574772106
    -6.0000000000000   0.96441900324440
    -5.0000000000000   0.96441329657314
    -4.0000000000000   0.96440862761044
    -3.0000000000000   0.96440499627710
    -2.0000000000000   0.96440240251154
    -1.0000000000000   0.96440084626979
   0.   0.96440032752548
     1.0000000000000   0.96440084626979
     2.0000000000000   0.96440240251154
     3.0000000000000   0.96440499627710
     4.0000000000000   0.96440862761044
     5.0000000000000   0.96441329657314
     6.0000000000000   0.96441900324440
     7.0000000000000   0.96442574772106
     8.0000000000000   0.96443353011766
     9.0000000000000   0.96444235056641
    10.0000000000000   0.96445220921731
     11.000000000000   0.96446310623809
     12.000000000000   0.96447504181437
     13.000000000000   0.96448801614962
     14.000000000000   0.96450202946528
     15.000000000000   0.96451708200079
     16.000000000000   0.96453317401368
     17.000000000000   0.96455030577962
     18.000000000000   0.96456847759252
     19.000000000000   0.96458768976462
     20.000000000000   0.96460794262654
     21.000000000000   0.96462923652745
     22.000000000000   0.96465157183509
     23.000000000000   0.96467494893592
     24.000000000000   0.96469936823526
     25.000000000000   0.96472483015734
     26.000000000000   0.96475133514547
     27.000000000000   0.96477888366219
     28.000000000000   0.96480747618936
     29.000000000000   0.96483711322832
     30.000000000000   0.96486779530006
     31.000000000000   0.96489952294535
     32.000000000000   0.96493229672492
     33.000000000000   0.96496611721963
     34.000000000000   0.96500098503061
     35.000000000000   0.96503690077951
     36.000000000000   0.96507386510862
     37.000000000000   0.96511187868113
     38.000000000000   0.96515094218129
     39.000000000000   0.96519105631462
     40.000000000000   0.96523222180817
     41.000000000000   0.96527443941071
     42.000000000000   0.96531770989299
     43.000000000000   0.96536203404797
     44.000000000000   0.96540741269107
     45.000000000000   0.96545384666043
     46.000000000000   0.96550133681719
     47.000000000000   0.96554988404578
     48.000000000000   0.96559948925416
     49.000000000000   0.96565015337416
     50.000000000000   0.96570187736179
     51.000000000000   0.96575466219750
     52.000000000000   0.96580850888658
     53.000000000000   0.96586341845945
     54.000000000000   0.96591939197201
     55.000000000000   0.96597643050603
     56.000000000000   0.96603453516949
     57.000000000000   0.96609370709695
     58.000000000000   0.96615394744998
     59.000000000000   0.96621525741756
     60.000000000000   0.96627763821646
     61.000000000000   0.96634109109170
     62.000000000000   0.96640561731701
     63.000000000000   0.96647121819525
     64.000000000000   0.96653789505891
     65.000000000000   0.96660564927060
     66.000000000000   0.96667448222351
     67.000000000000   0.96674439534199
     68.000000000000   0.96681539008204
     69.000000000000   0.96688746793185
     70.000000000000   0.96696063041243
     71.000000000000   0.96703487907812
     72.000000000000   0.96711021551724
     73.000000000000   0.96718664135269
     74.000000000000   0.96726415824261
     75.000000000000   0.96734276788103
     76.000000000000   0.96742247199854
     77.000000000000   0.96750327236301
     78.000000000000   0.96758517078031
     79.000000000000   0.96766816909506
     80.000000000000   0.96775226919141
     81.000000000000   0.96783747299381
     82.000000000000   0.96792378246788
     83.000000000000   0.96801119962119
     84.000000000000   0.96809972650421
     85.000000000000   0.96818936521115
     86.000000000000   0.96828011788095
     87.000000000000   0.96837198669821
     88.000000000000   0.96846497389418
     89.000000000000   0.96855908174782
     90.000000000000   0.96865431258685
     91.000000000000   0.96875066878882
     92.000000000000   0.96884815278229
     93.000000000000   0.96894676704799
     94.000000000000   0.96904651412001
     95.000000000000   0.96914739658709
     96.000000000000   0.96924941709387
     97.000000000000   0.96935257834229
     98.000000000000   0.96945688309296
     99.000000000000   0.96956233416655
    100.000000000000   0.96966893444536
    101.000000000000   0.96977668687480
    102.000000000000   0.96988559446501
    103.000000000000   0.96999566029250
    104.000000000000   0.97010688750188
    105.000000000000   0.97021927930762
     106.00000000000   0.97033283899592
     107.00000000000   0.97044756992657
     108.00000000000   0.97056347553496
     109.00000000000   0.97068055933414
     110.00000000000   0.97079882491694
     111.00000000000   0.97091827595817
     112.00000000000   0.97103891621693
     113.00000000000   0.97116074953902
     114.00000000000   0.97128377985935
     115.00000000000   0.97140801120460
     116.00000000000   0.97153344769584
     117.00000000000   0.97166009355134
     118.00000000000   0.97178795308945
     119.00000000000   0.97191703073164
     120.00000000000   0.97204733100561
     121.00000000000   0.97217885854858
     122.00000000000   0.97231161811070
     123.00000000000   0.97244561455857
     124.00000000000   0.97258085287896
     125.00000000000   0.97271733818267
     126.00000000000   0.97285507570853
     127.00000000000   0.97299407082764
     128.00000000000   0.97313432904773
     129.00000000000   0.97327585601775
     130.00000000000   0.97341865753263
     131.00000000000   0.97356273953834
     132.00000000000   0.97370810813709
     133.00000000000   0.97385476959280
     134.00000000000   0.97400273033686
     135.00000000000   0.97415199697414
     136.00000000000   0.97430257628923
     137.00000000000   0.97445447525313
     138.00000000000   0.97460770103009
     139.00000000000   0.97476226098492
     140.00000000000   0.97491816269060
     141.00000000000   0.97507541393630
     142.00000000000   0.97523402273582
     143.00000000000   0.97539399733641
     144.00000000000   0.97555534622815
     145.00000000000   0.97571807815371
     146.00000000000   0.97588220211876
     147.00000000000   0.97604772740281
     148.00000000000   0.97621466357080
     149.00000000000   0.97638302048515
     150.00000000000   0.97655280831871
     151.00000000000   0.97672403756824
     152.00000000000   0.97689671906880
     153.00000000000   0.97707086400894
     154.00000000000   0.97724648394683
     155.00000000000   0.97742359082729
     156.00000000000   0.97760219699995
     157.00000000000   0.97778231523844
     158.00000000000   0.97796395876090
     159.00000000000   0.97814714125169
     160.00000000000   0.97833187688460
     161.00000000000   0.97851818034749
     162.00000000000   0.97870606686867
     163.00000000000   0.97889555224503
     164.00000000000   0.97908665287205
     165.00000000000   0.97927938577603
     166.00000000000   0.97947376864853
     167.00000000000   0.97966981988328
     168.00000000000   0.97986755861591
     169.00000000000   0.98006700476656
     170.00000000000   0.98026817908576
     171.00000000000   0.98047110320389
     172.00000000000   0.98067579968455
     173.00000000000   0.98088229208215
     174.00000000000   0.98109060500434
     175.00000000000   0.98130076417956
     176.00000000000   0.98151279653042
     177.00000000000   0.98172673025339
     178.00000000000   0.98194259490565
     179.00000000000   0.98216042149977
     180.00000000000   0.98238024260715
     181.00000000000   0.98260209247133
     182.00000000000   0.98282600713221
     183.00000000000   0.98305202456267
     184.00000000000   0.98328018481898
     185.00000000000   0.98351053020697
     186.00000000000   0.98374310546591
     187.00000000000   0.98397795797255
     188.00000000000   0.98421513796811
     189.00000000000   0.98445469881160
     190.00000000000   0.98469669726329
     191.00000000000   0.98494119380293
     192.00000000000   0.98518825298828
     193.00000000000   0.98543794386044
     194.00000000000   0.98569034040385
     195.00000000000   0.98594552207066
     196.00000000000   0.98620357438093
     197.00000000000   0.98646458961325
     198.00000000000   0.98672866760340
     199.00000000000   0.98699591667346
     200.00000000000   0.98726645471953
     201.00000000000   0.98754041049451
     202.00000000000   0.98781792513287
     203.00000000000   0.98809915398027
     204.00000000000   0.98838426881239
     205.00000000000   0.98867346056000
     206.00000000000   0.98896694270485
     207.00000000000   0.98926495558228
     208.00000000000   0.98956777192962
     209.00000000000   0.98987570416171
     210.00000000000   0.99018911403066
     211.00000000000   0.99050842549894
     212.00000000000   0.99083414172043
     213.00000000000   0.99116686677402
     214.00000000000   0.99150733187967
     215.00000000000   0.99185642377685
     216.00000000000   0.99221520929685
     217.00000000000   0.99258494475063
     218.00000000000   0.99296705217809
     219.00000000000   0.99336303859492
     220.00000000000   0.99377433240129
     221.00000000000   0.99420201729136
     222.00000000000   0.99464646197267
     223.00000000000   0.99510687449323
     224.00000000000   0.99558084839648
     225.00000000000   0.99606400344288
     226.00000000000   0.99654984109693
     227.00000000000   0.99702992014731
     228.00000000000   0.99749440448623
     229.00000000000   0.99793295075074
     230.00000000000   0.99833581024029
     231.00000000000   0.99869494764142
     232.00000000000   0.99900495588131
     233.00000000000   0.99926358415499
     234.00000000000   0.99947178562594
     235.00000000000   0.99963330451741
     236.00000000000   0.99975392350457
     237.00000000000   0.99984055197681
     238.00000000000   0.99990034125026
     239.00000000000   0.99993997109455
     240.00000000000   0.99996518389512
     241.00000000000   0.99998057320513
     242.00000000000   0.99998958157923
     243.00000000000   0.99999463700470
     244.00000000000   0.99999735612609
     245.00000000000   0.99999875749307
     246.00000000000   0.99999944937952
     247.00000000000   0.99999977656709
     248.00000000000   0.99999992473954
     249.00000000000   0.99999998899130
     250.00000000000    1.0000000156657
     251.00000000000    1.0000000262668
     252.00000000000    1.0000000302996
     253.00000000000    1.0000000317679
     254.00000000000    1.0000000322796
     255.00000000000    1.0000000324502
     256.00000000000    1.0000000325047
     257.00000000000    1.0000000325213
     258.00000000000    1.0000000325261
     259.00000000000    1.0000000325275
     260.00000000000    1.0000000325279
     261.00000000000    1.0000000325280
     262.00000000000    1.0000000325280
     263.00000000000    1.0000000325280
     264.00000000000    1.0000000325280
     265.00000000000    1.0000000325280
     266.00000000000    1.0000000325280
     267.00000000000    1.0000000325280
     268.00000000000    1.0000000325280
     269.00000000000    1.0000000325280
     270.00000000000    1.0000000325280
     271.00000000000    1.0000000325280
     272.00000000000    1.0000000325280
     273.00000000000    1.0000000325280
     274.00000000000    1.0000000325280
     275.00000000000    1.0000000325280
     276.00000000000    1.0000000325280
     277.00000000000    1.0000000325280
     278.00000000000    1.0000000325280
     279.00000000000    1.0000000325280
     280.00000000000    1.0000000325280
     281.00000000000    1.0000000325280
     282.00000000000    1.0000000325280
     283.00000000000    1.0000000325280
     284.00000000000    1.0000000325280
     285.00000000000    1.0000000325280
     286.00000000000    1.0000000325280
     287.00000000000    1.0000000325280
     288.00000000000    1.0000000325280
     289.00000000000    1.0000000325280
     290.00000000000    1.0000000325280
     291.00000000000    1.0000000325280
     292.00000000000    1.0000000325280
     293.00000000000    1.0000000325280
     294.00000000000    1.0000000325280
     295.00000000000    1.0000000325280
     296.00000000000    1.0000000325280
     297.00000000000    1.0000000325280
     298.00000000000    1.0000000325280
     299.00000000000    1.0000000325280
     300.00000000000    1.0000000325280
     301.00000000000    1.0000000325280
     302.00000000000    1.0000000325280
     303.00000000000    1.0000000325280
     304.00000000000    1.0000000325280
     305.00000000000    1.0000000325280
     306.00000000000    1.0000000325280
     307.00000000000    1.0000000325280
     308.00000000000    1.0000000325280
     309.00000000000    1.0000000325280
     310.00000000000    1.0000000325280
     311.00000000000    1.0000000325280
     312.00000000000    1.0000000325280
     313.00000000000    1.0000000325280
     314.00000000000    1.0000000325280
     315.00000000000    1.0000000325280
     316.00000000000    1.0000000325280
     317.00000000000    1.0000000325280
     318.00000000000    1.0000000325280
     319.00000000000    1.0000000325280
     320.00000000000    1.0000000325280
     321.00000000000    1.0000000325280
     322.00000000000    1.0000000325280
     323.00000000000    1.0000000325280
     324.00000000000    1.0000000325280
     325.00000000000    1.0000000325280
     326.00000000000    1.0000000325280
     327.00000000000    1.0000000325280
     328.00000000000    1.0000000325280
     329.00000000000    1.0000000325280
     330.00000000000    1.0000000325280
     331.00000000000    1.0000000325280
     332.00000000000    1.0000000325280
     333.00000000000    1.0000000325280
     334.00000000000    1.0000000325280
     335.00000000000    1.0000000325280
     336.00000000000    1.0000000325280
     337.00000000000    1.0000000325280
     338.00000000000    1.0000000325280
     339.00000000000    1.0000000325280
     340.00000000000    1.0000000325280
     341.00000000000    1.0000000325280
     342.00000000000    1.0000000325280
     343.00000000000    1.0000000325280
     344.00000000000    1.0000000325280
     345.00000000000    1.0000000325280
     346.00000000000    1.0000000325280
     347.00000000000    1.0000000325280
     348.00000000000    1.0000000325280
     349.00000000000    1.0000000325280
     350.00000000000    1.0000000325280
     351.00000000000    1.0000000325280
     352.00000000000    1.0000000325280
     353.00000000000    1.0000000325280
     354.00000000000    1.0000000325280
     355.00000000000    1.0000000325280
     356.00000000000    1.0000000325280
     357.00000000000    1.0000000325280
     358.00000000000    1.0000000325280
     359.00000000000    1.0000000325280
     360.00000000000    1.0000000325280
     361.00000000000    1.0000000325280
     362.00000000000    1.0000000325280
     363.00000000000    1.0000000325280
     364.00000000000    1.0000000325280
     365.00000000000    1.0000000325280
     366.00000000000    1.0000000325280
     367.00000000000    1.0000000325280
     368.00000000000    1.0000000325280
     369.00000000000    1.0000000325280
     370.00000000000    1.0000000325280
     371.00000000000    1.0000000325280
     372.00000000000    1.0000000325280
     373.00000000000    1.0000000325280
     374.00000000000    1.0000000325280
     375.00000000000    1.0000000325280
     376.00000000000    1.0000000325280
     377.00000000000    1.0000000325280
     378.00000000000    1.0000000325280
     379.00000000000    1.0000000325280
     380.00000000000    1.0000000325280
     381.00000000000    1.0000000325280
     382.00000000000    1.0000000325280
     383.00000000000    1.0000000325280
     384.00000000000    1.0000000325280
     385.00000000000    1.0000000325280
     386.00000000000    1.0000000325280
     387.00000000000    1.0000000325280
     388.00000000000    1.0000000325280
     389.00000000000    1.0000000325280
     390.00000000000    1.0000000325280
     391.00000000000    1.0000000325280
     392.00000000000    1.0000000325280
     393.00000000000    1.0000000325280
     394.00000000000    1.0000000325280
     395.00000000000    1.0000000325280
     396.00000000000    1.0000000325280
     397.00000000000    1.0000000325280
     398.00000000000    1.0000000325280
     399.00000000000    1.0000000325280
     400.00000000000    1.0000000325280
     401.00000000000    1.0000000325280
     402.00000000000    1.0000000325280
     403.00000000000    1.0000000325280
     404.00000000000    1.0000000325280
     405.00000000000    1.0000000325280
     406.00000000000    1.0000000325280
     407.00000000000    1.0000000325280
     408.00000000000    1.0000000325280
     409.00000000000    1.0000000325280
     410.00000000000    1.0000000325280
     411.00000000000    1.0000000325280
     412.00000000000    1.0000000325280
     413.00000000000    1.0000000325280
     414.00000000000    1.0000000325280
     415.00000000000    1.0000000325280
     416.00000000000    1.0000000325280
     417.00000000000    1.0000000325280
     418.00000000000    1.0000000325280
     419.00000000000    1.0000000325280
     420.00000000000    1.0000000325280
     421.00000000000    1.0000000325280
     422.00000000000    1.0000000325280
     423.00000000000    1.0000000325280
     424.00000000000    1.0000000325280
     425.00000000000    1.0000000325280
     426.00000000000    1.0000000325280
     427.00000000000    1.0000000325280
     428.00000000000    1.0000000325280
     429.00000000000    1.0000000325280
     430.00000000000    1.0000000325280
     431.00000000000    1.0000000325280
     432.00000000000    1.0000000325280
     433.00000000000    1.0000000325280
     434.00000000000    1.0000000325280
     435.00000000000    1.0000000325280
     436.00000000000    1.0000000325280
     437.00000000000    1.0000000325280
     438.00000000000    1.0000000325280
     439.00000000000    1.0000000325280
     440.00000000000    1.0000000325280
     441.00000000000    1.0000000325280
     442.00000000000    1.0000000325280
     443.00000000000    1.0000000325280
     444.00000000000    1.0000000325280
     445.00000000000    1.0000000325280
     446.00000000000    1.0000000325280
     447.00000000000    1.0000000325280
     448.00000000000    1.0000000325280
     449.00000000000    1.0000000325280
     450.00000000000    1.0000000325280
     451.00000000000    1.0000000325280
     452.00000000000    1.0000000325280
     453.00000000000    1.0000000325280
     454.00000000000    1.0000000325280
     455.00000000000    1.0000000325280
     456.00000000000    1.0000000325280
     457.00000000000    1.0000000325280
     458.00000000000    1.0000000325280
     459.00000000000    1.0000000325280
     460.00000000000    1.0000000325280
     461.00000000000    1.0000000325280
     462.00000000000    1.0000000325280
     463.00000000000    1.0000000325280
     464.00000000000    1.0000000325280
     465.00000000000    1.0000000325280
     466.00000000000    1.0000000325280
     467.00000000000    1.0000000325280
     468.00000000000    1.0000000325280
     469.00000000000    1.0000000325280
     470.00000000000    1.0000000325280
     471.00000000000    1.0000000325280
     472.00000000000    1.0000000325280
     473.00000000000    1.0000000325280
     474.00000000000    1.0000000325280
     475.00000000000    1.0000000325280
     476.00000000000    1.0000000325280
     477.00000000000    1.0000000325280
     478.00000000000    1.0000000325280
     479.00000000000    1.0000000325280
     480.00000000000    1.0000000325280
     481.00000000000    1.0000000325280
     482.00000000000    1.0000000325280
     483.00000000000    1.0000000325280
     484.00000000000    1.0000000325280
     485.00000000000    1.0000000325280
     486.00000000000    1.0000000325280
     487.00000000000    1.0000000325280
     488.00000000000    1.0000000325280
     489.00000000000    1.0000000325280
     490.00000000000    1.0000000325280
     491.00000000000    1.0000000325280
     492.00000000000    1.0000000325280
     493.00000000000    1.0000000325280
     494.00000000000    1.0000000325280
     495.00000000000    1.0000000325280
     496.00000000000    1.0000000325280
     497.00000000000    1.0000000325280
     498.00000000000    1.0000000325280
     499.00000000000    1.0000000325280
     500.00000000000    1.0000000325280
