    -500.00000000000    1.0000000325280
    -499.00000000000    1.0000000325280
    -498.00000000000    1.0000000325280
    -497.00000000000    1.0000000325280
    -496.00000000000    1.0000000325280
    -495.00000000000    1.0000000325280
    -494.00000000000    1.0000000325280
    -493.00000000000    1.0000000325280
    -492.00000000000    1.0000000325280
    -491.00000000000    1.0000000325280
    -490.00000000000    1.0000000325280
    -489.00000000000    1.0000000325280
    -488.00000000000    1.0000000325280
    -487.00000000000    1.0000000325280
    -486.00000000000    1.0000000325280
    -485.00000000000    1.0000000325280
    -484.00000000000    1.0000000325280
    -483.00000000000    1.0000000325280
    -482.00000000000    1.0000000325280
    -481.00000000000    1.0000000325280
    -480.00000000000    1.0000000325280
    -479.00000000000    1.0000000325280
    -478.00000000000    1.0000000325280
    -477.00000000000    1.0000000325280
    -476.00000000000    1.0000000325280
    -475.00000000000    1.0000000325280
    -474.00000000000    1.0000000325280
    -473.00000000000    1.0000000325280
    -472.00000000000    1.0000000325280
    -471.00000000000    1.0000000325280
    -470.00000000000    1.0000000325280
    -469.00000000000    1.0000000325280
    -468.00000000000    1.0000000325280
    -467.00000000000    1.0000000325280
    -466.00000000000    1.0000000325280
    -465.00000000000    1.0000000325280
    -464.00000000000    1.0000000325280
    -463.00000000000    1.0000000325280
    -462.00000000000    1.0000000325280
    -461.00000000000    1.0000000325280
    -460.00000000000    1.0000000325280
    -459.00000000000    1.0000000325280
    -458.00000000000    1.0000000325280
    -457.00000000000    1.0000000325280
    -456.00000000000    1.0000000325280
    -455.00000000000    1.0000000325280
    -454.00000000000    1.0000000325280
    -453.00000000000    1.0000000325280
    -452.00000000000    1.0000000325280
    -451.00000000000    1.0000000325280
    -450.00000000000    1.0000000325280
    -449.00000000000    1.0000000325280
    -448.00000000000    1.0000000325280
    -447.00000000000    1.0000000325280
    -446.00000000000    1.0000000325280
    -445.00000000000    1.0000000325280
    -444.00000000000    1.0000000325280
    -443.00000000000    1.0000000325280
    -442.00000000000    1.0000000325280
    -441.00000000000    1.0000000325280
    -440.00000000000    1.0000000325280
    -439.00000000000    1.0000000325280
    -438.00000000000    1.0000000325280
    -437.00000000000    1.0000000325280
    -436.00000000000    1.0000000325280
    -435.00000000000    1.0000000325280
    -434.00000000000    1.0000000325280
    -433.00000000000    1.0000000325280
    -432.00000000000    1.0000000325280
    -431.00000000000    1.0000000325280
    -430.00000000000    1.0000000325280
    -429.00000000000    1.0000000325280
    -428.00000000000    1.0000000325280
    -427.00000000000    1.0000000325280
    -426.00000000000    1.0000000325280
    -425.00000000000    1.0000000325280
    -424.00000000000    1.0000000325280
    -423.00000000000    1.0000000325280
    -422.00000000000    1.0000000325280
    -421.00000000000    1.0000000325280
    -420.00000000000    1.0000000325280
    -419.00000000000    1.0000000325280
    -418.00000000000    1.0000000325280
    -417.00000000000    1.0000000325280
    -416.00000000000    1.0000000325280
    -415.00000000000    1.0000000325280
    -414.00000000000    1.0000000325280
    -413.00000000000    1.0000000325280
    -412.00000000000    1.0000000325280
    -411.00000000000    1.0000000325280
    -410.00000000000    1.0000000325280
    -409.00000000000    1.0000000325280
    -408.00000000000    1.0000000325280
    -407.00000000000    1.0000000325280
    -406.00000000000    1.0000000325280
    -405.00000000000    1.0000000325280
    -404.00000000000    1.0000000325280
    -403.00000000000    1.0000000325280
    -402.00000000000    1.0000000325280
    -401.00000000000    1.0000000325280
    -400.00000000000    1.0000000325280
    -399.00000000000    1.0000000325280
    -398.00000000000    1.0000000325280
    -397.00000000000    1.0000000325280
    -396.00000000000    1.0000000325280
    -395.00000000000    1.0000000325280
    -394.00000000000    1.0000000325280
    -393.00000000000    1.0000000325280
    -392.00000000000    1.0000000325280
    -391.00000000000    1.0000000325280
    -390.00000000000    1.0000000325280
    -389.00000000000    1.0000000325280
    -388.00000000000    1.0000000325280
    -387.00000000000    1.0000000325280
    -386.00000000000    1.0000000325280
    -385.00000000000    1.0000000325280
    -384.00000000000    1.0000000325280
    -383.00000000000    1.0000000325280
    -382.00000000000    1.0000000325280
    -381.00000000000    1.0000000325280
    -380.00000000000    1.0000000325280
    -379.00000000000    1.0000000325280
    -378.00000000000    1.0000000325280
    -377.00000000000    1.0000000325280
    -376.00000000000    1.0000000325280
    -375.00000000000    1.0000000325280
    -374.00000000000    1.0000000325280
    -373.00000000000    1.0000000325280
    -372.00000000000    1.0000000325280
    -371.00000000000    1.0000000325280
    -370.00000000000    1.0000000325280
    -369.00000000000    1.0000000325280
    -368.00000000000    1.0000000325280
    -367.00000000000    1.0000000325280
    -366.00000000000    1.0000000325280
    -365.00000000000    1.0000000325280
    -364.00000000000    1.0000000325280
    -363.00000000000    1.0000000325280
    -362.00000000000    1.0000000325280
    -361.00000000000    1.0000000325280
    -360.00000000000    1.0000000325280
    -359.00000000000    1.0000000325280
    -358.00000000000    1.0000000325280
    -357.00000000000    1.0000000325280
    -356.00000000000    1.0000000325280
    -355.00000000000    1.0000000325280
    -354.00000000000    1.0000000325280
    -353.00000000000    1.0000000325280
    -352.00000000000    1.0000000325280
    -351.00000000000    1.0000000325280
    -350.00000000000    1.0000000325280
    -349.00000000000    1.0000000325280
    -348.00000000000    1.0000000325280
    -347.00000000000    1.0000000325280
    -346.00000000000    1.0000000325280
    -345.00000000000    1.0000000325280
    -344.00000000000    1.0000000325280
    -343.00000000000    1.0000000325280
    -342.00000000000    1.0000000325280
    -341.00000000000    1.0000000325280
    -340.00000000000    1.0000000325280
    -339.00000000000    1.0000000325280
    -338.00000000000    1.0000000325280
    -337.00000000000    1.0000000325280
    -336.00000000000    1.0000000325280
    -335.00000000000    1.0000000325280
    -334.00000000000    1.0000000325280
    -333.00000000000    1.0000000325280
    -332.00000000000    1.0000000325280
    -331.00000000000    1.0000000325280
    -330.00000000000    1.0000000325280
    -329.00000000000    1.0000000325280
    -328.00000000000    1.0000000325280
    -327.00000000000    1.0000000325280
    -326.00000000000    1.0000000325280
    -325.00000000000    1.0000000325280
    -324.00000000000    1.0000000325280
    -323.00000000000    1.0000000325280
    -322.00000000000    1.0000000325280
    -321.00000000000    1.0000000325280
    -320.00000000000    1.0000000325280
    -319.00000000000    1.0000000325280
    -318.00000000000    1.0000000325280
    -317.00000000000    1.0000000325280
    -316.00000000000    1.0000000325280
    -315.00000000000    1.0000000325280
    -314.00000000000    1.0000000325280
    -313.00000000000    1.0000000325280
    -312.00000000000    1.0000000325280
    -311.00000000000    1.0000000325280
    -310.00000000000    1.0000000325280
    -309.00000000000    1.0000000325280
    -308.00000000000    1.0000000325280
    -307.00000000000    1.0000000325280
    -306.00000000000    1.0000000325280
    -305.00000000000    1.0000000325280
    -304.00000000000    1.0000000325280
    -303.00000000000    1.0000000325280
    -302.00000000000    1.0000000325280
    -301.00000000000    1.0000000325280
    -300.00000000000    1.0000000325280
    -299.00000000000    1.0000000325280
    -298.00000000000    1.0000000325280
    -297.00000000000    1.0000000325280
    -296.00000000000    1.0000000325280
    -295.00000000000    1.0000000325280
    -294.00000000000    1.0000000325280
    -293.00000000000    1.0000000325280
    -292.00000000000    1.0000000325280
    -291.00000000000    1.0000000325280
    -290.00000000000    1.0000000325280
    -289.00000000000    1.0000000325280
    -288.00000000000    1.0000000325280
    -287.00000000000    1.0000000325280
    -286.00000000000    1.0000000325280
    -285.00000000000    1.0000000325280
    -284.00000000000    1.0000000325280
    -283.00000000000    1.0000000325280
    -282.00000000000    1.0000000325280
    -281.00000000000    1.0000000325280
    -280.00000000000    1.0000000325280
    -279.00000000000    1.0000000325280
    -278.00000000000    1.0000000325280
    -277.00000000000    1.0000000325280
    -276.00000000000    1.0000000325280
    -275.00000000000    1.0000000325280
    -274.00000000000    1.0000000325280
    -273.00000000000    1.0000000325280
    -272.00000000000    1.0000000325280
    -271.00000000000    1.0000000325280
    -270.00000000000    1.0000000325280
    -269.00000000000    1.0000000325280
    -268.00000000000    1.0000000325280
    -267.00000000000    1.0000000325280
    -266.00000000000    1.0000000325280
    -265.00000000000    1.0000000325280
    -264.00000000000    1.0000000325280
    -263.00000000000    1.0000000325280
    -262.00000000000    1.0000000325280
    -261.00000000000    1.0000000325280
    -260.00000000000    1.0000000325280
    -259.00000000000    1.0000000325280
    -258.00000000000    1.0000000325280
    -257.00000000000    1.0000000325280
    -256.00000000000    1.0000000325280
    -255.00000000000    1.0000000325280
    -254.00000000000    1.0000000325280
    -253.00000000000    1.0000000325280
    -252.00000000000    1.0000000325280
    -251.00000000000    1.0000000325280
    -250.00000000000    1.0000000325280
    -249.00000000000    1.0000000325280
    -248.00000000000    1.0000000325280
    -247.00000000000    1.0000000325280
    -246.00000000000    1.0000000325280
    -245.00000000000    1.0000000325280
    -244.00000000000    1.0000000325280
    -243.00000000000    1.0000000325280
    -242.00000000000    1.0000000325280
    -241.00000000000    1.0000000325280
    -240.00000000000    1.0000000325280
    -239.00000000000    1.0000000325280
    -238.00000000000    1.0000000325280
    -237.00000000000    1.0000000325280
    -236.00000000000    1.0000000325280
    -235.00000000000    1.0000000325280
    -234.00000000000    1.0000000325280
    -233.00000000000    1.0000000325280
    -232.00000000000    1.0000000325280
    -231.00000000000    1.0000000325280
    -230.00000000000    1.0000000325280
    -229.00000000000    1.0000000325280
    -228.00000000000    1.0000000325280
    -227.00000000000    1.0000000325280
    -226.00000000000    1.0000000325280
    -225.00000000000    1.0000000325280
    -224.00000000000    1.0000000325280
    -223.00000000000    1.0000000325280
    -222.00000000000    1.0000000325280
    -221.00000000000    1.0000000325280
    -220.00000000000    1.0000000325280
    -219.00000000000    1.0000000325280
    -218.00000000000    1.0000000325280
    -217.00000000000    1.0000000325280
    -216.00000000000    1.0000000325280
    -215.00000000000    1.0000000325280
    -214.00000000000    1.0000000325280
    -213.00000000000    1.0000000325280
    -212.00000000000    1.0000000325280
    -211.00000000000    1.0000000325280
    -210.00000000000    1.0000000325280
    -209.00000000000    1.0000000325280
    -208.00000000000    1.0000000325280
    -207.00000000000    1.0000000325280
    -206.00000000000    1.0000000325280
    -205.00000000000    1.0000000325280
    -204.00000000000    1.0000000325280
    -203.00000000000    1.0000000325280
    -202.00000000000    1.0000000325280
    -201.00000000000    1.0000000325280
    -200.00000000000    1.0000000325280
    -199.00000000000    1.0000000325280
    -198.00000000000    1.0000000325280
    -197.00000000000    1.0000000325280
    -196.00000000000    1.0000000325280
    -195.00000000000    1.0000000325280
    -194.00000000000    1.0000000325280
    -193.00000000000    1.0000000325280
    -192.00000000000    1.0000000325280
    -191.00000000000    1.0000000325280
    -190.00000000000    1.0000000325280
    -189.00000000000    1.0000000325280
    -188.00000000000    1.0000000325280
    -187.00000000000    1.0000000325280
    -186.00000000000    1.0000000325280
    -185.00000000000    1.0000000325280
    -184.00000000000    1.0000000325280
    -183.00000000000    1.0000000325280
    -182.00000000000    1.0000000325280
    -181.00000000000    1.0000000325280
    -180.00000000000    1.0000000325280
    -179.00000000000    1.0000000325280
    -178.00000000000    1.0000000325279
    -177.00000000000    1.0000000325277
    -176.00000000000    1.0000000325270
    -175.00000000000    1.0000000325243
    -174.00000000000    1.0000000325146
    -173.00000000000    1.0000000324812
    -172.00000000000    1.0000000323721
    -171.00000000000    1.0000000320298
    -170.00000000000    1.0000000310031
    -169.00000000000    1.0000000280554
    -168.00000000000    1.0000000199560
    -167.00000000000   0.99999999865495
    -166.00000000000   0.99999994503109
    -165.00000000000   0.99999981579852
    -164.00000000000   0.99999951760976
    -163.00000000000   0.99999885878268
    -162.00000000000   0.99999746474165
    -161.00000000000   0.99999463937054
    -160.00000000000   0.99998915339886
    -159.00000000000   0.99997894625168
    -158.00000000000   0.99996074349118
    -157.00000000000   0.99992962066454
    -156.00000000000   0.99987858455477
    -155.00000000000   0.99979828632556
    -154.00000000000   0.99967701227826
    -153.00000000000   0.99950109691304
    -152.00000000000   0.99925585266438
    -151.00000000000   0.99892700688838
    -150.00000000000   0.99850249617010
    -149.00000000000   0.99797432920034
    -148.00000000000   0.99734014241676
    -147.00000000000   0.99660408007984
    -146.00000000000   0.99577674749271
    -145.00000000000   0.99487418841699
    -144.00000000000   0.99391606667894
    -143.00000000000   0.99292341537531
    -142.00000000000   0.99191639776088
    -141.00000000000   0.99091248189291
    -140.00000000000   0.98992528971284
    -139.00000000000   0.98896419451970
    -138.00000000000   0.98803456983659
    -137.00000000000   0.98713848249985
    -136.00000000000   0.98627558961618
    -135.00000000000   0.98544403130610
    -134.00000000000   0.98464118084431
    -133.00000000000   0.98386419054751
    -132.00000000000   0.98311033349176
    -131.00000000000   0.98237717820985
    -130.00000000000   0.98166264696987
    -129.00000000000   0.98096500513055
    -128.00000000000   0.98028281775658
    -127.00000000000   0.97961489674422
    -126.00000000000   0.97896025091169
    -125.00000000000   0.97831804413374
    -124.00000000000   0.97768756238946
    -123.00000000000   0.97706818865908
    -122.00000000000   0.97645938402404
    -121.00000000000   0.97586067340028
    -120.00000000000   0.97527163464192
    -119.00000000000   0.97469189008337
    -118.00000000000   0.97412109985921
    -117.00000000000   0.97355895654122
    -116.00000000000   0.97300518076990
    -115.00000000000   0.97245951765124
    -114.00000000000   0.97192173375277
    -113.00000000000   0.97139161457589
    -112.00000000000   0.97086896241179
    -111.00000000000   0.97035359450961
    -110.00000000000   0.96984534150135
    -109.00000000000   0.96934404603965
    -108.00000000000   0.96884956161343
    -107.00000000000   0.96836175151310
    -106.00000000000   0.96788048792246
   -105.000000000000   0.96740565111841
   -104.000000000000   0.96693712876289
   -103.000000000000   0.96647481527428
   -102.000000000000   0.96601861126736
   -101.000000000000   0.96556842305269
   -100.000000000000   0.96512416218799
    -99.000000000000   0.96468574507469
    -98.000000000000   0.96425309259442
    -97.000000000000   0.96382612978041
    -96.000000000000   0.96340478551991
    -95.000000000000   0.96298899228398
    -94.000000000000   0.96257868588161
    -93.000000000000   0.96217380523565
    -92.000000000000   0.96177429217798
    -91.000000000000   0.96138009126208
    -90.000000000000   0.96099114959121
    -89.000000000000   0.96060741666055
    -88.000000000000   0.96022884421196
    -87.000000000000   0.95985538610015
    -86.000000000000   0.95948699816919
    -85.000000000000   0.95912363813831
    -84.000000000000   0.95876526549633
    -83.000000000000   0.95841184140362
    -82.000000000000   0.95806332860134
    -81.000000000000   0.95771969132691
    -80.000000000000   0.95738089523553
    -79.000000000000   0.95704690732695
    -78.000000000000   0.95671769587731
    -77.000000000000   0.95639323037542
    -76.000000000000   0.95607348146327
    -75.000000000000   0.95575842088037
    -74.000000000000   0.95544802141166
    -73.000000000000   0.95514225683861
    -72.000000000000   0.95484110189351
    -71.000000000000   0.95454453221636
    -70.000000000000   0.95425252431454
    -69.000000000000   0.95396505552473
    -68.000000000000   0.95368210397723
    -67.000000000000   0.95340364856220
    -66.000000000000   0.95312966889792
    -65.000000000000   0.95286014530087
    -64.000000000000   0.95259505875743
    -63.000000000000   0.95233439089717
    -62.000000000000   0.95207812396763
    -61.000000000000   0.95182624081045
    -60.000000000000   0.95157872483877
    -59.000000000000   0.95133556001586
    -58.000000000000   0.95109673083484
    -57.000000000000   0.95086222229949
    -56.000000000000   0.95063201990605
    -55.000000000000   0.95040610962590
    -54.000000000000   0.95018447788921
    -53.000000000000   0.94996711156933
    -52.000000000000   0.94975399796800
    -51.000000000000   0.94954512480128
    -50.000000000000   0.94934048018620
    -49.000000000000   0.94914005262802
    -48.000000000000   0.94894383100811
    -47.000000000000   0.94875180457250
    -46.000000000000   0.94856396292085
    -45.000000000000   0.94838029599602
    -44.000000000000   0.94820079407417
    -43.000000000000   0.94802544775523
    -42.000000000000   0.94785424795391
    -41.000000000000   0.94768718589110
    -40.000000000000   0.94752425308563
    -39.000000000000   0.94736544134651
    -38.000000000000   0.94721074276545
    -37.000000000000   0.94706014970977
    -36.000000000000   0.94691365481563
    -35.000000000000   0.94677125098156
    -34.000000000000   0.94663293136235
    -33.000000000000   0.94649868936315
    -32.000000000000   0.94636851863394
    -31.000000000000   0.94624241306414
    -30.000000000000   0.94612036677761
    -29.000000000000   0.94600237412779
    -28.000000000000   0.94588842969315
    -27.000000000000   0.94577852827278
    -26.000000000000   0.94567266488229
    -25.000000000000   0.94557083474984
    -24.000000000000   0.94547303331240
    -23.000000000000   0.94537925621224
    -22.000000000000   0.94528949929352
    -21.000000000000   0.94520375859915
    -20.000000000000   0.94512203036775
    -19.000000000000   0.94504431103086
    -18.000000000000   0.94497059721019
    -17.000000000000   0.94490088571520
    -16.000000000000   0.94483517354064
    -15.000000000000   0.94477345786442
    -14.000000000000   0.94471573604549
    -13.000000000000   0.94466200562194
    -12.000000000000   0.94461226430920
    -11.000000000000   0.94456650999840
   -10.0000000000000   0.94452474075487
    -9.0000000000000   0.94448695481673
    -8.0000000000000   0.94445315059361
    -7.0000000000000   0.94442332666560
    -6.0000000000000   0.94439748178214
    -5.0000000000000   0.94437561486122
    -4.0000000000000   0.94435772498856
    -3.0000000000000   0.94434381141701
    -2.0000000000000   0.94433387356596
    -1.0000000000000   0.94432791102102
   0.   0.94432592353365
     1.0000000000000   0.94432791102102
     2.0000000000000   0.94433387356596
     3.0000000000000   0.94434381141701
     4.0000000000000   0.94435772498856
     5.0000000000000   0.94437561486122
     6.0000000000000   0.94439748178214
     7.0000000000000   0.94442332666560
     8.0000000000000   0.94445315059361
     9.0000000000000   0.94448695481673
    10.0000000000000   0.94452474075487
     11.000000000000   0.94456650999840
     12.000000000000   0.94461226430920
     13.000000000000   0.94466200562194
     14.000000000000   0.94471573604549
     15.000000000000   0.94477345786442
     16.000000000000   0.94483517354064
     17.000000000000   0.94490088571520
     18.000000000000   0.94497059721019
     19.000000000000   0.94504431103086
     20.000000000000   0.94512203036775
     21.000000000000   0.94520375859915
     22.000000000000   0.94528949929352
     23.000000000000   0.94537925621224
     24.000000000000   0.94547303331240
     25.000000000000   0.94557083474984
     26.000000000000   0.94567266488229
     27.000000000000   0.94577852827278
     28.000000000000   0.94588842969315
     29.000000000000   0.94600237412779
     30.000000000000   0.94612036677761
     31.000000000000   0.94624241306414
     32.000000000000   0.94636851863394
     33.000000000000   0.94649868936315
     34.000000000000   0.94663293136235
     35.000000000000   0.94677125098156
     36.000000000000   0.94691365481563
     37.000000000000   0.94706014970977
     38.000000000000   0.94721074276545
     39.000000000000   0.94736544134651
     40.000000000000   0.94752425308563
     41.000000000000   0.94768718589110
     42.000000000000   0.94785424795391
     43.000000000000   0.94802544775523
     44.000000000000   0.94820079407417
     45.000000000000   0.94838029599602
     46.000000000000   0.94856396292085
     47.000000000000   0.94875180457250
     48.000000000000   0.94894383100811
     49.000000000000   0.94914005262802
     50.000000000000   0.94934048018620
     51.000000000000   0.94954512480128
     52.000000000000   0.94975399796800
     53.000000000000   0.94996711156933
     54.000000000000   0.95018447788921
     55.000000000000   0.95040610962590
     56.000000000000   0.95063201990605
     57.000000000000   0.95086222229949
     58.000000000000   0.95109673083484
     59.000000000000   0.95133556001586
     60.000000000000   0.95157872483877
     61.000000000000   0.95182624081045
     62.000000000000   0.95207812396763
     63.000000000000   0.95233439089717
     64.000000000000   0.95259505875743
     65.000000000000   0.95286014530087
     66.000000000000   0.95312966889792
     67.000000000000   0.95340364856220
     68.000000000000   0.95368210397723
     69.000000000000   0.95396505552473
     70.000000000000   0.95425252431454
     71.000000000000   0.95454453221636
     72.000000000000   0.95484110189351
     73.000000000000   0.95514225683861
     74.000000000000   0.95544802141166
     75.000000000000   0.95575842088037
     76.000000000000   0.95607348146327
     77.000000000000   0.95639323037542
     78.000000000000   0.95671769587731
     79.000000000000   0.95704690732695
     80.000000000000   0.95738089523553
     81.000000000000   0.95771969132691
     82.000000000000   0.95806332860134
     83.000000000000   0.95841184140362
     84.000000000000   0.95876526549633
     85.000000000000   0.95912363813831
     86.000000000000   0.95948699816919
     87.000000000000   0.95985538610015
     88.000000000000   0.96022884421196
     89.000000000000   0.96060741666055
     90.000000000000   0.96099114959121
     91.000000000000   0.96138009126208
     92.000000000000   0.96177429217798
     93.000000000000   0.96217380523565
     94.000000000000   0.96257868588161
     95.000000000000   0.96298899228398
     96.000000000000   0.96340478551991
     97.000000000000   0.96382612978041
     98.000000000000   0.96425309259442
     99.000000000000   0.96468574507469
    100.000000000000   0.96512416218799
    101.000000000000   0.96556842305269
    102.000000000000   0.96601861126736
    103.000000000000   0.96647481527428
    104.000000000000   0.96693712876288
    105.000000000000   0.96740565111841
     106.00000000000   0.96788048792246
     107.00000000000   0.96836175151310
     108.00000000000   0.96884956161343
     109.00000000000   0.96934404603965
     110.00000000000   0.96984534150135
     111.00000000000   0.97035359450961
     112.00000000000   0.97086896241179
     113.00000000000   0.97139161457589
     114.00000000000   0.97192173375277
     115.00000000000   0.97245951765124
     116.00000000000   0.97300518076990
     117.00000000000   0.97355895654122
     118.00000000000   0.97412109985921
     119.00000000000   0.97469189008337
     120.00000000000   0.97527163464192
     121.00000000000   0.97586067340028
     122.00000000000   0.97645938402404
     123.00000000000   0.97706818865908
     124.00000000000   0.97768756238946
     125.00000000000   0.97831804413374
     126.00000000000   0.97896025091169
     127.00000000000   0.97961489674422
     128.00000000000   0.98028281775658
     129.00000000000   0.98096500513055
     130.00000000000   0.98166264696987
     131.00000000000   0.98237717820984
     132.00000000000   0.98311033349176
     133.00000000000   0.98386419054751
     134.00000000000   0.98464118084431
     135.00000000000   0.98544403130610
     136.00000000000   0.98627558961618
     137.00000000000   0.98713848249985
     138.00000000000   0.98803456983659
     139.00000000000   0.98896419451970
     140.00000000000   0.98992528971284
     141.00000000000   0.99091248189291
     142.00000000000   0.99191639776088
     143.00000000000   0.99292341537531
     144.00000000000   0.99391606667894
     145.00000000000   0.99487418841699
     146.00000000000   0.99577674749271
     147.00000000000   0.99660408007984
     148.00000000000   0.99734014241676
     149.00000000000   0.99797432920034
     150.00000000000   0.99850249617010
     151.00000000000   0.99892700688838
     152.00000000000   0.99925585266438
     153.00000000000   0.99950109691304
     154.00000000000   0.99967701227826
     155.00000000000   0.99979828632556
     156.00000000000   0.99987858455477
     157.00000000000   0.99992962066454
     158.00000000000   0.99996074349118
     159.00000000000   0.99997894625168
     160.00000000000   0.99998915339886
     161.00000000000   0.99999463937054
     162.00000000000   0.99999746474165
     163.00000000000   0.99999885878268
     164.00000000000   0.99999951760976
     165.00000000000   0.99999981579852
     166.00000000000   0.99999994503109
     167.00000000000   0.99999999865495
     168.00000000000    1.0000000199560
     169.00000000000    1.0000000280554
     170.00000000000    1.0000000310031
     171.00000000000    1.0000000320298
     172.00000000000    1.0000000323721
     173.00000000000    1.0000000324812
     174.00000000000    1.0000000325146
     175.00000000000    1.0000000325243
     176.00000000000    1.0000000325270
     177.00000000000    1.0000000325277
     178.00000000000    1.0000000325279
     179.00000000000    1.0000000325280
     180.00000000000    1.0000000325280
     181.00000000000    1.0000000325280
     182.00000000000    1.0000000325280
     183.00000000000    1.0000000325280
     184.00000000000    1.0000000325280
     185.00000000000    1.0000000325280
     186.00000000000    1.0000000325280
     187.00000000000    1.0000000325280
     188.00000000000    1.0000000325280
     189.00000000000    1.0000000325280
     190.00000000000    1.0000000325280
     191.00000000000    1.0000000325280
     192.00000000000    1.0000000325280
     193.00000000000    1.0000000325280
     194.00000000000    1.0000000325280
     195.00000000000    1.0000000325280
     196.00000000000    1.0000000325280
     197.00000000000    1.0000000325280
     198.00000000000    1.0000000325280
     199.00000000000    1.0000000325280
     200.00000000000    1.0000000325280
     201.00000000000    1.0000000325280
     202.00000000000    1.0000000325280
     203.00000000000    1.0000000325280
     204.00000000000    1.0000000325280
     205.00000000000    1.0000000325280
     206.00000000000    1.0000000325280
     207.00000000000    1.0000000325280
     208.00000000000    1.0000000325280
     209.00000000000    1.0000000325280
     210.00000000000    1.0000000325280
     211.00000000000    1.0000000325280
     212.00000000000    1.0000000325280
     213.00000000000    1.0000000325280
     214.00000000000    1.0000000325280
     215.00000000000    1.0000000325280
     216.00000000000    1.0000000325280
     217.00000000000    1.0000000325280
     218.00000000000    1.0000000325280
     219.00000000000    1.0000000325280
     220.00000000000    1.0000000325280
     221.00000000000    1.0000000325280
     222.00000000000    1.0000000325280
     223.00000000000    1.0000000325280
     224.00000000000    1.0000000325280
     225.00000000000    1.0000000325280
     226.00000000000    1.0000000325280
     227.00000000000    1.0000000325280
     228.00000000000    1.0000000325280
     229.00000000000    1.0000000325280
     230.00000000000    1.0000000325280
     231.00000000000    1.0000000325280
     232.00000000000    1.0000000325280
     233.00000000000    1.0000000325280
     234.00000000000    1.0000000325280
     235.00000000000    1.0000000325280
     236.00000000000    1.0000000325280
     237.00000000000    1.0000000325280
     238.00000000000    1.0000000325280
     239.00000000000    1.0000000325280
     240.00000000000    1.0000000325280
     241.00000000000    1.0000000325280
     242.00000000000    1.0000000325280
     243.00000000000    1.0000000325280
     244.00000000000    1.0000000325280
     245.00000000000    1.0000000325280
     246.00000000000    1.0000000325280
     247.00000000000    1.0000000325280
     248.00000000000    1.0000000325280
     249.00000000000    1.0000000325280
     250.00000000000    1.0000000325280
     251.00000000000    1.0000000325280
     252.00000000000    1.0000000325280
     253.00000000000    1.0000000325280
     254.00000000000    1.0000000325280
     255.00000000000    1.0000000325280
     256.00000000000    1.0000000325280
     257.00000000000    1.0000000325280
     258.00000000000    1.0000000325280
     259.00000000000    1.0000000325280
     260.00000000000    1.0000000325280
     261.00000000000    1.0000000325280
     262.00000000000    1.0000000325280
     263.00000000000    1.0000000325280
     264.00000000000    1.0000000325280
     265.00000000000    1.0000000325280
     266.00000000000    1.0000000325280
     267.00000000000    1.0000000325280
     268.00000000000    1.0000000325280
     269.00000000000    1.0000000325280
     270.00000000000    1.0000000325280
     271.00000000000    1.0000000325280
     272.00000000000    1.0000000325280
     273.00000000000    1.0000000325280
     274.00000000000    1.0000000325280
     275.00000000000    1.0000000325280
     276.00000000000    1.0000000325280
     277.00000000000    1.0000000325280
     278.00000000000    1.0000000325280
     279.00000000000    1.0000000325280
     280.00000000000    1.0000000325280
     281.00000000000    1.0000000325280
     282.00000000000    1.0000000325280
     283.00000000000    1.0000000325280
     284.00000000000    1.0000000325280
     285.00000000000    1.0000000325280
     286.00000000000    1.0000000325280
     287.00000000000    1.0000000325280
     288.00000000000    1.0000000325280
     289.00000000000    1.0000000325280
     290.00000000000    1.0000000325280
     291.00000000000    1.0000000325280
     292.00000000000    1.0000000325280
     293.00000000000    1.0000000325280
     294.00000000000    1.0000000325280
     295.00000000000    1.0000000325280
     296.00000000000    1.0000000325280
     297.00000000000    1.0000000325280
     298.00000000000    1.0000000325280
     299.00000000000    1.0000000325280
     300.00000000000    1.0000000325280
     301.00000000000    1.0000000325280
     302.00000000000    1.0000000325280
     303.00000000000    1.0000000325280
     304.00000000000    1.0000000325280
     305.00000000000    1.0000000325280
     306.00000000000    1.0000000325280
     307.00000000000    1.0000000325280
     308.00000000000    1.0000000325280
     309.00000000000    1.0000000325280
     310.00000000000    1.0000000325280
     311.00000000000    1.0000000325280
     312.00000000000    1.0000000325280
     313.00000000000    1.0000000325280
     314.00000000000    1.0000000325280
     315.00000000000    1.0000000325280
     316.00000000000    1.0000000325280
     317.00000000000    1.0000000325280
     318.00000000000    1.0000000325280
     319.00000000000    1.0000000325280
     320.00000000000    1.0000000325280
     321.00000000000    1.0000000325280
     322.00000000000    1.0000000325280
     323.00000000000    1.0000000325280
     324.00000000000    1.0000000325280
     325.00000000000    1.0000000325280
     326.00000000000    1.0000000325280
     327.00000000000    1.0000000325280
     328.00000000000    1.0000000325280
     329.00000000000    1.0000000325280
     330.00000000000    1.0000000325280
     331.00000000000    1.0000000325280
     332.00000000000    1.0000000325280
     333.00000000000    1.0000000325280
     334.00000000000    1.0000000325280
     335.00000000000    1.0000000325280
     336.00000000000    1.0000000325280
     337.00000000000    1.0000000325280
     338.00000000000    1.0000000325280
     339.00000000000    1.0000000325280
     340.00000000000    1.0000000325280
     341.00000000000    1.0000000325280
     342.00000000000    1.0000000325280
     343.00000000000    1.0000000325280
     344.00000000000    1.0000000325280
     345.00000000000    1.0000000325280
     346.00000000000    1.0000000325280
     347.00000000000    1.0000000325280
     348.00000000000    1.0000000325280
     349.00000000000    1.0000000325280
     350.00000000000    1.0000000325280
     351.00000000000    1.0000000325280
     352.00000000000    1.0000000325280
     353.00000000000    1.0000000325280
     354.00000000000    1.0000000325280
     355.00000000000    1.0000000325280
     356.00000000000    1.0000000325280
     357.00000000000    1.0000000325280
     358.00000000000    1.0000000325280
     359.00000000000    1.0000000325280
     360.00000000000    1.0000000325280
     361.00000000000    1.0000000325280
     362.00000000000    1.0000000325280
     363.00000000000    1.0000000325280
     364.00000000000    1.0000000325280
     365.00000000000    1.0000000325280
     366.00000000000    1.0000000325280
     367.00000000000    1.0000000325280
     368.00000000000    1.0000000325280
     369.00000000000    1.0000000325280
     370.00000000000    1.0000000325280
     371.00000000000    1.0000000325280
     372.00000000000    1.0000000325280
     373.00000000000    1.0000000325280
     374.00000000000    1.0000000325280
     375.00000000000    1.0000000325280
     376.00000000000    1.0000000325280
     377.00000000000    1.0000000325280
     378.00000000000    1.0000000325280
     379.00000000000    1.0000000325280
     380.00000000000    1.0000000325280
     381.00000000000    1.0000000325280
     382.00000000000    1.0000000325280
     383.00000000000    1.0000000325280
     384.00000000000    1.0000000325280
     385.00000000000    1.0000000325280
     386.00000000000    1.0000000325280
     387.00000000000    1.0000000325280
     388.00000000000    1.0000000325280
     389.00000000000    1.0000000325280
     390.00000000000    1.0000000325280
     391.00000000000    1.0000000325280
     392.00000000000    1.0000000325280
     393.00000000000    1.0000000325280
     394.00000000000    1.0000000325280
     395.00000000000    1.0000000325280
     396.00000000000    1.0000000325280
     397.00000000000    1.0000000325280
     398.00000000000    1.0000000325280
     399.00000000000    1.0000000325280
     400.00000000000    1.0000000325280
     401.00000000000    1.0000000325280
     402.00000000000    1.0000000325280
     403.00000000000    1.0000000325280
     404.00000000000    1.0000000325280
     405.00000000000    1.0000000325280
     406.00000000000    1.0000000325280
     407.00000000000    1.0000000325280
     408.00000000000    1.0000000325280
     409.00000000000    1.0000000325280
     410.00000000000    1.0000000325280
     411.00000000000    1.0000000325280
     412.00000000000    1.0000000325280
     413.00000000000    1.0000000325280
     414.00000000000    1.0000000325280
     415.00000000000    1.0000000325280
     416.00000000000    1.0000000325280
     417.00000000000    1.0000000325280
     418.00000000000    1.0000000325280
     419.00000000000    1.0000000325280
     420.00000000000    1.0000000325280
     421.00000000000    1.0000000325280
     422.00000000000    1.0000000325280
     423.00000000000    1.0000000325280
     424.00000000000    1.0000000325280
     425.00000000000    1.0000000325280
     426.00000000000    1.0000000325280
     427.00000000000    1.0000000325280
     428.00000000000    1.0000000325280
     429.00000000000    1.0000000325280
     430.00000000000    1.0000000325280
     431.00000000000    1.0000000325280
     432.00000000000    1.0000000325280
     433.00000000000    1.0000000325280
     434.00000000000    1.0000000325280
     435.00000000000    1.0000000325280
     436.00000000000    1.0000000325280
     437.00000000000    1.0000000325280
     438.00000000000    1.0000000325280
     439.00000000000    1.0000000325280
     440.00000000000    1.0000000325280
     441.00000000000    1.0000000325280
     442.00000000000    1.0000000325280
     443.00000000000    1.0000000325280
     444.00000000000    1.0000000325280
     445.00000000000    1.0000000325280
     446.00000000000    1.0000000325280
     447.00000000000    1.0000000325280
     448.00000000000    1.0000000325280
     449.00000000000    1.0000000325280
     450.00000000000    1.0000000325280
     451.00000000000    1.0000000325280
     452.00000000000    1.0000000325280
     453.00000000000    1.0000000325280
     454.00000000000    1.0000000325280
     455.00000000000    1.0000000325280
     456.00000000000    1.0000000325280
     457.00000000000    1.0000000325280
     458.00000000000    1.0000000325280
     459.00000000000    1.0000000325280
     460.00000000000    1.0000000325280
     461.00000000000    1.0000000325280
     462.00000000000    1.0000000325280
     463.00000000000    1.0000000325280
     464.00000000000    1.0000000325280
     465.00000000000    1.0000000325280
     466.00000000000    1.0000000325280
     467.00000000000    1.0000000325280
     468.00000000000    1.0000000325280
     469.00000000000    1.0000000325280
     470.00000000000    1.0000000325280
     471.00000000000    1.0000000325280
     472.00000000000    1.0000000325280
     473.00000000000    1.0000000325280
     474.00000000000    1.0000000325280
     475.00000000000    1.0000000325280
     476.00000000000    1.0000000325280
     477.00000000000    1.0000000325280
     478.00000000000    1.0000000325280
     479.00000000000    1.0000000325280
     480.00000000000    1.0000000325280
     481.00000000000    1.0000000325280
     482.00000000000    1.0000000325280
     483.00000000000    1.0000000325280
     484.00000000000    1.0000000325280
     485.00000000000    1.0000000325280
     486.00000000000    1.0000000325280
     487.00000000000    1.0000000325280
     488.00000000000    1.0000000325280
     489.00000000000    1.0000000325280
     490.00000000000    1.0000000325280
     491.00000000000    1.0000000325280
     492.00000000000    1.0000000325280
     493.00000000000    1.0000000325280
     494.00000000000    1.0000000325280
     495.00000000000    1.0000000325280
     496.00000000000    1.0000000325280
     497.00000000000    1.0000000325280
     498.00000000000    1.0000000325280
     499.00000000000    1.0000000325280
     500.00000000000    1.0000000325280
