    -500.00000000000    1.0000000325280
    -499.00000000000    1.0000000325280
    -498.00000000000    1.0000000325280
    -497.00000000000    1.0000000325280
    -496.00000000000    1.0000000325280
    -495.00000000000    1.0000000325280
    -494.00000000000    1.0000000325280
    -493.00000000000    1.0000000325280
    -492.00000000000    1.0000000325280
    -491.00000000000    1.0000000325280
    -490.00000000000    1.0000000325280
    -489.00000000000    1.0000000325280
    -488.00000000000    1.0000000325280
    -487.00000000000    1.0000000325280
    -486.00000000000    1.0000000325280
    -485.00000000000    1.0000000325280
    -484.00000000000    1.0000000325280
    -483.00000000000    1.0000000325280
    -482.00000000000    1.0000000325280
    -481.00000000000    1.0000000325280
    -480.00000000000    1.0000000325280
    -479.00000000000    1.0000000325280
    -478.00000000000    1.0000000325280
    -477.00000000000    1.0000000325280
    -476.00000000000    1.0000000325280
    -475.00000000000    1.0000000325280
    -474.00000000000    1.0000000325280
    -473.00000000000    1.0000000325280
    -472.00000000000    1.0000000325280
    -471.00000000000    1.0000000325280
    -470.00000000000    1.0000000325280
    -469.00000000000    1.0000000325280
    -468.00000000000    1.0000000325280
    -467.00000000000    1.0000000325280
    -466.00000000000    1.0000000325280
    -465.00000000000    1.0000000325280
    -464.00000000000    1.0000000325280
    -463.00000000000    1.0000000325280
    -462.00000000000    1.0000000325280
    -461.00000000000    1.0000000325280
    -460.00000000000    1.0000000325280
    -459.00000000000    1.0000000325280
    -458.00000000000    1.0000000325280
    -457.00000000000    1.0000000325280
    -456.00000000000    1.0000000325280
    -455.00000000000    1.0000000325280
    -454.00000000000    1.0000000325280
    -453.00000000000    1.0000000325280
    -452.00000000000    1.0000000325280
    -451.00000000000    1.0000000325280
    -450.00000000000    1.0000000325280
    -449.00000000000    1.0000000325280
    -448.00000000000    1.0000000325280
    -447.00000000000    1.0000000325280
    -446.00000000000    1.0000000325280
    -445.00000000000    1.0000000325280
    -444.00000000000    1.0000000325280
    -443.00000000000    1.0000000325280
    -442.00000000000    1.0000000325280
    -441.00000000000    1.0000000325280
    -440.00000000000    1.0000000325280
    -439.00000000000    1.0000000325280
    -438.00000000000    1.0000000325280
    -437.00000000000    1.0000000325280
    -436.00000000000    1.0000000325280
    -435.00000000000    1.0000000325280
    -434.00000000000    1.0000000325280
    -433.00000000000    1.0000000325280
    -432.00000000000    1.0000000325280
    -431.00000000000    1.0000000325280
    -430.00000000000    1.0000000325280
    -429.00000000000    1.0000000325280
    -428.00000000000    1.0000000325280
    -427.00000000000    1.0000000325280
    -426.00000000000    1.0000000325280
    -425.00000000000    1.0000000325280
    -424.00000000000    1.0000000325280
    -423.00000000000    1.0000000325280
    -422.00000000000    1.0000000325280
    -421.00000000000    1.0000000325280
    -420.00000000000    1.0000000325280
    -419.00000000000    1.0000000325280
    -418.00000000000    1.0000000325280
    -417.00000000000    1.0000000325280
    -416.00000000000    1.0000000325280
    -415.00000000000    1.0000000325280
    -414.00000000000    1.0000000325280
    -413.00000000000    1.0000000325280
    -412.00000000000    1.0000000325280
    -411.00000000000    1.0000000325280
    -410.00000000000    1.0000000325280
    -409.00000000000    1.0000000325280
    -408.00000000000    1.0000000325280
    -407.00000000000    1.0000000325280
    -406.00000000000    1.0000000325280
    -405.00000000000    1.0000000325280
    -404.00000000000    1.0000000325280
    -403.00000000000    1.0000000325280
    -402.00000000000    1.0000000325280
    -401.00000000000    1.0000000325280
    -400.00000000000    1.0000000325280
    -399.00000000000    1.0000000325280
    -398.00000000000    1.0000000325280
    -397.00000000000    1.0000000325280
    -396.00000000000    1.0000000325280
    -395.00000000000    1.0000000325280
    -394.00000000000    1.0000000325280
    -393.00000000000    1.0000000325280
    -392.00000000000    1.0000000325280
    -391.00000000000    1.0000000325280
    -390.00000000000    1.0000000325280
    -389.00000000000    1.0000000325280
    -388.00000000000    1.0000000325280
    -387.00000000000    1.0000000325280
    -386.00000000000    1.0000000325280
    -385.00000000000    1.0000000325280
    -384.00000000000    1.0000000325280
    -383.00000000000    1.0000000325280
    -382.00000000000    1.0000000325280
    -381.00000000000    1.0000000325280
    -380.00000000000    1.0000000325280
    -379.00000000000    1.0000000325280
    -378.00000000000    1.0000000325280
    -377.00000000000    1.0000000325280
    -376.00000000000    1.0000000325280
    -375.00000000000    1.0000000325280
    -374.00000000000    1.0000000325280
    -373.00000000000    1.0000000325280
    -372.00000000000    1.0000000325280
    -371.00000000000    1.0000000325280
    -370.00000000000    1.0000000325280
    -369.00000000000    1.0000000325280
    -368.00000000000    1.0000000325280
    -367.00000000000    1.0000000325280
    -366.00000000000    1.0000000325280
    -365.00000000000    1.0000000325280
    -364.00000000000    1.0000000325280
    -363.00000000000    1.0000000325280
    -362.00000000000    1.0000000325280
    -361.00000000000    1.0000000325280
    -360.00000000000    1.0000000325280
    -359.00000000000    1.0000000325280
    -358.00000000000    1.0000000325280
    -357.00000000000    1.0000000325280
    -356.00000000000    1.0000000325280
    -355.00000000000    1.0000000325280
    -354.00000000000    1.0000000325280
    -353.00000000000    1.0000000325280
    -352.00000000000    1.0000000325280
    -351.00000000000    1.0000000325280
    -350.00000000000    1.0000000325280
    -349.00000000000    1.0000000325280
    -348.00000000000    1.0000000325280
    -347.00000000000    1.0000000325280
    -346.00000000000    1.0000000325280
    -345.00000000000    1.0000000325280
    -344.00000000000    1.0000000325280
    -343.00000000000    1.0000000325280
    -342.00000000000    1.0000000325280
    -341.00000000000    1.0000000325280
    -340.00000000000    1.0000000325280
    -339.00000000000    1.0000000325280
    -338.00000000000    1.0000000325280
    -337.00000000000    1.0000000325280
    -336.00000000000    1.0000000325280
    -335.00000000000    1.0000000325280
    -334.00000000000    1.0000000325280
    -333.00000000000    1.0000000325280
    -332.00000000000    1.0000000325280
    -331.00000000000    1.0000000325280
    -330.00000000000    1.0000000325280
    -329.00000000000    1.0000000325280
    -328.00000000000    1.0000000325280
    -327.00000000000    1.0000000325280
    -326.00000000000    1.0000000325280
    -325.00000000000    1.0000000325280
    -324.00000000000    1.0000000325280
    -323.00000000000    1.0000000325280
    -322.00000000000    1.0000000325280
    -321.00000000000    1.0000000325280
    -320.00000000000    1.0000000325280
    -319.00000000000    1.0000000325280
    -318.00000000000    1.0000000325280
    -317.00000000000    1.0000000325280
    -316.00000000000    1.0000000325280
    -315.00000000000    1.0000000325280
    -314.00000000000    1.0000000325280
    -313.00000000000    1.0000000325280
    -312.00000000000    1.0000000325280
    -311.00000000000    1.0000000325280
    -310.00000000000    1.0000000325280
    -309.00000000000    1.0000000325280
    -308.00000000000    1.0000000325280
    -307.00000000000    1.0000000325280
    -306.00000000000    1.0000000325280
    -305.00000000000    1.0000000325280
    -304.00000000000    1.0000000325280
    -303.00000000000    1.0000000325280
    -302.00000000000    1.0000000325280
    -301.00000000000    1.0000000325280
    -300.00000000000    1.0000000325280
    -299.00000000000    1.0000000325280
    -298.00000000000    1.0000000325280
    -297.00000000000    1.0000000325280
    -296.00000000000    1.0000000325280
    -295.00000000000    1.0000000325280
    -294.00000000000    1.0000000325280
    -293.00000000000    1.0000000325280
    -292.00000000000    1.0000000325280
    -291.00000000000    1.0000000325280
    -290.00000000000    1.0000000325280
    -289.00000000000    1.0000000325280
    -288.00000000000    1.0000000325280
    -287.00000000000    1.0000000325280
    -286.00000000000    1.0000000325280
    -285.00000000000    1.0000000325280
    -284.00000000000    1.0000000325280
    -283.00000000000    1.0000000325280
    -282.00000000000    1.0000000325280
    -281.00000000000    1.0000000325280
    -280.00000000000    1.0000000325280
    -279.00000000000    1.0000000325280
    -278.00000000000    1.0000000325280
    -277.00000000000    1.0000000325280
    -276.00000000000    1.0000000325280
    -275.00000000000    1.0000000325280
    -274.00000000000    1.0000000325280
    -273.00000000000    1.0000000325280
    -272.00000000000    1.0000000325280
    -271.00000000000    1.0000000325280
    -270.00000000000    1.0000000325280
    -269.00000000000    1.0000000325280
    -268.00000000000    1.0000000325280
    -267.00000000000    1.0000000325280
    -266.00000000000    1.0000000325280
    -265.00000000000    1.0000000325280
    -264.00000000000    1.0000000325280
    -263.00000000000    1.0000000325280
    -262.00000000000    1.0000000325280
    -261.00000000000    1.0000000325280
    -260.00000000000    1.0000000325280
    -259.00000000000    1.0000000325280
    -258.00000000000    1.0000000325280
    -257.00000000000    1.0000000325280
    -256.00000000000    1.0000000325280
    -255.00000000000    1.0000000325280
    -254.00000000000    1.0000000325280
    -253.00000000000    1.0000000325280
    -252.00000000000    1.0000000325280
    -251.00000000000    1.0000000325280
    -250.00000000000    1.0000000325280
    -249.00000000000    1.0000000325280
    -248.00000000000    1.0000000325280
    -247.00000000000    1.0000000325280
    -246.00000000000    1.0000000325280
    -245.00000000000    1.0000000325280
    -244.00000000000    1.0000000325280
    -243.00000000000    1.0000000325280
    -242.00000000000    1.0000000325278
    -241.00000000000    1.0000000325274
    -240.00000000000    1.0000000325259
    -239.00000000000    1.0000000325204
    -238.00000000000    1.0000000325015
    -237.00000000000    1.0000000324398
    -236.00000000000    1.0000000322462
    -235.00000000000    1.0000000316655
    -234.00000000000    1.0000000299992
    -233.00000000000    1.0000000254221
    -232.00000000000    1.0000000133894
    -231.00000000000   0.99999998311001
    -230.00000000000   0.99999991016844
    -229.00000000000   0.99999974194033
    -228.00000000000   0.99999937042953
    -227.00000000000   0.99999858473147
    -226.00000000000   0.99999699317548
    -225.00000000000   0.99999390465056
    -224.00000000000   0.99998816168350
    -223.00000000000   0.99997792674715
    -222.00000000000   0.99996043945905
    -221.00000000000   0.99993178488520
    -220.00000000000   0.99988673742512
    -219.00000000000   0.99981876191756
    -218.00000000000   0.99972025245565
    -217.00000000000   0.99958306047539
    -216.00000000000   0.99939930485871
    -215.00000000000   0.99916237776196
    -214.00000000000   0.99886798244772
    -213.00000000000   0.99851499173405
    -212.00000000000   0.99810592157936
    -211.00000000000   0.99764688175745
    -210.00000000000   0.99714698033429
    -209.00000000000   0.99661728730028
    -208.00000000000   0.99606956459886
    -207.00000000000   0.99551501308119
    -206.00000000000   0.99496326102374
    -205.00000000000   0.99442173755409
    -204.00000000000   0.99389546851956
    -203.00000000000   0.99338723648053
    -202.00000000000   0.99289798567971
    -201.00000000000   0.99242733567797
    -200.00000000000   0.99197408689329
    -199.00000000000   0.99153664142982
    -198.00000000000   0.99111330614779
    -197.00000000000   0.99070247957427
    -196.00000000000   0.99030274474251
    -195.00000000000   0.98991289715654
    -194.00000000000   0.98953193492148
    -193.00000000000   0.98915903142702
    -192.00000000000   0.98879350353525
    -191.00000000000   0.98843478209077
    -190.00000000000   0.98808238742634
    -189.00000000000   0.98773591020172
    -188.00000000000   0.98739499686626
    -187.00000000000   0.98705933874421
    -186.00000000000   0.98672866381111
    -185.00000000000   0.98640273042076
    -184.00000000000   0.98608132243998
    -183.00000000000   0.98576424540822
    -182.00000000000   0.98545132345553
    -181.00000000000   0.98514239679297
    -180.00000000000   0.98483731964318
    -179.00000000000   0.98453595851552
    -178.00000000000   0.98423819075506
    -177.00000000000   0.98394390331209
    -176.00000000000   0.98365299169097
    -175.00000000000   0.98336535904660
    -174.00000000000   0.98308091540307
    -173.00000000000   0.98279957697454
    -172.00000000000   0.98252126557198
    -171.00000000000   0.98224590808259
    -170.00000000000   0.98197343601122
    -169.00000000000   0.98170378507461
    -168.00000000000   0.98143689484131
    -167.00000000000   0.98117270841082
    -166.00000000000   0.98091117212701
    -165.00000000000   0.98065223532110
    -164.00000000000   0.98039585008079
    -163.00000000000   0.98014197104213
    -162.00000000000   0.97989055520146
    -161.00000000000   0.97964156174508
    -160.00000000000   0.97939495189469
    -159.00000000000   0.97915068876672
    -158.00000000000   0.97890873724408
    -157.00000000000   0.97866906385907
    -156.00000000000   0.97843163668613
    -155.00000000000   0.97819642524363
    -154.00000000000   0.97796340040354
    -153.00000000000   0.97773253430839
    -152.00000000000   0.97750380029480
    -151.00000000000   0.97727717282280
    -150.00000000000   0.97705262741057
    -149.00000000000   0.97683014057406
    -148.00000000000   0.97660968977098
    -147.00000000000   0.97639125334882
    -146.00000000000   0.97617481049659
    -145.00000000000   0.97596034119991
    -144.00000000000   0.97574782619912
    -143.00000000000   0.97553724695028
    -142.00000000000   0.97532858558879
    -141.00000000000   0.97512182489524
    -140.00000000000   0.97491694826365
    -139.00000000000   0.97471393967159
    -138.00000000000   0.97451278365225
    -137.00000000000   0.97431346526815
    -136.00000000000   0.97411597008657
    -135.00000000000   0.97392028415632
    -134.00000000000   0.97372639398599
    -133.00000000000   0.97353428652341
    -132.00000000000   0.97334394913633
    -131.00000000000   0.97315536959415
    -130.00000000000   0.97296853605076
    -129.00000000000   0.97278343702824
    -128.00000000000   0.97260006140149
    -127.00000000000   0.97241839838372
    -126.00000000000   0.97223843751266
    -125.00000000000   0.97206016863757
    -124.00000000000   0.97188358190681
    -123.00000000000   0.97170866775622
    -122.00000000000   0.97153541689791
    -121.00000000000   0.97136382030975
    -120.00000000000   0.97119386922533
    -119.00000000000   0.97102555512443
    -118.00000000000   0.97085886972389
    -117.00000000000   0.97069380496906
    -116.00000000000   0.97053035302551
    -115.00000000000   0.97036850627120
    -114.00000000000   0.97020825728906
    -113.00000000000   0.97004959885978
    -112.00000000000   0.96989252395510
    -111.00000000000   0.96973702573126
    -110.00000000000   0.96958309752283
    -109.00000000000   0.96943073283674
    -108.00000000000   0.96927992534670
    -107.00000000000   0.96913066888770
    -106.00000000000   0.96898295745087
   -105.000000000000   0.96883678517850
   -104.000000000000   0.96869214635933
   -103.000000000000   0.96854903542393
   -102.000000000000   0.96840744694040
   -101.000000000000   0.96826737561017
   -100.000000000000   0.96812881626396
    -99.000000000000   0.96799176385798
    -98.000000000000   0.96785621347020
    -97.000000000000   0.96772216029683
    -96.000000000000   0.96758959964890
    -95.000000000000   0.96745852694898
    -94.000000000000   0.96732893772808
    -93.000000000000   0.96720082762257
    -92.000000000000   0.96707419237130
    -91.000000000000   0.96694902781282
    -90.000000000000   0.96682532988266
    -89.000000000000   0.96670309461076
    -88.000000000000   0.96658231811898
    -87.000000000000   0.96646299661868
    -86.000000000000   0.96634512640843
    -85.000000000000   0.96622870387176
    -84.000000000000   0.96611372547505
    -83.000000000000   0.96600018776540
    -82.000000000000   0.96588808736870
    -81.000000000000   0.96577742098766
    -80.000000000000   0.96566818539997
    -79.000000000000   0.96556037745653
    -78.000000000000   0.96545399407966
    -77.000000000000   0.96534903226151
    -76.000000000000   0.96524548906238
    -75.000000000000   0.96514336160922
    -74.000000000000   0.96504264709408
    -73.000000000000   0.96494334277271
    -72.000000000000   0.96484544596311
    -71.000000000000   0.96474895404421
    -70.000000000000   0.96465386445453
    -69.000000000000   0.96456017469096
    -68.000000000000   0.96446788230749
    -67.000000000000   0.96437698491405
    -66.000000000000   0.96428748017539
    -65.000000000000   0.96419936580993
    -64.000000000000   0.96411263958872
    -63.000000000000   0.96402729933439
    -62.000000000000   0.96394334292018
    -61.000000000000   0.96386076826894
    -60.000000000000   0.96377957335221
    -59.000000000000   0.96369975618931
    -58.000000000000   0.96362131484649
    -57.000000000000   0.96354424743602
    -56.000000000000   0.96346855211545
    -55.000000000000   0.96339422708676
    -54.000000000000   0.96332127059563
    -53.000000000000   0.96324968093067
    -52.000000000000   0.96317945642270
    -51.000000000000   0.96311059544409
    -50.000000000000   0.96304309640806
    -49.000000000000   0.96297695776803
    -48.000000000000   0.96291217801703
    -47.000000000000   0.96284875568701
    -46.000000000000   0.96278668934835
    -45.000000000000   0.96272597760922
    -44.000000000000   0.96266661911508
    -43.000000000000   0.96260861254809
    -42.000000000000   0.96255195662668
    -41.000000000000   0.96249665010496
    -40.000000000000   0.96244269177233
    -39.000000000000   0.96239008045296
    -38.000000000000   0.96233881500535
    -37.000000000000   0.96228889432192
    -36.000000000000   0.96224031732860
    -35.000000000000   0.96219308298440
    -34.000000000000   0.96214719028104
    -33.000000000000   0.96210263824258
    -32.000000000000   0.96205942592506
    -31.000000000000   0.96201755241615
    -30.000000000000   0.96197701683484
    -29.000000000000   0.96193781833109
    -28.000000000000   0.96189995608554
    -27.000000000000   0.96186342930922
    -26.000000000000   0.96182823724328
    -25.000000000000   0.96179437915869
    -24.000000000000   0.96176185435599
    -23.000000000000   0.96173066216507
    -22.000000000000   0.96170080194491
    -21.000000000000   0.96167227308336
    -20.000000000000   0.96164507499694
    -19.000000000000   0.96161920713061
    -18.000000000000   0.96159466895761
    -17.000000000000   0.96157145997926
    -16.000000000000   0.96154957972478
    -15.000000000000   0.96152902775115
    -14.000000000000   0.96150980364294
    -13.000000000000   0.96149190701219
    -12.000000000000   0.96147533749826
    -11.000000000000   0.96146009476769
   -10.0000000000000   0.96144617851414
    -9.0000000000000   0.96143358845823
    -8.0000000000000   0.96142232434749
    -7.0000000000000   0.96141238595623
    -6.0000000000000   0.96140377308552
    -5.0000000000000   0.96139648556305
    -4.0000000000000   0.96139052324316
    -3.0000000000000   0.96138588600671
    -2.0000000000000   0.96138257376108
    -1.0000000000000   0.96138058644015
   0.   0.96137992400425
     1.0000000000000   0.96138058644015
     2.0000000000000   0.96138257376108
     3.0000000000000   0.96138588600670
     4.0000000000000   0.96139052324316
     5.0000000000000   0.96139648556305
     6.0000000000000   0.96140377308552
     7.0000000000000   0.96141238595623
     8.0000000000000   0.96142232434749
     9.0000000000000   0.96143358845823
    10.0000000000000   0.96144617851414
     11.000000000000   0.96146009476769
     12.000000000000   0.96147533749826
     13.000000000000   0.96149190701219
     14.000000000000   0.96150980364294
     15.000000000000   0.96152902775115
     16.000000000000   0.96154957972478
     17.000000000000   0.96157145997926
     18.000000000000   0.96159466895761
     19.000000000000   0.96161920713061
     20.000000000000   0.96164507499694
     21.000000000000   0.96167227308336
     22.000000000000   0.96170080194491
     23.000000000000   0.96173066216507
     24.000000000000   0.96176185435599
     25.000000000000   0.96179437915869
     26.000000000000   0.96182823724328
     27.000000000000   0.96186342930922
     28.000000000000   0.96189995608554
     29.000000000000   0.96193781833109
     30.000000000000   0.96197701683484
     31.000000000000   0.96201755241615
     32.000000000000   0.96205942592506
     33.000000000000   0.96210263824258
     34.000000000000   0.96214719028104
     35.000000000000   0.96219308298440
     36.000000000000   0.96224031732860
     37.000000000000   0.96228889432192
     38.000000000000   0.96233881500535
     39.000000000000   0.96239008045296
     40.000000000000   0.96244269177233
     41.000000000000   0.96249665010496
     42.000000000000   0.96255195662668
     43.000000000000   0.96260861254809
     44.000000000000   0.96266661911508
     45.000000000000   0.96272597760922
     46.000000000000   0.96278668934835
     47.000000000000   0.96284875568701
     48.000000000000   0.96291217801703
     49.000000000000   0.96297695776803
     50.000000000000   0.96304309640806
     51.000000000000   0.96311059544409
     52.000000000000   0.96317945642270
     53.000000000000   0.96324968093066
     54.000000000000   0.96332127059563
     55.000000000000   0.96339422708676
     56.000000000000   0.96346855211545
     57.000000000000   0.96354424743602
     58.000000000000   0.96362131484649
     59.000000000000   0.96369975618931
     60.000000000000   0.96377957335221
     61.000000000000   0.96386076826894
     62.000000000000   0.96394334292018
     63.000000000000   0.96402729933439
     64.000000000000   0.96411263958872
     65.000000000000   0.96419936580993
     66.000000000000   0.96428748017539
     67.000000000000   0.96437698491405
     68.000000000000   0.96446788230749
     69.000000000000   0.96456017469096
     70.000000000000   0.96465386445453
     71.000000000000   0.96474895404421
     72.000000000000   0.96484544596311
     73.000000000000   0.96494334277271
     74.000000000000   0.96504264709408
     75.000000000000   0.96514336160922
     76.000000000000   0.96524548906238
     77.000000000000   0.96534903226151
     78.000000000000   0.96545399407966
     79.000000000000   0.96556037745653
     80.000000000000   0.96566818539997
     81.000000000000   0.96577742098766
     82.000000000000   0.96588808736870
     83.000000000000   0.96600018776540
     84.000000000000   0.96611372547505
     85.000000000000   0.96622870387176
     86.000000000000   0.96634512640843
     87.000000000000   0.96646299661868
     88.000000000000   0.96658231811898
     89.000000000000   0.96670309461076
     90.000000000000   0.96682532988266
     91.000000000000   0.96694902781282
     92.000000000000   0.96707419237130
     93.000000000000   0.96720082762257
     94.000000000000   0.96732893772808
     95.000000000000   0.96745852694898
     96.000000000000   0.96758959964890
     97.000000000000   0.96772216029683
     98.000000000000   0.96785621347020
     99.000000000000   0.96799176385798
    100.000000000000   0.96812881626396
    101.000000000000   0.96826737561017
    102.000000000000   0.96840744694040
    103.000000000000   0.96854903542393
    104.000000000000   0.96869214635933
    105.000000000000   0.96883678517850
     106.00000000000   0.96898295745087
     107.00000000000   0.96913066888770
     108.00000000000   0.96927992534670
     109.00000000000   0.96943073283674
     110.00000000000   0.96958309752283
     111.00000000000   0.96973702573126
     112.00000000000   0.96989252395510
     113.00000000000   0.97004959885978
     114.00000000000   0.97020825728906
     115.00000000000   0.97036850627120
     116.00000000000   0.97053035302551
     117.00000000000   0.97069380496906
     118.00000000000   0.97085886972389
     119.00000000000   0.97102555512443
     120.00000000000   0.97119386922533
     121.00000000000   0.97136382030975
     122.00000000000   0.97153541689791
     123.00000000000   0.97170866775622
     124.00000000000   0.97188358190681
     125.00000000000   0.97206016863757
     126.00000000000   0.97223843751266
     127.00000000000   0.97241839838372
     128.00000000000   0.97260006140149
     129.00000000000   0.97278343702824
     130.00000000000   0.97296853605076
     131.00000000000   0.97315536959415
     132.00000000000   0.97334394913633
     133.00000000000   0.97353428652341
     134.00000000000   0.97372639398599
     135.00000000000   0.97392028415632
     136.00000000000   0.97411597008657
     137.00000000000   0.97431346526815
     138.00000000000   0.97451278365225
     139.00000000000   0.97471393967159
     140.00000000000   0.97491694826365
     141.00000000000   0.97512182489524
     142.00000000000   0.97532858558879
     143.00000000000   0.97553724695028
     144.00000000000   0.97574782619912
     145.00000000000   0.97596034119991
     146.00000000000   0.97617481049659
     147.00000000000   0.97639125334882
     148.00000000000   0.97660968977098
     149.00000000000   0.97683014057406
     150.00000000000   0.97705262741057
     151.00000000000   0.97727717282280
     152.00000000000   0.97750380029480
     153.00000000000   0.97773253430839
     154.00000000000   0.97796340040354
     155.00000000000   0.97819642524363
     156.00000000000   0.97843163668613
     157.00000000000   0.97866906385907
     158.00000000000   0.97890873724408
     159.00000000000   0.97915068876672
     160.00000000000   0.97939495189469
     161.00000000000   0.97964156174508
     162.00000000000   0.97989055520146
     163.00000000000   0.98014197104213
     164.00000000000   0.98039585008079
     165.00000000000   0.98065223532110
     166.00000000000   0.98091117212701
     167.00000000000   0.98117270841082
     168.00000000000   0.98143689484131
     169.00000000000   0.98170378507461
     170.00000000000   0.98197343601122
     171.00000000000   0.98224590808259
     172.00000000000   0.98252126557198
     173.00000000000   0.98279957697454
     174.00000000000   0.98308091540307
     175.00000000000   0.98336535904660
     176.00000000000   0.98365299169097
     177.00000000000   0.98394390331209
     178.00000000000   0.98423819075506
     179.00000000000   0.98453595851552
     180.00000000000   0.98483731964318
     181.00000000000   0.98514239679297
     182.00000000000   0.98545132345552
     183.00000000000   0.98576424540822
     184.00000000000   0.98608132243998
     185.00000000000   0.98640273042076
     186.00000000000   0.98672866381111
     187.00000000000   0.98705933874421
     188.00000000000   0.98739499686626
     189.00000000000   0.98773591020172
     190.00000000000   0.98808238742634
     191.00000000000   0.98843478209077
     192.00000000000   0.98879350353525
     193.00000000000   0.98915903142702
     194.00000000000   0.98953193492148
     195.00000000000   0.98991289715654
     196.00000000000   0.99030274474251
     197.00000000000   0.99070247957427
     198.00000000000   0.99111330614779
     199.00000000000   0.99153664142982
     200.00000000000   0.99197408689329
     201.00000000000   0.99242733567797
     202.00000000000   0.99289798567971
     203.00000000000   0.99338723648053
     204.00000000000   0.99389546851956
     205.00000000000   0.99442173755409
     206.00000000000   0.99496326102374
     207.00000000000   0.99551501308119
     208.00000000000   0.99606956459886
     209.00000000000   0.99661728730028
     210.00000000000   0.99714698033428
     211.00000000000   0.99764688175745
     212.00000000000   0.99810592157936
     213.00000000000   0.99851499173405
     214.00000000000   0.99886798244772
     215.00000000000   0.99916237776196
     216.00000000000   0.99939930485871
     217.00000000000   0.99958306047539
     218.00000000000   0.99972025245565
     219.00000000000   0.99981876191756
     220.00000000000   0.99988673742512
     221.00000000000   0.99993178488520
     222.00000000000   0.99996043945905
     223.00000000000   0.99997792674715
     224.00000000000   0.99998816168350
     225.00000000000   0.99999390465056
     226.00000000000   0.99999699317548
     227.00000000000   0.99999858473147
     228.00000000000   0.99999937042953
     229.00000000000   0.99999974194033
     230.00000000000   0.99999991016844
     231.00000000000   0.99999998311001
     232.00000000000    1.0000000133894
     233.00000000000    1.0000000254221
     234.00000000000    1.0000000299992
     235.00000000000    1.0000000316655
     236.00000000000    1.0000000322462
     237.00000000000    1.0000000324398
     238.00000000000    1.0000000325015
     239.00000000000    1.0000000325204
     240.00000000000    1.0000000325259
     241.00000000000    1.0000000325274
     242.00000000000    1.0000000325278
     243.00000000000    1.0000000325280
     244.00000000000    1.0000000325280
     245.00000000000    1.0000000325280
     246.00000000000    1.0000000325280
     247.00000000000    1.0000000325280
     248.00000000000    1.0000000325280
     249.00000000000    1.0000000325280
     250.00000000000    1.0000000325280
     251.00000000000    1.0000000325280
     252.00000000000    1.0000000325280
     253.00000000000    1.0000000325280
     254.00000000000    1.0000000325280
     255.00000000000    1.0000000325280
     256.00000000000    1.0000000325280
     257.00000000000    1.0000000325280
     258.00000000000    1.0000000325280
     259.00000000000    1.0000000325280
     260.00000000000    1.0000000325280
     261.00000000000    1.0000000325280
     262.00000000000    1.0000000325280
     263.00000000000    1.0000000325280
     264.00000000000    1.0000000325280
     265.00000000000    1.0000000325280
     266.00000000000    1.0000000325280
     267.00000000000    1.0000000325280
     268.00000000000    1.0000000325280
     269.00000000000    1.0000000325280
     270.00000000000    1.0000000325280
     271.00000000000    1.0000000325280
     272.00000000000    1.0000000325280
     273.00000000000    1.0000000325280
     274.00000000000    1.0000000325280
     275.00000000000    1.0000000325280
     276.00000000000    1.0000000325280
     277.00000000000    1.0000000325280
     278.00000000000    1.0000000325280
     279.00000000000    1.0000000325280
     280.00000000000    1.0000000325280
     281.00000000000    1.0000000325280
     282.00000000000    1.0000000325280
     283.00000000000    1.0000000325280
     284.00000000000    1.0000000325280
     285.00000000000    1.0000000325280
     286.00000000000    1.0000000325280
     287.00000000000    1.0000000325280
     288.00000000000    1.0000000325280
     289.00000000000    1.0000000325280
     290.00000000000    1.0000000325280
     291.00000000000    1.0000000325280
     292.00000000000    1.0000000325280
     293.00000000000    1.0000000325280
     294.00000000000    1.0000000325280
     295.00000000000    1.0000000325280
     296.00000000000    1.0000000325280
     297.00000000000    1.0000000325280
     298.00000000000    1.0000000325280
     299.00000000000    1.0000000325280
     300.00000000000    1.0000000325280
     301.00000000000    1.0000000325280
     302.00000000000    1.0000000325280
     303.00000000000    1.0000000325280
     304.00000000000    1.0000000325280
     305.00000000000    1.0000000325280
     306.00000000000    1.0000000325280
     307.00000000000    1.0000000325280
     308.00000000000    1.0000000325280
     309.00000000000    1.0000000325280
     310.00000000000    1.0000000325280
     311.00000000000    1.0000000325280
     312.00000000000    1.0000000325280
     313.00000000000    1.0000000325280
     314.00000000000    1.0000000325280
     315.00000000000    1.0000000325280
     316.00000000000    1.0000000325280
     317.00000000000    1.0000000325280
     318.00000000000    1.0000000325280
     319.00000000000    1.0000000325280
     320.00000000000    1.0000000325280
     321.00000000000    1.0000000325280
     322.00000000000    1.0000000325280
     323.00000000000    1.0000000325280
     324.00000000000    1.0000000325280
     325.00000000000    1.0000000325280
     326.00000000000    1.0000000325280
     327.00000000000    1.0000000325280
     328.00000000000    1.0000000325280
     329.00000000000    1.0000000325280
     330.00000000000    1.0000000325280
     331.00000000000    1.0000000325280
     332.00000000000    1.0000000325280
     333.00000000000    1.0000000325280
     334.00000000000    1.0000000325280
     335.00000000000    1.0000000325280
     336.00000000000    1.0000000325280
     337.00000000000    1.0000000325280
     338.00000000000    1.0000000325280
     339.00000000000    1.0000000325280
     340.00000000000    1.0000000325280
     341.00000000000    1.0000000325280
     342.00000000000    1.0000000325280
     343.00000000000    1.0000000325280
     344.00000000000    1.0000000325280
     345.00000000000    1.0000000325280
     346.00000000000    1.0000000325280
     347.00000000000    1.0000000325280
     348.00000000000    1.0000000325280
     349.00000000000    1.0000000325280
     350.00000000000    1.0000000325280
     351.00000000000    1.0000000325280
     352.00000000000    1.0000000325280
     353.00000000000    1.0000000325280
     354.00000000000    1.0000000325280
     355.00000000000    1.0000000325280
     356.00000000000    1.0000000325280
     357.00000000000    1.0000000325280
     358.00000000000    1.0000000325280
     359.00000000000    1.0000000325280
     360.00000000000    1.0000000325280
     361.00000000000    1.0000000325280
     362.00000000000    1.0000000325280
     363.00000000000    1.0000000325280
     364.00000000000    1.0000000325280
     365.00000000000    1.0000000325280
     366.00000000000    1.0000000325280
     367.00000000000    1.0000000325280
     368.00000000000    1.0000000325280
     369.00000000000    1.0000000325280
     370.00000000000    1.0000000325280
     371.00000000000    1.0000000325280
     372.00000000000    1.0000000325280
     373.00000000000    1.0000000325280
     374.00000000000    1.0000000325280
     375.00000000000    1.0000000325280
     376.00000000000    1.0000000325280
     377.00000000000    1.0000000325280
     378.00000000000    1.0000000325280
     379.00000000000    1.0000000325280
     380.00000000000    1.0000000325280
     381.00000000000    1.0000000325280
     382.00000000000    1.0000000325280
     383.00000000000    1.0000000325280
     384.00000000000    1.0000000325280
     385.00000000000    1.0000000325280
     386.00000000000    1.0000000325280
     387.00000000000    1.0000000325280
     388.00000000000    1.0000000325280
     389.00000000000    1.0000000325280
     390.00000000000    1.0000000325280
     391.00000000000    1.0000000325280
     392.00000000000    1.0000000325280
     393.00000000000    1.0000000325280
     394.00000000000    1.0000000325280
     395.00000000000    1.0000000325280
     396.00000000000    1.0000000325280
     397.00000000000    1.0000000325280
     398.00000000000    1.0000000325280
     399.00000000000    1.0000000325280
     400.00000000000    1.0000000325280
     401.00000000000    1.0000000325280
     402.00000000000    1.0000000325280
     403.00000000000    1.0000000325280
     404.00000000000    1.0000000325280
     405.00000000000    1.0000000325280
     406.00000000000    1.0000000325280
     407.00000000000    1.0000000325280
     408.00000000000    1.0000000325280
     409.00000000000    1.0000000325280
     410.00000000000    1.0000000325280
     411.00000000000    1.0000000325280
     412.00000000000    1.0000000325280
     413.00000000000    1.0000000325280
     414.00000000000    1.0000000325280
     415.00000000000    1.0000000325280
     416.00000000000    1.0000000325280
     417.00000000000    1.0000000325280
     418.00000000000    1.0000000325280
     419.00000000000    1.0000000325280
     420.00000000000    1.0000000325280
     421.00000000000    1.0000000325280
     422.00000000000    1.0000000325280
     423.00000000000    1.0000000325280
     424.00000000000    1.0000000325280
     425.00000000000    1.0000000325280
     426.00000000000    1.0000000325280
     427.00000000000    1.0000000325280
     428.00000000000    1.0000000325280
     429.00000000000    1.0000000325280
     430.00000000000    1.0000000325280
     431.00000000000    1.0000000325280
     432.00000000000    1.0000000325280
     433.00000000000    1.0000000325280
     434.00000000000    1.0000000325280
     435.00000000000    1.0000000325280
     436.00000000000    1.0000000325280
     437.00000000000    1.0000000325280
     438.00000000000    1.0000000325280
     439.00000000000    1.0000000325280
     440.00000000000    1.0000000325280
     441.00000000000    1.0000000325280
     442.00000000000    1.0000000325280
     443.00000000000    1.0000000325280
     444.00000000000    1.0000000325280
     445.00000000000    1.0000000325280
     446.00000000000    1.0000000325280
     447.00000000000    1.0000000325280
     448.00000000000    1.0000000325280
     449.00000000000    1.0000000325280
     450.00000000000    1.0000000325280
     451.00000000000    1.0000000325280
     452.00000000000    1.0000000325280
     453.00000000000    1.0000000325280
     454.00000000000    1.0000000325280
     455.00000000000    1.0000000325280
     456.00000000000    1.0000000325280
     457.00000000000    1.0000000325280
     458.00000000000    1.0000000325280
     459.00000000000    1.0000000325280
     460.00000000000    1.0000000325280
     461.00000000000    1.0000000325280
     462.00000000000    1.0000000325280
     463.00000000000    1.0000000325280
     464.00000000000    1.0000000325280
     465.00000000000    1.0000000325280
     466.00000000000    1.0000000325280
     467.00000000000    1.0000000325280
     468.00000000000    1.0000000325280
     469.00000000000    1.0000000325280
     470.00000000000    1.0000000325280
     471.00000000000    1.0000000325280
     472.00000000000    1.0000000325280
     473.00000000000    1.0000000325280
     474.00000000000    1.0000000325280
     475.00000000000    1.0000000325280
     476.00000000000    1.0000000325280
     477.00000000000    1.0000000325280
     478.00000000000    1.0000000325280
     479.00000000000    1.0000000325280
     480.00000000000    1.0000000325280
     481.00000000000    1.0000000325280
     482.00000000000    1.0000000325280
     483.00000000000    1.0000000325280
     484.00000000000    1.0000000325280
     485.00000000000    1.0000000325280
     486.00000000000    1.0000000325280
     487.00000000000    1.0000000325280
     488.00000000000    1.0000000325280
     489.00000000000    1.0000000325280
     490.00000000000    1.0000000325280
     491.00000000000    1.0000000325280
     492.00000000000    1.0000000325280
     493.00000000000    1.0000000325280
     494.00000000000    1.0000000325280
     495.00000000000    1.0000000325280
     496.00000000000    1.0000000325280
     497.00000000000    1.0000000325280
     498.00000000000    1.0000000325280
     499.00000000000    1.0000000325280
     500.00000000000    1.0000000325280
