    -500.00000000000    1.0000000325280
    -499.00000000000    1.0000000325280
    -498.00000000000    1.0000000325280
    -497.00000000000    1.0000000325280
    -496.00000000000    1.0000000325280
    -495.00000000000    1.0000000325280
    -494.00000000000    1.0000000325280
    -493.00000000000    1.0000000325280
    -492.00000000000    1.0000000325280
    -491.00000000000    1.0000000325280
    -490.00000000000    1.0000000325280
    -489.00000000000    1.0000000325280
    -488.00000000000    1.0000000325280
    -487.00000000000    1.0000000325280
    -486.00000000000    1.0000000325280
    -485.00000000000    1.0000000325280
    -484.00000000000    1.0000000325280
    -483.00000000000    1.0000000325280
    -482.00000000000    1.0000000325280
    -481.00000000000    1.0000000325280
    -480.00000000000    1.0000000325280
    -479.00000000000    1.0000000325280
    -478.00000000000    1.0000000325280
    -477.00000000000    1.0000000325280
    -476.00000000000    1.0000000325280
    -475.00000000000    1.0000000325280
    -474.00000000000    1.0000000325280
    -473.00000000000    1.0000000325280
    -472.00000000000    1.0000000325280
    -471.00000000000    1.0000000325280
    -470.00000000000    1.0000000325280
    -469.00000000000    1.0000000325280
    -468.00000000000    1.0000000325280
    -467.00000000000    1.0000000325280
    -466.00000000000    1.0000000325280
    -465.00000000000    1.0000000325280
    -464.00000000000    1.0000000325280
    -463.00000000000    1.0000000325280
    -462.00000000000    1.0000000325280
    -461.00000000000    1.0000000325280
    -460.00000000000    1.0000000325280
    -459.00000000000    1.0000000325280
    -458.00000000000    1.0000000325280
    -457.00000000000    1.0000000325280
    -456.00000000000    1.0000000325280
    -455.00000000000    1.0000000325280
    -454.00000000000    1.0000000325280
    -453.00000000000    1.0000000325280
    -452.00000000000    1.0000000325280
    -451.00000000000    1.0000000325280
    -450.00000000000    1.0000000325280
    -449.00000000000    1.0000000325280
    -448.00000000000    1.0000000325280
    -447.00000000000    1.0000000325280
    -446.00000000000    1.0000000325280
    -445.00000000000    1.0000000325280
    -444.00000000000    1.0000000325280
    -443.00000000000    1.0000000325280
    -442.00000000000    1.0000000325280
    -441.00000000000    1.0000000325280
    -440.00000000000    1.0000000325280
    -439.00000000000    1.0000000325280
    -438.00000000000    1.0000000325280
    -437.00000000000    1.0000000325280
    -436.00000000000    1.0000000325280
    -435.00000000000    1.0000000325280
    -434.00000000000    1.0000000325280
    -433.00000000000    1.0000000325280
    -432.00000000000    1.0000000325280
    -431.00000000000    1.0000000325280
    -430.00000000000    1.0000000325280
    -429.00000000000    1.0000000325280
    -428.00000000000    1.0000000325280
    -427.00000000000    1.0000000325280
    -426.00000000000    1.0000000325280
    -425.00000000000    1.0000000325280
    -424.00000000000    1.0000000325280
    -423.00000000000    1.0000000325280
    -422.00000000000    1.0000000325280
    -421.00000000000    1.0000000325280
    -420.00000000000    1.0000000325280
    -419.00000000000    1.0000000325280
    -418.00000000000    1.0000000325280
    -417.00000000000    1.0000000325280
    -416.00000000000    1.0000000325280
    -415.00000000000    1.0000000325280
    -414.00000000000    1.0000000325280
    -413.00000000000    1.0000000325280
    -412.00000000000    1.0000000325280
    -411.00000000000    1.0000000325280
    -410.00000000000    1.0000000325280
    -409.00000000000    1.0000000325280
    -408.00000000000    1.0000000325280
    -407.00000000000    1.0000000325280
    -406.00000000000    1.0000000325280
    -405.00000000000    1.0000000325280
    -404.00000000000    1.0000000325280
    -403.00000000000    1.0000000325280
    -402.00000000000    1.0000000325280
    -401.00000000000    1.0000000325280
    -400.00000000000    1.0000000325280
    -399.00000000000    1.0000000325280
    -398.00000000000    1.0000000325280
    -397.00000000000    1.0000000325280
    -396.00000000000    1.0000000325280
    -395.00000000000    1.0000000325280
    -394.00000000000    1.0000000325280
    -393.00000000000    1.0000000325280
    -392.00000000000    1.0000000325280
    -391.00000000000    1.0000000325280
    -390.00000000000    1.0000000325280
    -389.00000000000    1.0000000325280
    -388.00000000000    1.0000000325280
    -387.00000000000    1.0000000325280
    -386.00000000000    1.0000000325280
    -385.00000000000    1.0000000325280
    -384.00000000000    1.0000000325280
    -383.00000000000    1.0000000325280
    -382.00000000000    1.0000000325280
    -381.00000000000    1.0000000325280
    -380.00000000000    1.0000000325280
    -379.00000000000    1.0000000325280
    -378.00000000000    1.0000000325280
    -377.00000000000    1.0000000325280
    -376.00000000000    1.0000000325280
    -375.00000000000    1.0000000325280
    -374.00000000000    1.0000000325280
    -373.00000000000    1.0000000325280
    -372.00000000000    1.0000000325280
    -371.00000000000    1.0000000325280
    -370.00000000000    1.0000000325280
    -369.00000000000    1.0000000325280
    -368.00000000000    1.0000000325280
    -367.00000000000    1.0000000325280
    -366.00000000000    1.0000000325280
    -365.00000000000    1.0000000325280
    -364.00000000000    1.0000000325280
    -363.00000000000    1.0000000325280
    -362.00000000000    1.0000000325280
    -361.00000000000    1.0000000325280
    -360.00000000000    1.0000000325280
    -359.00000000000    1.0000000325280
    -358.00000000000    1.0000000325280
    -357.00000000000    1.0000000325280
    -356.00000000000    1.0000000325280
    -355.00000000000    1.0000000325280
    -354.00000000000    1.0000000325280
    -353.00000000000    1.0000000325280
    -352.00000000000    1.0000000325280
    -351.00000000000    1.0000000325280
    -350.00000000000    1.0000000325280
    -349.00000000000    1.0000000325280
    -348.00000000000    1.0000000325280
    -347.00000000000    1.0000000325280
    -346.00000000000    1.0000000325280
    -345.00000000000    1.0000000325280
    -344.00000000000    1.0000000325280
    -343.00000000000    1.0000000325280
    -342.00000000000    1.0000000325280
    -341.00000000000    1.0000000325280
    -340.00000000000    1.0000000325280
    -339.00000000000    1.0000000325280
    -338.00000000000    1.0000000325280
    -337.00000000000    1.0000000325280
    -336.00000000000    1.0000000325280
    -335.00000000000    1.0000000325280
    -334.00000000000    1.0000000325280
    -333.00000000000    1.0000000325280
    -332.00000000000    1.0000000325280
    -331.00000000000    1.0000000325280
    -330.00000000000    1.0000000325280
    -329.00000000000    1.0000000325280
    -328.00000000000    1.0000000325280
    -327.00000000000    1.0000000325280
    -326.00000000000    1.0000000325280
    -325.00000000000    1.0000000325280
    -324.00000000000    1.0000000325280
    -323.00000000000    1.0000000325280
    -322.00000000000    1.0000000325280
    -321.00000000000    1.0000000325280
    -320.00000000000    1.0000000325280
    -319.00000000000    1.0000000325280
    -318.00000000000    1.0000000325280
    -317.00000000000    1.0000000325280
    -316.00000000000    1.0000000325280
    -315.00000000000    1.0000000325280
    -314.00000000000    1.0000000325280
    -313.00000000000    1.0000000325280
    -312.00000000000    1.0000000325280
    -311.00000000000    1.0000000325280
    -310.00000000000    1.0000000325280
    -309.00000000000    1.0000000325280
    -308.00000000000    1.0000000325280
    -307.00000000000    1.0000000325280
    -306.00000000000    1.0000000325280
    -305.00000000000    1.0000000325280
    -304.00000000000    1.0000000325280
    -303.00000000000    1.0000000325280
    -302.00000000000    1.0000000325280
    -301.00000000000    1.0000000325280
    -300.00000000000    1.0000000325280
    -299.00000000000    1.0000000325280
    -298.00000000000    1.0000000325280
    -297.00000000000    1.0000000325280
    -296.00000000000    1.0000000325280
    -295.00000000000    1.0000000325280
    -294.00000000000    1.0000000325280
    -293.00000000000    1.0000000325280
    -292.00000000000    1.0000000325280
    -291.00000000000    1.0000000325280
    -290.00000000000    1.0000000325280
    -289.00000000000    1.0000000325280
    -288.00000000000    1.0000000325280
    -287.00000000000    1.0000000325280
    -286.00000000000    1.0000000325280
    -285.00000000000    1.0000000325280
    -284.00000000000    1.0000000325280
    -283.00000000000    1.0000000325280
    -282.00000000000    1.0000000325280
    -281.00000000000    1.0000000325280
    -280.00000000000    1.0000000325280
    -279.00000000000    1.0000000325280
    -278.00000000000    1.0000000325280
    -277.00000000000    1.0000000325280
    -276.00000000000    1.0000000325280
    -275.00000000000    1.0000000325280
    -274.00000000000    1.0000000325280
    -273.00000000000    1.0000000325280
    -272.00000000000    1.0000000325280
    -271.00000000000    1.0000000325280
    -270.00000000000    1.0000000325280
    -269.00000000000    1.0000000325280
    -268.00000000000    1.0000000325280
    -267.00000000000    1.0000000325280
    -266.00000000000    1.0000000325280
    -265.00000000000    1.0000000325280
    -264.00000000000    1.0000000325280
    -263.00000000000    1.0000000325280
    -262.00000000000    1.0000000325280
    -261.00000000000    1.0000000325280
    -260.00000000000    1.0000000325280
    -259.00000000000    1.0000000325280
    -258.00000000000    1.0000000325280
    -257.00000000000    1.0000000325280
    -256.00000000000    1.0000000325280
    -255.00000000000    1.0000000325280
    -254.00000000000    1.0000000325280
    -253.00000000000    1.0000000325280
    -252.00000000000    1.0000000325280
    -251.00000000000    1.0000000325280
    -250.00000000000    1.0000000325280
    -249.00000000000    1.0000000325280
    -248.00000000000    1.0000000325280
    -247.00000000000    1.0000000325280
    -246.00000000000    1.0000000325280
    -245.00000000000    1.0000000325280
    -244.00000000000    1.0000000325280
    -243.00000000000    1.0000000325280
    -242.00000000000    1.0000000325280
    -241.00000000000    1.0000000325280
    -240.00000000000    1.0000000325280
    -239.00000000000    1.0000000325280
    -238.00000000000    1.0000000325280
    -237.00000000000    1.0000000325280
    -236.00000000000    1.0000000325280
    -235.00000000000    1.0000000325280
    -234.00000000000    1.0000000325280
    -233.00000000000    1.0000000325280
    -232.00000000000    1.0000000325280
    -231.00000000000    1.0000000325280
    -230.00000000000    1.0000000325280
    -229.00000000000    1.0000000325280
    -228.00000000000    1.0000000325280
    -227.00000000000    1.0000000325280
    -226.00000000000    1.0000000325280
    -225.00000000000    1.0000000325280
    -224.00000000000    1.0000000325280
    -223.00000000000    1.0000000325280
    -222.00000000000    1.0000000325280
    -221.00000000000    1.0000000325280
    -220.00000000000    1.0000000325280
    -219.00000000000    1.0000000325280
    -218.00000000000    1.0000000325280
    -217.00000000000    1.0000000325280
    -216.00000000000    1.0000000325280
    -215.00000000000    1.0000000325280
    -214.00000000000    1.0000000325280
    -213.00000000000    1.0000000325280
    -212.00000000000    1.0000000325280
    -211.00000000000    1.0000000325280
    -210.00000000000    1.0000000325280
    -209.00000000000    1.0000000325280
    -208.00000000000    1.0000000325280
    -207.00000000000    1.0000000325280
    -206.00000000000    1.0000000325280
    -205.00000000000    1.0000000325280
    -204.00000000000    1.0000000325280
    -203.00000000000    1.0000000325280
    -202.00000000000    1.0000000325280
    -201.00000000000    1.0000000325280
    -200.00000000000    1.0000000325279
    -199.00000000000    1.0000000325278
    -198.00000000000    1.0000000325272
    -197.00000000000    1.0000000325250
    -196.00000000000    1.0000000325172
    -195.00000000000    1.0000000324904
    -194.00000000000    1.0000000324025
    -193.00000000000    1.0000000321271
    -192.00000000000    1.0000000313011
    -191.00000000000    1.0000000289299
    -190.00000000000    1.0000000224155
    -189.00000000000    1.0000000052856
    -188.00000000000   0.99999996216895
    -187.00000000000   0.99999985827607
    -186.00000000000   0.99999961859797
    -185.00000000000   0.99999908914506
    -184.00000000000   0.99999796907441
    -183.00000000000   0.99999569945004
    -182.00000000000   0.99999129354804
    -181.00000000000   0.99998309792446
    -180.00000000000   0.99996848610962
    -179.00000000000   0.99994350984928
    -178.00000000000   0.99990256504479
    -177.00000000000   0.99983816434953
    -176.00000000000   0.99974093322447
    -175.00000000000   0.99959994511273
    -174.00000000000   0.99940347064888
    -173.00000000000   0.99914013224800
    -172.00000000000   0.99880034262117
    -171.00000000000   0.99837779468336
    -170.00000000000   0.99787070116148
    -169.00000000000   0.99728248916041
    -168.00000000000   0.99662174979973
    -167.00000000000   0.99590140599910
    -166.00000000000   0.99513724520642
    -165.00000000000   0.99434611038791
    -164.00000000000   0.99354410619147
    -163.00000000000   0.99274514220275
    -162.00000000000   0.99196002071845
    -161.00000000000   0.99119612612449
    -160.00000000000   0.99045763590254
    -159.00000000000   0.98974608548557
    -158.00000000000   0.98906109338992
    -157.00000000000   0.98840107974262
    -156.00000000000   0.98776386780271
    -155.00000000000   0.98714711990455
    -154.00000000000   0.98654860876411
    -153.00000000000   0.98596635464264
    -152.00000000000   0.98539866940160
    -151.00000000000   0.98484414575899
    -150.00000000000   0.98430162081258
    -149.00000000000   0.98377013242228
    -148.00000000000   0.98324887834322
    -147.00000000000   0.98273718208302
    -146.00000000000   0.98223446609512
    -145.00000000000   0.98174023139118
    -144.00000000000   0.98125404220879
    -143.00000000000   0.98077551444650
    -142.00000000000   0.98030430683556
    -141.00000000000   0.97984011408948
    -140.00000000000   0.97938266149484
    -139.00000000000   0.97893170056932
    -138.00000000000   0.97848700552536
    -137.00000000000   0.97804837035366
    -136.00000000000   0.97761560639200
    -135.00000000000   0.97718854027969
    -134.00000000000   0.97676701222265
    -133.00000000000   0.97635087451123
    -132.00000000000   0.97593999024596
    -131.00000000000   0.97553423223552
    -130.00000000000   0.97513348203872
    -129.00000000000   0.97473762912755
    -128.00000000000   0.97434657015272
    -127.00000000000   0.97396020829643
    -126.00000000000   0.97357845269986
    -125.00000000000   0.97320121795486
    -124.00000000000   0.97282842365106
    -123.00000000000   0.97245999397126
    -122.00000000000   0.97209585732863
    -121.00000000000   0.97173594604064
    -120.00000000000   0.97138019603516
    -119.00000000000   0.97102854658489
    -118.00000000000   0.97068094006677
    -117.00000000000   0.97033732174367
    -116.00000000000   0.96999763956563
    -115.00000000000   0.96966184398870
    -114.00000000000   0.96932988780952
    -113.00000000000   0.96900172601376
    -112.00000000000   0.96867731563729
    -111.00000000000   0.96835661563861
    -110.00000000000   0.96803958678147
    -109.00000000000   0.96772619152670
    -108.00000000000   0.96741639393244
    -107.00000000000   0.96711015956183
    -106.00000000000   0.96680745539763
   -105.000000000000   0.96650824976309
   -104.000000000000   0.96621251224847
   -103.000000000000   0.96592021364280
   -102.000000000000   0.96563132587034
   -101.000000000000   0.96534582193147
   -100.000000000000   0.96506367584750
    -99.000000000000   0.96478486260915
    -98.000000000000   0.96450935812847
    -97.000000000000   0.96423713919376
    -96.000000000000   0.96396818342744
    -95.000000000000   0.96370246924649
    -94.000000000000   0.96343997582541
    -93.000000000000   0.96318068306135
    -92.000000000000   0.96292457154141
    -91.000000000000   0.96267162251182
    -90.000000000000   0.96242181784900
    -89.000000000000   0.96217514003215
    -88.000000000000   0.96193157211761
    -87.000000000000   0.96169109771445
    -86.000000000000   0.96145370096159
    -85.000000000000   0.96121936650603
    -84.000000000000   0.96098807948242
    -83.000000000000   0.96075982549358
    -82.000000000000   0.96053459059214
    -81.000000000000   0.96031236126313
    -80.000000000000   0.96009312440743
    -79.000000000000   0.95987686732614
    -78.000000000000   0.95966357770569
    -77.000000000000   0.95945324360369
    -76.000000000000   0.95924585343556
    -75.000000000000   0.95904139596172
    -74.000000000000   0.95883986027546
    -73.000000000000   0.95864123579141
    -72.000000000000   0.95844551223450
    -71.000000000000   0.95825267962949
    -70.000000000000   0.95806272829101
    -69.000000000000   0.95787564881400
    -68.000000000000   0.95769143206461
    -67.000000000000   0.95751006917159
    -66.000000000000   0.95733155151796
    -65.000000000000   0.95715587073313
    -64.000000000000   0.95698301868532
    -63.000000000000   0.95681298747438
    -62.000000000000   0.95664576942486
    -61.000000000000   0.95648135707945
    -60.000000000000   0.95631974319259
    -59.000000000000   0.95616092072453
    -58.000000000000   0.95600488283547
    -57.000000000000   0.95585162288006
    -56.000000000000   0.95570113440209
    -55.000000000000   0.95555341112942
    -54.000000000000   0.95540844696908
    -53.000000000000   0.95526623600268
    -52.000000000000   0.95512677248186
    -51.000000000000   0.95499005082405
    -50.000000000000   0.95485606560838
    -49.000000000000   0.95472481157167
    -48.000000000000   0.95459628360476
    -47.000000000000   0.95447047674877
    -46.000000000000   0.95434738619172
    -45.000000000000   0.95422700726514
    -44.000000000000   0.95410933544091
    -43.000000000000   0.95399436632815
    -42.000000000000   0.95388209567034
    -41.000000000000   0.95377251934242
    -40.000000000000   0.95366563334814
    -39.000000000000   0.95356143381747
    -38.000000000000   0.95345991700404
    -37.000000000000   0.95336107928285
    -36.000000000000   0.95326491714789
    -35.000000000000   0.95317142721001
    -34.000000000000   0.95308060619480
    -33.000000000000   0.95299245094055
    -32.000000000000   0.95290695839637
    -31.000000000000   0.95282412562031
    -30.000000000000   0.95274394977760
    -29.000000000000   0.95266642813897
    -28.000000000000   0.95259155807903
    -27.000000000000   0.95251933707475
    -26.000000000000   0.95244976270395
    -25.000000000000   0.95238283264392
    -24.000000000000   0.95231854467010
    -23.000000000000   0.95225689665476
    -22.000000000000   0.95219788656586
    -21.000000000000   0.95214151246582
    -20.000000000000   0.95208777251052
    -19.000000000000   0.95203666494817
    -18.000000000000   0.95198818811843
    -17.000000000000   0.95194234045142
    -16.000000000000   0.95189912046691
    -15.000000000000   0.95185852677344
    -14.000000000000   0.95182055806763
    -13.000000000000   0.95178521313344
    -12.000000000000   0.95175249084149
    -11.000000000000   0.95172239014847
   -10.0000000000000   0.95169491009658
    -9.0000000000000   0.95167004981303
    -8.0000000000000   0.95164780850951
    -7.0000000000000   0.95162818548185
    -6.0000000000000   0.95161118010958
    -5.0000000000000   0.95159679185564
    -4.0000000000000   0.95158502026605
    -3.0000000000000   0.95157586496972
    -2.0000000000000   0.95156932567824
    -1.0000000000000   0.95156540218568
   0.   0.95156409436854
     1.0000000000000   0.95156540218568
     2.0000000000000   0.95156932567824
     3.0000000000000   0.95157586496972
     4.0000000000000   0.95158502026605
     5.0000000000000   0.95159679185564
     6.0000000000000   0.95161118010958
     7.0000000000000   0.95162818548185
     8.0000000000000   0.95164780850951
     9.0000000000000   0.95167004981303
    10.0000000000000   0.95169491009658
     11.000000000000   0.95172239014847
     12.000000000000   0.95175249084148
     13.000000000000   0.95178521313344
     14.000000000000   0.95182055806763
     15.000000000000   0.95185852677344
     16.000000000000   0.95189912046691
     17.000000000000   0.95194234045142
     18.000000000000   0.95198818811843
     19.000000000000   0.95203666494817
     20.000000000000   0.95208777251052
     21.000000000000   0.95214151246582
     22.000000000000   0.95219788656586
     23.000000000000   0.95225689665476
     24.000000000000   0.95231854467010
     25.000000000000   0.95238283264392
     26.000000000000   0.95244976270395
     27.000000000000   0.95251933707475
     28.000000000000   0.95259155807903
     29.000000000000   0.95266642813897
     30.000000000000   0.95274394977760
     31.000000000000   0.95282412562031
     32.000000000000   0.95290695839637
     33.000000000000   0.95299245094055
     34.000000000000   0.95308060619480
     35.000000000000   0.95317142721001
     36.000000000000   0.95326491714789
     37.000000000000   0.95336107928285
     38.000000000000   0.95345991700404
     39.000000000000   0.95356143381747
     40.000000000000   0.95366563334814
     41.000000000000   0.95377251934242
     42.000000000000   0.95388209567034
     43.000000000000   0.95399436632815
     44.000000000000   0.95410933544091
     45.000000000000   0.95422700726514
     46.000000000000   0.95434738619172
     47.000000000000   0.95447047674877
     48.000000000000   0.95459628360476
     49.000000000000   0.95472481157167
     50.000000000000   0.95485606560838
     51.000000000000   0.95499005082405
     52.000000000000   0.95512677248186
     53.000000000000   0.95526623600268
     54.000000000000   0.95540844696908
     55.000000000000   0.95555341112942
     56.000000000000   0.95570113440209
     57.000000000000   0.95585162288006
     58.000000000000   0.95600488283547
     59.000000000000   0.95616092072453
     60.000000000000   0.95631974319259
     61.000000000000   0.95648135707945
     62.000000000000   0.95664576942486
     63.000000000000   0.95681298747438
     64.000000000000   0.95698301868532
     65.000000000000   0.95715587073313
     66.000000000000   0.95733155151796
     67.000000000000   0.95751006917159
     68.000000000000   0.95769143206461
     69.000000000000   0.95787564881400
     70.000000000000   0.95806272829101
     71.000000000000   0.95825267962949
     72.000000000000   0.95844551223450
     73.000000000000   0.95864123579141
     74.000000000000   0.95883986027546
     75.000000000000   0.95904139596172
     76.000000000000   0.95924585343556
     77.000000000000   0.95945324360369
     78.000000000000   0.95966357770569
     79.000000000000   0.95987686732614
     80.000000000000   0.96009312440743
     81.000000000000   0.96031236126313
     82.000000000000   0.96053459059214
     83.000000000000   0.96075982549358
     84.000000000000   0.96098807948242
     85.000000000000   0.96121936650603
     86.000000000000   0.96145370096159
     87.000000000000   0.96169109771445
     88.000000000000   0.96193157211761
     89.000000000000   0.96217514003215
     90.000000000000   0.96242181784900
     91.000000000000   0.96267162251182
     92.000000000000   0.96292457154141
     93.000000000000   0.96318068306135
     94.000000000000   0.96343997582541
     95.000000000000   0.96370246924649
     96.000000000000   0.96396818342744
     97.000000000000   0.96423713919376
     98.000000000000   0.96450935812847
     99.000000000000   0.96478486260915
    100.000000000000   0.96506367584750
    101.000000000000   0.96534582193147
    102.000000000000   0.96563132587034
    103.000000000000   0.96592021364280
    104.000000000000   0.96621251224847
    105.000000000000   0.96650824976309
     106.00000000000   0.96680745539763
     107.00000000000   0.96711015956183
     108.00000000000   0.96741639393244
     109.00000000000   0.96772619152670
     110.00000000000   0.96803958678147
     111.00000000000   0.96835661563861
     112.00000000000   0.96867731563729
     113.00000000000   0.96900172601376
     114.00000000000   0.96932988780952
     115.00000000000   0.96966184398870
     116.00000000000   0.96999763956563
     117.00000000000   0.97033732174367
     118.00000000000   0.97068094006677
     119.00000000000   0.97102854658489
     120.00000000000   0.97138019603517
     121.00000000000   0.97173594604064
     122.00000000000   0.97209585732863
     123.00000000000   0.97245999397126
     124.00000000000   0.97282842365106
     125.00000000000   0.97320121795486
     126.00000000000   0.97357845269986
     127.00000000000   0.97396020829643
     128.00000000000   0.97434657015272
     129.00000000000   0.97473762912755
     130.00000000000   0.97513348203872
     131.00000000000   0.97553423223552
     132.00000000000   0.97593999024596
     133.00000000000   0.97635087451123
     134.00000000000   0.97676701222265
     135.00000000000   0.97718854027969
     136.00000000000   0.97761560639200
     137.00000000000   0.97804837035366
     138.00000000000   0.97848700552536
     139.00000000000   0.97893170056932
     140.00000000000   0.97938266149484
     141.00000000000   0.97984011408948
     142.00000000000   0.98030430683556
     143.00000000000   0.98077551444650
     144.00000000000   0.98125404220879
     145.00000000000   0.98174023139118
     146.00000000000   0.98223446609512
     147.00000000000   0.98273718208302
     148.00000000000   0.98324887834322
     149.00000000000   0.98377013242228
     150.00000000000   0.98430162081258
     151.00000000000   0.98484414575899
     152.00000000000   0.98539866940160
     153.00000000000   0.98596635464264
     154.00000000000   0.98654860876411
     155.00000000000   0.98714711990455
     156.00000000000   0.98776386780271
     157.00000000000   0.98840107974262
     158.00000000000   0.98906109338992
     159.00000000000   0.98974608548557
     160.00000000000   0.99045763590254
     161.00000000000   0.99119612612449
     162.00000000000   0.99196002071845
     163.00000000000   0.99274514220275
     164.00000000000   0.99354410619147
     165.00000000000   0.99434611038791
     166.00000000000   0.99513724520642
     167.00000000000   0.99590140599910
     168.00000000000   0.99662174979973
     169.00000000000   0.99728248916041
     170.00000000000   0.99787070116148
     171.00000000000   0.99837779468336
     172.00000000000   0.99880034262117
     173.00000000000   0.99914013224800
     174.00000000000   0.99940347064888
     175.00000000000   0.99959994511273
     176.00000000000   0.99974093322447
     177.00000000000   0.99983816434953
     178.00000000000   0.99990256504479
     179.00000000000   0.99994350984928
     180.00000000000   0.99996848610962
     181.00000000000   0.99998309792446
     182.00000000000   0.99999129354804
     183.00000000000   0.99999569945004
     184.00000000000   0.99999796907441
     185.00000000000   0.99999908914506
     186.00000000000   0.99999961859797
     187.00000000000   0.99999985827607
     188.00000000000   0.99999996216895
     189.00000000000    1.0000000052856
     190.00000000000    1.0000000224155
     191.00000000000    1.0000000289299
     192.00000000000    1.0000000313011
     193.00000000000    1.0000000321271
     194.00000000000    1.0000000324025
     195.00000000000    1.0000000324904
     196.00000000000    1.0000000325172
     197.00000000000    1.0000000325250
     198.00000000000    1.0000000325272
     199.00000000000    1.0000000325278
     200.00000000000    1.0000000325279
     201.00000000000    1.0000000325280
     202.00000000000    1.0000000325280
     203.00000000000    1.0000000325280
     204.00000000000    1.0000000325280
     205.00000000000    1.0000000325280
     206.00000000000    1.0000000325280
     207.00000000000    1.0000000325280
     208.00000000000    1.0000000325280
     209.00000000000    1.0000000325280
     210.00000000000    1.0000000325280
     211.00000000000    1.0000000325280
     212.00000000000    1.0000000325280
     213.00000000000    1.0000000325280
     214.00000000000    1.0000000325280
     215.00000000000    1.0000000325280
     216.00000000000    1.0000000325280
     217.00000000000    1.0000000325280
     218.00000000000    1.0000000325280
     219.00000000000    1.0000000325280
     220.00000000000    1.0000000325280
     221.00000000000    1.0000000325280
     222.00000000000    1.0000000325280
     223.00000000000    1.0000000325280
     224.00000000000    1.0000000325280
     225.00000000000    1.0000000325280
     226.00000000000    1.0000000325280
     227.00000000000    1.0000000325280
     228.00000000000    1.0000000325280
     229.00000000000    1.0000000325280
     230.00000000000    1.0000000325280
     231.00000000000    1.0000000325280
     232.00000000000    1.0000000325280
     233.00000000000    1.0000000325280
     234.00000000000    1.0000000325280
     235.00000000000    1.0000000325280
     236.00000000000    1.0000000325280
     237.00000000000    1.0000000325280
     238.00000000000    1.0000000325280
     239.00000000000    1.0000000325280
     240.00000000000    1.0000000325280
     241.00000000000    1.0000000325280
     242.00000000000    1.0000000325280
     243.00000000000    1.0000000325280
     244.00000000000    1.0000000325280
     245.00000000000    1.0000000325280
     246.00000000000    1.0000000325280
     247.00000000000    1.0000000325280
     248.00000000000    1.0000000325280
     249.00000000000    1.0000000325280
     250.00000000000    1.0000000325280
     251.00000000000    1.0000000325280
     252.00000000000    1.0000000325280
     253.00000000000    1.0000000325280
     254.00000000000    1.0000000325280
     255.00000000000    1.0000000325280
     256.00000000000    1.0000000325280
     257.00000000000    1.0000000325280
     258.00000000000    1.0000000325280
     259.00000000000    1.0000000325280
     260.00000000000    1.0000000325280
     261.00000000000    1.0000000325280
     262.00000000000    1.0000000325280
     263.00000000000    1.0000000325280
     264.00000000000    1.0000000325280
     265.00000000000    1.0000000325280
     266.00000000000    1.0000000325280
     267.00000000000    1.0000000325280
     268.00000000000    1.0000000325280
     269.00000000000    1.0000000325280
     270.00000000000    1.0000000325280
     271.00000000000    1.0000000325280
     272.00000000000    1.0000000325280
     273.00000000000    1.0000000325280
     274.00000000000    1.0000000325280
     275.00000000000    1.0000000325280
     276.00000000000    1.0000000325280
     277.00000000000    1.0000000325280
     278.00000000000    1.0000000325280
     279.00000000000    1.0000000325280
     280.00000000000    1.0000000325280
     281.00000000000    1.0000000325280
     282.00000000000    1.0000000325280
     283.00000000000    1.0000000325280
     284.00000000000    1.0000000325280
     285.00000000000    1.0000000325280
     286.00000000000    1.0000000325280
     287.00000000000    1.0000000325280
     288.00000000000    1.0000000325280
     289.00000000000    1.0000000325280
     290.00000000000    1.0000000325280
     291.00000000000    1.0000000325280
     292.00000000000    1.0000000325280
     293.00000000000    1.0000000325280
     294.00000000000    1.0000000325280
     295.00000000000    1.0000000325280
     296.00000000000    1.0000000325280
     297.00000000000    1.0000000325280
     298.00000000000    1.0000000325280
     299.00000000000    1.0000000325280
     300.00000000000    1.0000000325280
     301.00000000000    1.0000000325280
     302.00000000000    1.0000000325280
     303.00000000000    1.0000000325280
     304.00000000000    1.0000000325280
     305.00000000000    1.0000000325280
     306.00000000000    1.0000000325280
     307.00000000000    1.0000000325280
     308.00000000000    1.0000000325280
     309.00000000000    1.0000000325280
     310.00000000000    1.0000000325280
     311.00000000000    1.0000000325280
     312.00000000000    1.0000000325280
     313.00000000000    1.0000000325280
     314.00000000000    1.0000000325280
     315.00000000000    1.0000000325280
     316.00000000000    1.0000000325280
     317.00000000000    1.0000000325280
     318.00000000000    1.0000000325280
     319.00000000000    1.0000000325280
     320.00000000000    1.0000000325280
     321.00000000000    1.0000000325280
     322.00000000000    1.0000000325280
     323.00000000000    1.0000000325280
     324.00000000000    1.0000000325280
     325.00000000000    1.0000000325280
     326.00000000000    1.0000000325280
     327.00000000000    1.0000000325280
     328.00000000000    1.0000000325280
     329.00000000000    1.0000000325280
     330.00000000000    1.0000000325280
     331.00000000000    1.0000000325280
     332.00000000000    1.0000000325280
     333.00000000000    1.0000000325280
     334.00000000000    1.0000000325280
     335.00000000000    1.0000000325280
     336.00000000000    1.0000000325280
     337.00000000000    1.0000000325280
     338.00000000000    1.0000000325280
     339.00000000000    1.0000000325280
     340.00000000000    1.0000000325280
     341.00000000000    1.0000000325280
     342.00000000000    1.0000000325280
     343.00000000000    1.0000000325280
     344.00000000000    1.0000000325280
     345.00000000000    1.0000000325280
     346.00000000000    1.0000000325280
     347.00000000000    1.0000000325280
     348.00000000000    1.0000000325280
     349.00000000000    1.0000000325280
     350.00000000000    1.0000000325280
     351.00000000000    1.0000000325280
     352.00000000000    1.0000000325280
     353.00000000000    1.0000000325280
     354.00000000000    1.0000000325280
     355.00000000000    1.0000000325280
     356.00000000000    1.0000000325280
     357.00000000000    1.0000000325280
     358.00000000000    1.0000000325280
     359.00000000000    1.0000000325280
     360.00000000000    1.0000000325280
     361.00000000000    1.0000000325280
     362.00000000000    1.0000000325280
     363.00000000000    1.0000000325280
     364.00000000000    1.0000000325280
     365.00000000000    1.0000000325280
     366.00000000000    1.0000000325280
     367.00000000000    1.0000000325280
     368.00000000000    1.0000000325280
     369.00000000000    1.0000000325280
     370.00000000000    1.0000000325280
     371.00000000000    1.0000000325280
     372.00000000000    1.0000000325280
     373.00000000000    1.0000000325280
     374.00000000000    1.0000000325280
     375.00000000000    1.0000000325280
     376.00000000000    1.0000000325280
     377.00000000000    1.0000000325280
     378.00000000000    1.0000000325280
     379.00000000000    1.0000000325280
     380.00000000000    1.0000000325280
     381.00000000000    1.0000000325280
     382.00000000000    1.0000000325280
     383.00000000000    1.0000000325280
     384.00000000000    1.0000000325280
     385.00000000000    1.0000000325280
     386.00000000000    1.0000000325280
     387.00000000000    1.0000000325280
     388.00000000000    1.0000000325280
     389.00000000000    1.0000000325280
     390.00000000000    1.0000000325280
     391.00000000000    1.0000000325280
     392.00000000000    1.0000000325280
     393.00000000000    1.0000000325280
     394.00000000000    1.0000000325280
     395.00000000000    1.0000000325280
     396.00000000000    1.0000000325280
     397.00000000000    1.0000000325280
     398.00000000000    1.0000000325280
     399.00000000000    1.0000000325280
     400.00000000000    1.0000000325280
     401.00000000000    1.0000000325280
     402.00000000000    1.0000000325280
     403.00000000000    1.0000000325280
     404.00000000000    1.0000000325280
     405.00000000000    1.0000000325280
     406.00000000000    1.0000000325280
     407.00000000000    1.0000000325280
     408.00000000000    1.0000000325280
     409.00000000000    1.0000000325280
     410.00000000000    1.0000000325280
     411.00000000000    1.0000000325280
     412.00000000000    1.0000000325280
     413.00000000000    1.0000000325280
     414.00000000000    1.0000000325280
     415.00000000000    1.0000000325280
     416.00000000000    1.0000000325280
     417.00000000000    1.0000000325280
     418.00000000000    1.0000000325280
     419.00000000000    1.0000000325280
     420.00000000000    1.0000000325280
     421.00000000000    1.0000000325280
     422.00000000000    1.0000000325280
     423.00000000000    1.0000000325280
     424.00000000000    1.0000000325280
     425.00000000000    1.0000000325280
     426.00000000000    1.0000000325280
     427.00000000000    1.0000000325280
     428.00000000000    1.0000000325280
     429.00000000000    1.0000000325280
     430.00000000000    1.0000000325280
     431.00000000000    1.0000000325280
     432.00000000000    1.0000000325280
     433.00000000000    1.0000000325280
     434.00000000000    1.0000000325280
     435.00000000000    1.0000000325280
     436.00000000000    1.0000000325280
     437.00000000000    1.0000000325280
     438.00000000000    1.0000000325280
     439.00000000000    1.0000000325280
     440.00000000000    1.0000000325280
     441.00000000000    1.0000000325280
     442.00000000000    1.0000000325280
     443.00000000000    1.0000000325280
     444.00000000000    1.0000000325280
     445.00000000000    1.0000000325280
     446.00000000000    1.0000000325280
     447.00000000000    1.0000000325280
     448.00000000000    1.0000000325280
     449.00000000000    1.0000000325280
     450.00000000000    1.0000000325280
     451.00000000000    1.0000000325280
     452.00000000000    1.0000000325280
     453.00000000000    1.0000000325280
     454.00000000000    1.0000000325280
     455.00000000000    1.0000000325280
     456.00000000000    1.0000000325280
     457.00000000000    1.0000000325280
     458.00000000000    1.0000000325280
     459.00000000000    1.0000000325280
     460.00000000000    1.0000000325280
     461.00000000000    1.0000000325280
     462.00000000000    1.0000000325280
     463.00000000000    1.0000000325280
     464.00000000000    1.0000000325280
     465.00000000000    1.0000000325280
     466.00000000000    1.0000000325280
     467.00000000000    1.0000000325280
     468.00000000000    1.0000000325280
     469.00000000000    1.0000000325280
     470.00000000000    1.0000000325280
     471.00000000000    1.0000000325280
     472.00000000000    1.0000000325280
     473.00000000000    1.0000000325280
     474.00000000000    1.0000000325280
     475.00000000000    1.0000000325280
     476.00000000000    1.0000000325280
     477.00000000000    1.0000000325280
     478.00000000000    1.0000000325280
     479.00000000000    1.0000000325280
     480.00000000000    1.0000000325280
     481.00000000000    1.0000000325280
     482.00000000000    1.0000000325280
     483.00000000000    1.0000000325280
     484.00000000000    1.0000000325280
     485.00000000000    1.0000000325280
     486.00000000000    1.0000000325280
     487.00000000000    1.0000000325280
     488.00000000000    1.0000000325280
     489.00000000000    1.0000000325280
     490.00000000000    1.0000000325280
     491.00000000000    1.0000000325280
     492.00000000000    1.0000000325280
     493.00000000000    1.0000000325280
     494.00000000000    1.0000000325280
     495.00000000000    1.0000000325280
     496.00000000000    1.0000000325280
     497.00000000000    1.0000000325280
     498.00000000000    1.0000000325280
     499.00000000000    1.0000000325280
     500.00000000000    1.0000000325280
