    -500.00000000000    1.0000000325280
    -499.00000000000    1.0000000325280
    -498.00000000000    1.0000000325280
    -497.00000000000    1.0000000325280
    -496.00000000000    1.0000000325280
    -495.00000000000    1.0000000325280
    -494.00000000000    1.0000000325280
    -493.00000000000    1.0000000325280
    -492.00000000000    1.0000000325280
    -491.00000000000    1.0000000325280
    -490.00000000000    1.0000000325280
    -489.00000000000    1.0000000325280
    -488.00000000000    1.0000000325280
    -487.00000000000    1.0000000325280
    -486.00000000000    1.0000000325280
    -485.00000000000    1.0000000325280
    -484.00000000000    1.0000000325280
    -483.00000000000    1.0000000325280
    -482.00000000000    1.0000000325280
    -481.00000000000    1.0000000325280
    -480.00000000000    1.0000000325280
    -479.00000000000    1.0000000325280
    -478.00000000000    1.0000000325280
    -477.00000000000    1.0000000325280
    -476.00000000000    1.0000000325280
    -475.00000000000    1.0000000325280
    -474.00000000000    1.0000000325280
    -473.00000000000    1.0000000325280
    -472.00000000000    1.0000000325280
    -471.00000000000    1.0000000325280
    -470.00000000000    1.0000000325280
    -469.00000000000    1.0000000325280
    -468.00000000000    1.0000000325280
    -467.00000000000    1.0000000325280
    -466.00000000000    1.0000000325280
    -465.00000000000    1.0000000325280
    -464.00000000000    1.0000000325280
    -463.00000000000    1.0000000325280
    -462.00000000000    1.0000000325280
    -461.00000000000    1.0000000325280
    -460.00000000000    1.0000000325280
    -459.00000000000    1.0000000325280
    -458.00000000000    1.0000000325280
    -457.00000000000    1.0000000325280
    -456.00000000000    1.0000000325280
    -455.00000000000    1.0000000325280
    -454.00000000000    1.0000000325280
    -453.00000000000    1.0000000325280
    -452.00000000000    1.0000000325280
    -451.00000000000    1.0000000325280
    -450.00000000000    1.0000000325280
    -449.00000000000    1.0000000325280
    -448.00000000000    1.0000000325280
    -447.00000000000    1.0000000325280
    -446.00000000000    1.0000000325280
    -445.00000000000    1.0000000325280
    -444.00000000000    1.0000000325280
    -443.00000000000    1.0000000325280
    -442.00000000000    1.0000000325280
    -441.00000000000    1.0000000325280
    -440.00000000000    1.0000000325280
    -439.00000000000    1.0000000325280
    -438.00000000000    1.0000000325280
    -437.00000000000    1.0000000325280
    -436.00000000000    1.0000000325280
    -435.00000000000    1.0000000325280
    -434.00000000000    1.0000000325280
    -433.00000000000    1.0000000325280
    -432.00000000000    1.0000000325280
    -431.00000000000    1.0000000325280
    -430.00000000000    1.0000000325280
    -429.00000000000    1.0000000325280
    -428.00000000000    1.0000000325280
    -427.00000000000    1.0000000325280
    -426.00000000000    1.0000000325280
    -425.00000000000    1.0000000325280
    -424.00000000000    1.0000000325280
    -423.00000000000    1.0000000325280
    -422.00000000000    1.0000000325280
    -421.00000000000    1.0000000325280
    -420.00000000000    1.0000000325280
    -419.00000000000    1.0000000325280
    -418.00000000000    1.0000000325280
    -417.00000000000    1.0000000325280
    -416.00000000000    1.0000000325280
    -415.00000000000    1.0000000325280
    -414.00000000000    1.0000000325280
    -413.00000000000    1.0000000325280
    -412.00000000000    1.0000000325280
    -411.00000000000    1.0000000325280
    -410.00000000000    1.0000000325280
    -409.00000000000    1.0000000325280
    -408.00000000000    1.0000000325280
    -407.00000000000    1.0000000325280
    -406.00000000000    1.0000000325280
    -405.00000000000    1.0000000325280
    -404.00000000000    1.0000000325280
    -403.00000000000    1.0000000325280
    -402.00000000000    1.0000000325280
    -401.00000000000    1.0000000325280
    -400.00000000000    1.0000000325280
    -399.00000000000    1.0000000325280
    -398.00000000000    1.0000000325280
    -397.00000000000    1.0000000325280
    -396.00000000000    1.0000000325280
    -395.00000000000    1.0000000325280
    -394.00000000000    1.0000000325280
    -393.00000000000    1.0000000325280
    -392.00000000000    1.0000000325280
    -391.00000000000    1.0000000325280
    -390.00000000000    1.0000000325280
    -389.00000000000    1.0000000325280
    -388.00000000000    1.0000000325280
    -387.00000000000    1.0000000325280
    -386.00000000000    1.0000000325280
    -385.00000000000    1.0000000325280
    -384.00000000000    1.0000000325280
    -383.00000000000    1.0000000325280
    -382.00000000000    1.0000000325280
    -381.00000000000    1.0000000325280
    -380.00000000000    1.0000000325280
    -379.00000000000    1.0000000325280
    -378.00000000000    1.0000000325280
    -377.00000000000    1.0000000325280
    -376.00000000000    1.0000000325280
    -375.00000000000    1.0000000325280
    -374.00000000000    1.0000000325280
    -373.00000000000    1.0000000325280
    -372.00000000000    1.0000000325280
    -371.00000000000    1.0000000325280
    -370.00000000000    1.0000000325280
    -369.00000000000    1.0000000325280
    -368.00000000000    1.0000000325280
    -367.00000000000    1.0000000325280
    -366.00000000000    1.0000000325280
    -365.00000000000    1.0000000325280
    -364.00000000000    1.0000000325280
    -363.00000000000    1.0000000325280
    -362.00000000000    1.0000000325280
    -361.00000000000    1.0000000325280
    -360.00000000000    1.0000000325280
    -359.00000000000    1.0000000325280
    -358.00000000000    1.0000000325280
    -357.00000000000    1.0000000325280
    -356.00000000000    1.0000000325280
    -355.00000000000    1.0000000325280
    -354.00000000000    1.0000000325280
    -353.00000000000    1.0000000325280
    -352.00000000000    1.0000000325280
    -351.00000000000    1.0000000325280
    -350.00000000000    1.0000000325280
    -349.00000000000    1.0000000325280
    -348.00000000000    1.0000000325280
    -347.00000000000    1.0000000325280
    -346.00000000000    1.0000000325280
    -345.00000000000    1.0000000325280
    -344.00000000000    1.0000000325280
    -343.00000000000    1.0000000325280
    -342.00000000000    1.0000000325280
    -341.00000000000    1.0000000325280
    -340.00000000000    1.0000000325280
    -339.00000000000    1.0000000325280
    -338.00000000000    1.0000000325280
    -337.00000000000    1.0000000325280
    -336.00000000000    1.0000000325280
    -335.00000000000    1.0000000325280
    -334.00000000000    1.0000000325280
    -333.00000000000    1.0000000325280
    -332.00000000000    1.0000000325280
    -331.00000000000    1.0000000325280
    -330.00000000000    1.0000000325280
    -329.00000000000    1.0000000325280
    -328.00000000000    1.0000000325280
    -327.00000000000    1.0000000325280
    -326.00000000000    1.0000000325280
    -325.00000000000    1.0000000325280
    -324.00000000000    1.0000000325280
    -323.00000000000    1.0000000325280
    -322.00000000000    1.0000000325280
    -321.00000000000    1.0000000325280
    -320.00000000000    1.0000000325280
    -319.00000000000    1.0000000325280
    -318.00000000000    1.0000000325280
    -317.00000000000    1.0000000325280
    -316.00000000000    1.0000000325280
    -315.00000000000    1.0000000325280
    -314.00000000000    1.0000000325280
    -313.00000000000    1.0000000325280
    -312.00000000000    1.0000000325280
    -311.00000000000    1.0000000325280
    -310.00000000000    1.0000000325280
    -309.00000000000    1.0000000325280
    -308.00000000000    1.0000000325280
    -307.00000000000    1.0000000325280
    -306.00000000000    1.0000000325280
    -305.00000000000    1.0000000325280
    -304.00000000000    1.0000000325280
    -303.00000000000    1.0000000325280
    -302.00000000000    1.0000000325280
    -301.00000000000    1.0000000325280
    -300.00000000000    1.0000000325280
    -299.00000000000    1.0000000325280
    -298.00000000000    1.0000000325280
    -297.00000000000    1.0000000325280
    -296.00000000000    1.0000000325280
    -295.00000000000    1.0000000325280
    -294.00000000000    1.0000000325280
    -293.00000000000    1.0000000325280
    -292.00000000000    1.0000000325280
    -291.00000000000    1.0000000325280
    -290.00000000000    1.0000000325280
    -289.00000000000    1.0000000325280
    -288.00000000000    1.0000000325280
    -287.00000000000    1.0000000325280
    -286.00000000000    1.0000000325280
    -285.00000000000    1.0000000325280
    -284.00000000000    1.0000000325280
    -283.00000000000    1.0000000325280
    -282.00000000000    1.0000000325280
    -281.00000000000    1.0000000325280
    -280.00000000000    1.0000000325280
    -279.00000000000    1.0000000325280
    -278.00000000000    1.0000000325280
    -277.00000000000    1.0000000325280
    -276.00000000000    1.0000000325280
    -275.00000000000    1.0000000325280
    -274.00000000000    1.0000000325280
    -273.00000000000    1.0000000325280
    -272.00000000000    1.0000000325280
    -271.00000000000    1.0000000325280
    -270.00000000000    1.0000000325280
    -269.00000000000    1.0000000325280
    -268.00000000000    1.0000000325280
    -267.00000000000    1.0000000325280
    -266.00000000000    1.0000000325280
    -265.00000000000    1.0000000325280
    -264.00000000000    1.0000000325280
    -263.00000000000    1.0000000325280
    -262.00000000000    1.0000000325280
    -261.00000000000    1.0000000325280
    -260.00000000000    1.0000000325280
    -259.00000000000    1.0000000325280
    -258.00000000000    1.0000000325280
    -257.00000000000    1.0000000325280
    -256.00000000000    1.0000000325280
    -255.00000000000    1.0000000325280
    -254.00000000000    1.0000000325280
    -253.00000000000    1.0000000325280
    -252.00000000000    1.0000000325280
    -251.00000000000    1.0000000325280
    -250.00000000000    1.0000000325280
    -249.00000000000    1.0000000325280
    -248.00000000000    1.0000000325280
    -247.00000000000    1.0000000325280
    -246.00000000000    1.0000000325280
    -245.00000000000    1.0000000325280
    -244.00000000000    1.0000000325280
    -243.00000000000    1.0000000325280
    -242.00000000000    1.0000000325280
    -241.00000000000    1.0000000325280
    -240.00000000000    1.0000000325280
    -239.00000000000    1.0000000325280
    -238.00000000000    1.0000000325280
    -237.00000000000    1.0000000325280
    -236.00000000000    1.0000000325280
    -235.00000000000    1.0000000325280
    -234.00000000000    1.0000000325280
    -233.00000000000    1.0000000325280
    -232.00000000000    1.0000000325280
    -231.00000000000    1.0000000325280
    -230.00000000000    1.0000000325280
    -229.00000000000    1.0000000325280
    -228.00000000000    1.0000000325280
    -227.00000000000    1.0000000325280
    -226.00000000000    1.0000000325280
    -225.00000000000    1.0000000325280
    -224.00000000000    1.0000000325280
    -223.00000000000    1.0000000325280
    -222.00000000000    1.0000000325280
    -221.00000000000    1.0000000325280
    -220.00000000000    1.0000000325280
    -219.00000000000    1.0000000325280
    -218.00000000000    1.0000000325280
    -217.00000000000    1.0000000325280
    -216.00000000000    1.0000000325280
    -215.00000000000    1.0000000325280
    -214.00000000000    1.0000000325280
    -213.00000000000    1.0000000325280
    -212.00000000000    1.0000000325280
    -211.00000000000    1.0000000325280
    -210.00000000000    1.0000000325280
    -209.00000000000    1.0000000325280
    -208.00000000000    1.0000000325280
    -207.00000000000    1.0000000325280
    -206.00000000000    1.0000000325280
    -205.00000000000    1.0000000325280
    -204.00000000000    1.0000000325280
    -203.00000000000    1.0000000325280
    -202.00000000000    1.0000000325280
    -201.00000000000    1.0000000325280
    -200.00000000000    1.0000000325280
    -199.00000000000    1.0000000325280
    -198.00000000000    1.0000000325280
    -197.00000000000    1.0000000325280
    -196.00000000000    1.0000000325280
    -195.00000000000    1.0000000325280
    -194.00000000000    1.0000000325280
    -193.00000000000    1.0000000325280
    -192.00000000000    1.0000000325280
    -191.00000000000    1.0000000325280
    -190.00000000000    1.0000000325280
    -189.00000000000    1.0000000325280
    -188.00000000000    1.0000000325280
    -187.00000000000    1.0000000325280
    -186.00000000000    1.0000000325280
    -185.00000000000    1.0000000325280
    -184.00000000000    1.0000000325280
    -183.00000000000    1.0000000325280
    -182.00000000000    1.0000000325280
    -181.00000000000    1.0000000325280
    -180.00000000000    1.0000000325280
    -179.00000000000    1.0000000325280
    -178.00000000000    1.0000000325280
    -177.00000000000    1.0000000325280
    -176.00000000000    1.0000000325280
    -175.00000000000    1.0000000325280
    -174.00000000000    1.0000000325280
    -173.00000000000    1.0000000325280
    -172.00000000000    1.0000000325280
    -171.00000000000    1.0000000325280
    -170.00000000000    1.0000000325280
    -169.00000000000    1.0000000325280
    -168.00000000000    1.0000000325280
    -167.00000000000    1.0000000325280
    -166.00000000000    1.0000000325280
    -165.00000000000    1.0000000325280
    -164.00000000000    1.0000000325280
    -163.00000000000    1.0000000325280
    -162.00000000000    1.0000000325280
    -161.00000000000    1.0000000325280
    -160.00000000000    1.0000000325280
    -159.00000000000    1.0000000325280
    -158.00000000000    1.0000000325280
    -157.00000000000    1.0000000325280
    -156.00000000000    1.0000000325280
    -155.00000000000    1.0000000325280
    -154.00000000000    1.0000000325280
    -153.00000000000    1.0000000325280
    -152.00000000000    1.0000000325280
    -151.00000000000    1.0000000325280
    -150.00000000000    1.0000000325280
    -149.00000000000    1.0000000325280
    -148.00000000000    1.0000000325280
    -147.00000000000    1.0000000325280
    -146.00000000000    1.0000000325280
    -145.00000000000    1.0000000325280
    -144.00000000000    1.0000000325280
    -143.00000000000    1.0000000325280
    -142.00000000000    1.0000000325280
    -141.00000000000    1.0000000325280
    -140.00000000000    1.0000000325280
    -139.00000000000    1.0000000325280
    -138.00000000000    1.0000000325280
    -137.00000000000    1.0000000325280
    -136.00000000000    1.0000000325279
    -135.00000000000    1.0000000325276
    -134.00000000000    1.0000000325263
    -133.00000000000    1.0000000325217
    -132.00000000000    1.0000000325053
    -131.00000000000    1.0000000324489
    -130.00000000000    1.0000000322642
    -129.00000000000    1.0000000316848
    -128.00000000000    1.0000000299461
    -127.00000000000    1.0000000249527
    -126.00000000000    1.0000000112271
    -125.00000000000   0.99999997511567
    -124.00000000000   0.99999988417093
    -123.00000000000   0.99999966490236
    -122.00000000000   0.99999915873913
    -121.00000000000   0.99999803987697
    -120.00000000000   0.99999567124067
    -119.00000000000   0.99999086805990
    -118.00000000000   0.99998153655431
    -117.00000000000   0.99996416403931
    -116.00000000000   0.99993316325929
    -115.00000000000   0.99988012247481
    -114.00000000000   0.99979308139891
    -113.00000000000   0.99965602775469
    -112.00000000000   0.99944886359933
    -111.00000000000   0.99914809051047
    -110.00000000000   0.99872837886054
    -109.00000000000   0.99816501092578
    -108.00000000000   0.99743694822229
    -107.00000000000   0.99653003505110
    -106.00000000000   0.99543969803280
   -105.000000000000   0.99417250904547
   -104.000000000000   0.99274617353836
   -103.000000000000   0.99118784807063
   -102.000000000000   0.98953108137482
   -101.000000000000   0.98781198961162
   -100.000000000000   0.98606542026570
    -99.000000000000   0.98432179444415
    -98.000000000000   0.98260508177798
    -97.000000000000   0.98093204634354
    -96.000000000000   0.97931260978898
    -95.000000000000   0.97775098662796
    -94.000000000000   0.97624718549403
    -93.000000000000   0.97479852086453
    -92.000000000000   0.97340089559834
    -91.000000000000   0.97204974418139
    -90.000000000000   0.97074063200472
    -89.000000000000   0.96946957029732
    -88.000000000000   0.96823313067966
    -87.000000000000   0.96702843928274
    -86.000000000000   0.96585311200152
    -85.000000000000   0.96470517091425
    -84.000000000000   0.96358296368655
    -83.000000000000   0.96248509519919
    -82.000000000000   0.96141037335748
    -81.000000000000   0.96035776761863
    -80.000000000000   0.95932637767069
    -79.000000000000   0.95831540973965
    -78.000000000000   0.95732415846877
    -77.000000000000   0.95635199283950
    -76.000000000000   0.95539834504475
    -75.000000000000   0.95446270155175
    -74.000000000000   0.95354459581943
    -73.000000000000   0.95264360228976
    -72.000000000000   0.95175933137691
    -71.000000000000   0.95089142524990
    -70.000000000000   0.95003955425430
    -69.000000000000   0.94920341385439
    -68.000000000000   0.94838272200343
    -67.000000000000   0.94757721686879
    -66.000000000000   0.94678665485381
    -65.000000000000   0.94601080886923
    -64.000000000000   0.94524946681596
    -63.000000000000   0.94450243024791
    -62.000000000000   0.94376951318881
    -61.000000000000   0.94305054108168
    -60.000000000000   0.94234534985287
    -59.000000000000   0.94165378507545
    -58.000000000000   0.94097570121943
    -57.000000000000   0.94031096097761
    -56.000000000000   0.93965943465815
    -55.000000000000   0.93902099963560
    -54.000000000000   0.93839553985383
    -53.000000000000   0.93778294537481
    -52.000000000000   0.93718311196819
    -51.000000000000   0.93659594073726
    -50.000000000000   0.93602133777733
    -49.000000000000   0.93545921386335
    -48.000000000000   0.93490948416348
    -47.000000000000   0.93437206797629
    -46.000000000000   0.93384688848920
    -45.000000000000   0.93333387255595
    -44.000000000000   0.93283295049157
    -43.000000000000   0.93234405588303
    -42.000000000000   0.93186712541425
    -41.000000000000   0.93140209870412
    -40.000000000000   0.93094891815648
    -39.000000000000   0.93050752882094
    -38.000000000000   0.93007787826365
    -37.000000000000   0.92965991644729
    -36.000000000000   0.92925359561939
    -35.000000000000   0.92885887020837
    -34.000000000000   0.92847569672671
    -33.000000000000   0.92810403368077
    -32.000000000000   0.92774384148654
    -31.000000000000   0.92739508239114
    -30.000000000000   0.92705772039945
    -29.000000000000   0.92673172120564
    -28.000000000000   0.92641705212917
    -27.000000000000   0.92611368205500
    -26.000000000000   0.92582158137769
    -25.000000000000   0.92554072194916
    -24.000000000000   0.92527107702990
    -23.000000000000   0.92501262124335
    -22.000000000000   0.92476533053328
    -21.000000000000   0.92452918212406
    -20.000000000000   0.92430415448347
    -19.000000000000   0.92409022728817
    -18.000000000000   0.92388738139145
    -17.000000000000   0.92369559879322
    -16.000000000000   0.92351486261220
    -15.000000000000   0.92334515706007
    -14.000000000000   0.92318646741757
    -13.000000000000   0.92303878001247
    -12.000000000000   0.92290208219927
    -11.000000000000   0.92277636234058
   -10.0000000000000   0.92266160979015
    -9.0000000000000   0.92255781487745
    -8.0000000000000   0.92246496889376
    -7.0000000000000   0.92238306407972
    -6.0000000000000   0.92231209361432
    -5.0000000000000   0.92225205160522
    -4.0000000000000   0.92220293308048
    -3.0000000000000   0.92216473398158
    -2.0000000000000   0.92213745115774
    -1.0000000000000   0.92212108236154
   0.   0.92211562624576
     1.0000000000000   0.92212108236154
     2.0000000000000   0.92213745115774
     3.0000000000000   0.92216473398158
     4.0000000000000   0.92220293308048
     5.0000000000000   0.92225205160522
     6.0000000000000   0.92231209361432
     7.0000000000000   0.92238306407972
     8.0000000000000   0.92246496889376
     9.0000000000000   0.92255781487745
    10.0000000000000   0.92266160979015
     11.000000000000   0.92277636234058
     12.000000000000   0.92290208219927
     13.000000000000   0.92303878001247
     14.000000000000   0.92318646741757
     15.000000000000   0.92334515706007
     16.000000000000   0.92351486261220
     17.000000000000   0.92369559879322
     18.000000000000   0.92388738139145
     19.000000000000   0.92409022728817
     20.000000000000   0.92430415448347
     21.000000000000   0.92452918212406
     22.000000000000   0.92476533053328
     23.000000000000   0.92501262124335
     24.000000000000   0.92527107702990
     25.000000000000   0.92554072194916
     26.000000000000   0.92582158137769
     27.000000000000   0.92611368205501
     28.000000000000   0.92641705212917
     29.000000000000   0.92673172120564
     30.000000000000   0.92705772039944
     31.000000000000   0.92739508239114
     32.000000000000   0.92774384148654
     33.000000000000   0.92810403368077
     34.000000000000   0.92847569672671
     35.000000000000   0.92885887020837
     36.000000000000   0.92925359561939
     37.000000000000   0.92965991644729
     38.000000000000   0.93007787826365
     39.000000000000   0.93050752882094
     40.000000000000   0.93094891815648
     41.000000000000   0.93140209870412
     42.000000000000   0.93186712541425
     43.000000000000   0.93234405588303
     44.000000000000   0.93283295049157
     45.000000000000   0.93333387255595
     46.000000000000   0.93384688848920
     47.000000000000   0.93437206797629
     48.000000000000   0.93490948416348
     49.000000000000   0.93545921386335
     50.000000000000   0.93602133777733
     51.000000000000   0.93659594073726
     52.000000000000   0.93718311196819
     53.000000000000   0.93778294537481
     54.000000000000   0.93839553985383
     55.000000000000   0.93902099963560
     56.000000000000   0.93965943465815
     57.000000000000   0.94031096097761
     58.000000000000   0.94097570121943
     59.000000000000   0.94165378507545
     60.000000000000   0.94234534985287
     61.000000000000   0.94305054108168
     62.000000000000   0.94376951318881
     63.000000000000   0.94450243024791
     64.000000000000   0.94524946681596
     65.000000000000   0.94601080886923
     66.000000000000   0.94678665485381
     67.000000000000   0.94757721686879
     68.000000000000   0.94838272200343
     69.000000000000   0.94920341385439
     70.000000000000   0.95003955425430
     71.000000000000   0.95089142524990
     72.000000000000   0.95175933137691
     73.000000000000   0.95264360228976
     74.000000000000   0.95354459581943
     75.000000000000   0.95446270155175
     76.000000000000   0.95539834504475
     77.000000000000   0.95635199283950
     78.000000000000   0.95732415846877
     79.000000000000   0.95831540973965
     80.000000000000   0.95932637767069
     81.000000000000   0.96035776761863
     82.000000000000   0.96141037335748
     83.000000000000   0.96248509519919
     84.000000000000   0.96358296368655
     85.000000000000   0.96470517091425
     86.000000000000   0.96585311200152
     87.000000000000   0.96702843928274
     88.000000000000   0.96823313067966
     89.000000000000   0.96946957029732
     90.000000000000   0.97074063200472
     91.000000000000   0.97204974418139
     92.000000000000   0.97340089559834
     93.000000000000   0.97479852086453
     94.000000000000   0.97624718549403
     95.000000000000   0.97775098662796
     96.000000000000   0.97931260978898
     97.000000000000   0.98093204634354
     98.000000000000   0.98260508177798
     99.000000000000   0.98432179444415
    100.000000000000   0.98606542026570
    101.000000000000   0.98781198961162
    102.000000000000   0.98953108137482
    103.000000000000   0.99118784807063
    104.000000000000   0.99274617353836
    105.000000000000   0.99417250904547
     106.00000000000   0.99543969803280
     107.00000000000   0.99653003505110
     108.00000000000   0.99743694822229
     109.00000000000   0.99816501092578
     110.00000000000   0.99872837886054
     111.00000000000   0.99914809051047
     112.00000000000   0.99944886359933
     113.00000000000   0.99965602775469
     114.00000000000   0.99979308139891
     115.00000000000   0.99988012247481
     116.00000000000   0.99993316325929
     117.00000000000   0.99996416403931
     118.00000000000   0.99998153655431
     119.00000000000   0.99999086805990
     120.00000000000   0.99999567124067
     121.00000000000   0.99999803987697
     122.00000000000   0.99999915873913
     123.00000000000   0.99999966490236
     124.00000000000   0.99999988417093
     125.00000000000   0.99999997511567
     126.00000000000    1.0000000112271
     127.00000000000    1.0000000249527
     128.00000000000    1.0000000299461
     129.00000000000    1.0000000316848
     130.00000000000    1.0000000322642
     131.00000000000    1.0000000324489
     132.00000000000    1.0000000325053
     133.00000000000    1.0000000325217
     134.00000000000    1.0000000325263
     135.00000000000    1.0000000325276
     136.00000000000    1.0000000325279
     137.00000000000    1.0000000325280
     138.00000000000    1.0000000325280
     139.00000000000    1.0000000325280
     140.00000000000    1.0000000325280
     141.00000000000    1.0000000325280
     142.00000000000    1.0000000325280
     143.00000000000    1.0000000325280
     144.00000000000    1.0000000325280
     145.00000000000    1.0000000325280
     146.00000000000    1.0000000325280
     147.00000000000    1.0000000325280
     148.00000000000    1.0000000325280
     149.00000000000    1.0000000325280
     150.00000000000    1.0000000325280
     151.00000000000    1.0000000325280
     152.00000000000    1.0000000325280
     153.00000000000    1.0000000325280
     154.00000000000    1.0000000325280
     155.00000000000    1.0000000325280
     156.00000000000    1.0000000325280
     157.00000000000    1.0000000325280
     158.00000000000    1.0000000325280
     159.00000000000    1.0000000325280
     160.00000000000    1.0000000325280
     161.00000000000    1.0000000325280
     162.00000000000    1.0000000325280
     163.00000000000    1.0000000325280
     164.00000000000    1.0000000325280
     165.00000000000    1.0000000325280
     166.00000000000    1.0000000325280
     167.00000000000    1.0000000325280
     168.00000000000    1.0000000325280
     169.00000000000    1.0000000325280
     170.00000000000    1.0000000325280
     171.00000000000    1.0000000325280
     172.00000000000    1.0000000325280
     173.00000000000    1.0000000325280
     174.00000000000    1.0000000325280
     175.00000000000    1.0000000325280
     176.00000000000    1.0000000325280
     177.00000000000    1.0000000325280
     178.00000000000    1.0000000325280
     179.00000000000    1.0000000325280
     180.00000000000    1.0000000325280
     181.00000000000    1.0000000325280
     182.00000000000    1.0000000325280
     183.00000000000    1.0000000325280
     184.00000000000    1.0000000325280
     185.00000000000    1.0000000325280
     186.00000000000    1.0000000325280
     187.00000000000    1.0000000325280
     188.00000000000    1.0000000325280
     189.00000000000    1.0000000325280
     190.00000000000    1.0000000325280
     191.00000000000    1.0000000325280
     192.00000000000    1.0000000325280
     193.00000000000    1.0000000325280
     194.00000000000    1.0000000325280
     195.00000000000    1.0000000325280
     196.00000000000    1.0000000325280
     197.00000000000    1.0000000325280
     198.00000000000    1.0000000325280
     199.00000000000    1.0000000325280
     200.00000000000    1.0000000325280
     201.00000000000    1.0000000325280
     202.00000000000    1.0000000325280
     203.00000000000    1.0000000325280
     204.00000000000    1.0000000325280
     205.00000000000    1.0000000325280
     206.00000000000    1.0000000325280
     207.00000000000    1.0000000325280
     208.00000000000    1.0000000325280
     209.00000000000    1.0000000325280
     210.00000000000    1.0000000325280
     211.00000000000    1.0000000325280
     212.00000000000    1.0000000325280
     213.00000000000    1.0000000325280
     214.00000000000    1.0000000325280
     215.00000000000    1.0000000325280
     216.00000000000    1.0000000325280
     217.00000000000    1.0000000325280
     218.00000000000    1.0000000325280
     219.00000000000    1.0000000325280
     220.00000000000    1.0000000325280
     221.00000000000    1.0000000325280
     222.00000000000    1.0000000325280
     223.00000000000    1.0000000325280
     224.00000000000    1.0000000325280
     225.00000000000    1.0000000325280
     226.00000000000    1.0000000325280
     227.00000000000    1.0000000325280
     228.00000000000    1.0000000325280
     229.00000000000    1.0000000325280
     230.00000000000    1.0000000325280
     231.00000000000    1.0000000325280
     232.00000000000    1.0000000325280
     233.00000000000    1.0000000325280
     234.00000000000    1.0000000325280
     235.00000000000    1.0000000325280
     236.00000000000    1.0000000325280
     237.00000000000    1.0000000325280
     238.00000000000    1.0000000325280
     239.00000000000    1.0000000325280
     240.00000000000    1.0000000325280
     241.00000000000    1.0000000325280
     242.00000000000    1.0000000325280
     243.00000000000    1.0000000325280
     244.00000000000    1.0000000325280
     245.00000000000    1.0000000325280
     246.00000000000    1.0000000325280
     247.00000000000    1.0000000325280
     248.00000000000    1.0000000325280
     249.00000000000    1.0000000325280
     250.00000000000    1.0000000325280
     251.00000000000    1.0000000325280
     252.00000000000    1.0000000325280
     253.00000000000    1.0000000325280
     254.00000000000    1.0000000325280
     255.00000000000    1.0000000325280
     256.00000000000    1.0000000325280
     257.00000000000    1.0000000325280
     258.00000000000    1.0000000325280
     259.00000000000    1.0000000325280
     260.00000000000    1.0000000325280
     261.00000000000    1.0000000325280
     262.00000000000    1.0000000325280
     263.00000000000    1.0000000325280
     264.00000000000    1.0000000325280
     265.00000000000    1.0000000325280
     266.00000000000    1.0000000325280
     267.00000000000    1.0000000325280
     268.00000000000    1.0000000325280
     269.00000000000    1.0000000325280
     270.00000000000    1.0000000325280
     271.00000000000    1.0000000325280
     272.00000000000    1.0000000325280
     273.00000000000    1.0000000325280
     274.00000000000    1.0000000325280
     275.00000000000    1.0000000325280
     276.00000000000    1.0000000325280
     277.00000000000    1.0000000325280
     278.00000000000    1.0000000325280
     279.00000000000    1.0000000325280
     280.00000000000    1.0000000325280
     281.00000000000    1.0000000325280
     282.00000000000    1.0000000325280
     283.00000000000    1.0000000325280
     284.00000000000    1.0000000325280
     285.00000000000    1.0000000325280
     286.00000000000    1.0000000325280
     287.00000000000    1.0000000325280
     288.00000000000    1.0000000325280
     289.00000000000    1.0000000325280
     290.00000000000    1.0000000325280
     291.00000000000    1.0000000325280
     292.00000000000    1.0000000325280
     293.00000000000    1.0000000325280
     294.00000000000    1.0000000325280
     295.00000000000    1.0000000325280
     296.00000000000    1.0000000325280
     297.00000000000    1.0000000325280
     298.00000000000    1.0000000325280
     299.00000000000    1.0000000325280
     300.00000000000    1.0000000325280
     301.00000000000    1.0000000325280
     302.00000000000    1.0000000325280
     303.00000000000    1.0000000325280
     304.00000000000    1.0000000325280
     305.00000000000    1.0000000325280
     306.00000000000    1.0000000325280
     307.00000000000    1.0000000325280
     308.00000000000    1.0000000325280
     309.00000000000    1.0000000325280
     310.00000000000    1.0000000325280
     311.00000000000    1.0000000325280
     312.00000000000    1.0000000325280
     313.00000000000    1.0000000325280
     314.00000000000    1.0000000325280
     315.00000000000    1.0000000325280
     316.00000000000    1.0000000325280
     317.00000000000    1.0000000325280
     318.00000000000    1.0000000325280
     319.00000000000    1.0000000325280
     320.00000000000    1.0000000325280
     321.00000000000    1.0000000325280
     322.00000000000    1.0000000325280
     323.00000000000    1.0000000325280
     324.00000000000    1.0000000325280
     325.00000000000    1.0000000325280
     326.00000000000    1.0000000325280
     327.00000000000    1.0000000325280
     328.00000000000    1.0000000325280
     329.00000000000    1.0000000325280
     330.00000000000    1.0000000325280
     331.00000000000    1.0000000325280
     332.00000000000    1.0000000325280
     333.00000000000    1.0000000325280
     334.00000000000    1.0000000325280
     335.00000000000    1.0000000325280
     336.00000000000    1.0000000325280
     337.00000000000    1.0000000325280
     338.00000000000    1.0000000325280
     339.00000000000    1.0000000325280
     340.00000000000    1.0000000325280
     341.00000000000    1.0000000325280
     342.00000000000    1.0000000325280
     343.00000000000    1.0000000325280
     344.00000000000    1.0000000325280
     345.00000000000    1.0000000325280
     346.00000000000    1.0000000325280
     347.00000000000    1.0000000325280
     348.00000000000    1.0000000325280
     349.00000000000    1.0000000325280
     350.00000000000    1.0000000325280
     351.00000000000    1.0000000325280
     352.00000000000    1.0000000325280
     353.00000000000    1.0000000325280
     354.00000000000    1.0000000325280
     355.00000000000    1.0000000325280
     356.00000000000    1.0000000325280
     357.00000000000    1.0000000325280
     358.00000000000    1.0000000325280
     359.00000000000    1.0000000325280
     360.00000000000    1.0000000325280
     361.00000000000    1.0000000325280
     362.00000000000    1.0000000325280
     363.00000000000    1.0000000325280
     364.00000000000    1.0000000325280
     365.00000000000    1.0000000325280
     366.00000000000    1.0000000325280
     367.00000000000    1.0000000325280
     368.00000000000    1.0000000325280
     369.00000000000    1.0000000325280
     370.00000000000    1.0000000325280
     371.00000000000    1.0000000325280
     372.00000000000    1.0000000325280
     373.00000000000    1.0000000325280
     374.00000000000    1.0000000325280
     375.00000000000    1.0000000325280
     376.00000000000    1.0000000325280
     377.00000000000    1.0000000325280
     378.00000000000    1.0000000325280
     379.00000000000    1.0000000325280
     380.00000000000    1.0000000325280
     381.00000000000    1.0000000325280
     382.00000000000    1.0000000325280
     383.00000000000    1.0000000325280
     384.00000000000    1.0000000325280
     385.00000000000    1.0000000325280
     386.00000000000    1.0000000325280
     387.00000000000    1.0000000325280
     388.00000000000    1.0000000325280
     389.00000000000    1.0000000325280
     390.00000000000    1.0000000325280
     391.00000000000    1.0000000325280
     392.00000000000    1.0000000325280
     393.00000000000    1.0000000325280
     394.00000000000    1.0000000325280
     395.00000000000    1.0000000325280
     396.00000000000    1.0000000325280
     397.00000000000    1.0000000325280
     398.00000000000    1.0000000325280
     399.00000000000    1.0000000325280
     400.00000000000    1.0000000325280
     401.00000000000    1.0000000325280
     402.00000000000    1.0000000325280
     403.00000000000    1.0000000325280
     404.00000000000    1.0000000325280
     405.00000000000    1.0000000325280
     406.00000000000    1.0000000325280
     407.00000000000    1.0000000325280
     408.00000000000    1.0000000325280
     409.00000000000    1.0000000325280
     410.00000000000    1.0000000325280
     411.00000000000    1.0000000325280
     412.00000000000    1.0000000325280
     413.00000000000    1.0000000325280
     414.00000000000    1.0000000325280
     415.00000000000    1.0000000325280
     416.00000000000    1.0000000325280
     417.00000000000    1.0000000325280
     418.00000000000    1.0000000325280
     419.00000000000    1.0000000325280
     420.00000000000    1.0000000325280
     421.00000000000    1.0000000325280
     422.00000000000    1.0000000325280
     423.00000000000    1.0000000325280
     424.00000000000    1.0000000325280
     425.00000000000    1.0000000325280
     426.00000000000    1.0000000325280
     427.00000000000    1.0000000325280
     428.00000000000    1.0000000325280
     429.00000000000    1.0000000325280
     430.00000000000    1.0000000325280
     431.00000000000    1.0000000325280
     432.00000000000    1.0000000325280
     433.00000000000    1.0000000325280
     434.00000000000    1.0000000325280
     435.00000000000    1.0000000325280
     436.00000000000    1.0000000325280
     437.00000000000    1.0000000325280
     438.00000000000    1.0000000325280
     439.00000000000    1.0000000325280
     440.00000000000    1.0000000325280
     441.00000000000    1.0000000325280
     442.00000000000    1.0000000325280
     443.00000000000    1.0000000325280
     444.00000000000    1.0000000325280
     445.00000000000    1.0000000325280
     446.00000000000    1.0000000325280
     447.00000000000    1.0000000325280
     448.00000000000    1.0000000325280
     449.00000000000    1.0000000325280
     450.00000000000    1.0000000325280
     451.00000000000    1.0000000325280
     452.00000000000    1.0000000325280
     453.00000000000    1.0000000325280
     454.00000000000    1.0000000325280
     455.00000000000    1.0000000325280
     456.00000000000    1.0000000325280
     457.00000000000    1.0000000325280
     458.00000000000    1.0000000325280
     459.00000000000    1.0000000325280
     460.00000000000    1.0000000325280
     461.00000000000    1.0000000325280
     462.00000000000    1.0000000325280
     463.00000000000    1.0000000325280
     464.00000000000    1.0000000325280
     465.00000000000    1.0000000325280
     466.00000000000    1.0000000325280
     467.00000000000    1.0000000325280
     468.00000000000    1.0000000325280
     469.00000000000    1.0000000325280
     470.00000000000    1.0000000325280
     471.00000000000    1.0000000325280
     472.00000000000    1.0000000325280
     473.00000000000    1.0000000325280
     474.00000000000    1.0000000325280
     475.00000000000    1.0000000325280
     476.00000000000    1.0000000325280
     477.00000000000    1.0000000325280
     478.00000000000    1.0000000325280
     479.00000000000    1.0000000325280
     480.00000000000    1.0000000325280
     481.00000000000    1.0000000325280
     482.00000000000    1.0000000325280
     483.00000000000    1.0000000325280
     484.00000000000    1.0000000325280
     485.00000000000    1.0000000325280
     486.00000000000    1.0000000325280
     487.00000000000    1.0000000325280
     488.00000000000    1.0000000325280
     489.00000000000    1.0000000325280
     490.00000000000    1.0000000325280
     491.00000000000    1.0000000325280
     492.00000000000    1.0000000325280
     493.00000000000    1.0000000325280
     494.00000000000    1.0000000325280
     495.00000000000    1.0000000325280
     496.00000000000    1.0000000325280
     497.00000000000    1.0000000325280
     498.00000000000    1.0000000325280
     499.00000000000    1.0000000325280
     500.00000000000    1.0000000325280
