    -500.00000000000    1.0000000325280
    -499.00000000000    1.0000000325280
    -498.00000000000    1.0000000325280
    -497.00000000000    1.0000000325280
    -496.00000000000    1.0000000325280
    -495.00000000000    1.0000000325280
    -494.00000000000    1.0000000325280
    -493.00000000000    1.0000000325280
    -492.00000000000    1.0000000325280
    -491.00000000000    1.0000000325280
    -490.00000000000    1.0000000325280
    -489.00000000000    1.0000000325280
    -488.00000000000    1.0000000325280
    -487.00000000000    1.0000000325280
    -486.00000000000    1.0000000325280
    -485.00000000000    1.0000000325280
    -484.00000000000    1.0000000325280
    -483.00000000000    1.0000000325280
    -482.00000000000    1.0000000325280
    -481.00000000000    1.0000000325280
    -480.00000000000    1.0000000325280
    -479.00000000000    1.0000000325280
    -478.00000000000    1.0000000325280
    -477.00000000000    1.0000000325280
    -476.00000000000    1.0000000325280
    -475.00000000000    1.0000000325280
    -474.00000000000    1.0000000325280
    -473.00000000000    1.0000000325280
    -472.00000000000    1.0000000325280
    -471.00000000000    1.0000000325280
    -470.00000000000    1.0000000325280
    -469.00000000000    1.0000000325280
    -468.00000000000    1.0000000325280
    -467.00000000000    1.0000000325280
    -466.00000000000    1.0000000325280
    -465.00000000000    1.0000000325280
    -464.00000000000    1.0000000325280
    -463.00000000000    1.0000000325280
    -462.00000000000    1.0000000325280
    -461.00000000000    1.0000000325280
    -460.00000000000    1.0000000325280
    -459.00000000000    1.0000000325280
    -458.00000000000    1.0000000325280
    -457.00000000000    1.0000000325280
    -456.00000000000    1.0000000325280
    -455.00000000000    1.0000000325280
    -454.00000000000    1.0000000325280
    -453.00000000000    1.0000000325280
    -452.00000000000    1.0000000325280
    -451.00000000000    1.0000000325280
    -450.00000000000    1.0000000325280
    -449.00000000000    1.0000000325280
    -448.00000000000    1.0000000325280
    -447.00000000000    1.0000000325280
    -446.00000000000    1.0000000325280
    -445.00000000000    1.0000000325280
    -444.00000000000    1.0000000325280
    -443.00000000000    1.0000000325280
    -442.00000000000    1.0000000325280
    -441.00000000000    1.0000000325280
    -440.00000000000    1.0000000325280
    -439.00000000000    1.0000000325280
    -438.00000000000    1.0000000325280
    -437.00000000000    1.0000000325280
    -436.00000000000    1.0000000325280
    -435.00000000000    1.0000000325280
    -434.00000000000    1.0000000325280
    -433.00000000000    1.0000000325280
    -432.00000000000    1.0000000325280
    -431.00000000000    1.0000000325280
    -430.00000000000    1.0000000325280
    -429.00000000000    1.0000000325280
    -428.00000000000    1.0000000325280
    -427.00000000000    1.0000000325280
    -426.00000000000    1.0000000325280
    -425.00000000000    1.0000000325280
    -424.00000000000    1.0000000325280
    -423.00000000000    1.0000000325280
    -422.00000000000    1.0000000325280
    -421.00000000000    1.0000000325280
    -420.00000000000    1.0000000325280
    -419.00000000000    1.0000000325280
    -418.00000000000    1.0000000325280
    -417.00000000000    1.0000000325280
    -416.00000000000    1.0000000325280
    -415.00000000000    1.0000000325280
    -414.00000000000    1.0000000325280
    -413.00000000000    1.0000000325280
    -412.00000000000    1.0000000325280
    -411.00000000000    1.0000000325280
    -410.00000000000    1.0000000325280
    -409.00000000000    1.0000000325280
    -408.00000000000    1.0000000325280
    -407.00000000000    1.0000000325280
    -406.00000000000    1.0000000325280
    -405.00000000000    1.0000000325280
    -404.00000000000    1.0000000325280
    -403.00000000000    1.0000000325280
    -402.00000000000    1.0000000325280
    -401.00000000000    1.0000000325280
    -400.00000000000    1.0000000325280
    -399.00000000000    1.0000000325280
    -398.00000000000    1.0000000325280
    -397.00000000000    1.0000000325280
    -396.00000000000    1.0000000325280
    -395.00000000000    1.0000000325280
    -394.00000000000    1.0000000325280
    -393.00000000000    1.0000000325280
    -392.00000000000    1.0000000325280
    -391.00000000000    1.0000000325280
    -390.00000000000    1.0000000325280
    -389.00000000000    1.0000000325280
    -388.00000000000    1.0000000325280
    -387.00000000000    1.0000000325280
    -386.00000000000    1.0000000325280
    -385.00000000000    1.0000000325280
    -384.00000000000    1.0000000325280
    -383.00000000000    1.0000000325280
    -382.00000000000    1.0000000325280
    -381.00000000000    1.0000000325280
    -380.00000000000    1.0000000325280
    -379.00000000000    1.0000000325280
    -378.00000000000    1.0000000325280
    -377.00000000000    1.0000000325280
    -376.00000000000    1.0000000325280
    -375.00000000000    1.0000000325280
    -374.00000000000    1.0000000325280
    -373.00000000000    1.0000000325280
    -372.00000000000    1.0000000325280
    -371.00000000000    1.0000000325280
    -370.00000000000    1.0000000325280
    -369.00000000000    1.0000000325280
    -368.00000000000    1.0000000325280
    -367.00000000000    1.0000000325280
    -366.00000000000    1.0000000325280
    -365.00000000000    1.0000000325280
    -364.00000000000    1.0000000325280
    -363.00000000000    1.0000000325280
    -362.00000000000    1.0000000325280
    -361.00000000000    1.0000000325280
    -360.00000000000    1.0000000325280
    -359.00000000000    1.0000000325280
    -358.00000000000    1.0000000325280
    -357.00000000000    1.0000000325280
    -356.00000000000    1.0000000325280
    -355.00000000000    1.0000000325280
    -354.00000000000    1.0000000325280
    -353.00000000000    1.0000000325280
    -352.00000000000    1.0000000325280
    -351.00000000000    1.0000000325280
    -350.00000000000    1.0000000325280
    -349.00000000000    1.0000000325280
    -348.00000000000    1.0000000325280
    -347.00000000000    1.0000000325280
    -346.00000000000    1.0000000325280
    -345.00000000000    1.0000000325280
    -344.00000000000    1.0000000325280
    -343.00000000000    1.0000000325280
    -342.00000000000    1.0000000325280
    -341.00000000000    1.0000000325280
    -340.00000000000    1.0000000325280
    -339.00000000000    1.0000000325280
    -338.00000000000    1.0000000325280
    -337.00000000000    1.0000000325280
    -336.00000000000    1.0000000325280
    -335.00000000000    1.0000000325280
    -334.00000000000    1.0000000325280
    -333.00000000000    1.0000000325280
    -332.00000000000    1.0000000325280
    -331.00000000000    1.0000000325280
    -330.00000000000    1.0000000325280
    -329.00000000000    1.0000000325280
    -328.00000000000    1.0000000325280
    -327.00000000000    1.0000000325280
    -326.00000000000    1.0000000325280
    -325.00000000000    1.0000000325280
    -324.00000000000    1.0000000325280
    -323.00000000000    1.0000000325280
    -322.00000000000    1.0000000325280
    -321.00000000000    1.0000000325280
    -320.00000000000    1.0000000325280
    -319.00000000000    1.0000000325280
    -318.00000000000    1.0000000325280
    -317.00000000000    1.0000000325280
    -316.00000000000    1.0000000325280
    -315.00000000000    1.0000000325280
    -314.00000000000    1.0000000325280
    -313.00000000000    1.0000000325280
    -312.00000000000    1.0000000325280
    -311.00000000000    1.0000000325280
    -310.00000000000    1.0000000325280
    -309.00000000000    1.0000000325280
    -308.00000000000    1.0000000325280
    -307.00000000000    1.0000000325280
    -306.00000000000    1.0000000325280
    -305.00000000000    1.0000000325280
    -304.00000000000    1.0000000325280
    -303.00000000000    1.0000000325280
    -302.00000000000    1.0000000325280
    -301.00000000000    1.0000000325280
    -300.00000000000    1.0000000325280
    -299.00000000000    1.0000000325280
    -298.00000000000    1.0000000325280
    -297.00000000000    1.0000000325280
    -296.00000000000    1.0000000325280
    -295.00000000000    1.0000000325280
    -294.00000000000    1.0000000325280
    -293.00000000000    1.0000000325280
    -292.00000000000    1.0000000325280
    -291.00000000000    1.0000000325280
    -290.00000000000    1.0000000325280
    -289.00000000000    1.0000000325280
    -288.00000000000    1.0000000325279
    -287.00000000000    1.0000000325276
    -286.00000000000    1.0000000325264
    -285.00000000000    1.0000000325224
    -284.00000000000    1.0000000325085
    -283.00000000000    1.0000000324629
    -282.00000000000    1.0000000323201
    -281.00000000000    1.0000000318919
    -280.00000000000    1.0000000306631
    -279.00000000000    1.0000000272885
    -278.00000000000    1.0000000184189
    -277.00000000000   0.99999999610360
    -276.00000000000   0.99999994235848
    -275.00000000000   0.99999981843170
    -274.00000000000   0.99999954481988
    -273.00000000000   0.99999896631175
    -272.00000000000   0.99999779476664
    -271.00000000000   0.99999552195382
    -270.00000000000   0.99999129706100
    -269.00000000000   0.99998377006432
    -268.00000000000   0.99997091407274
    -267.00000000000   0.99994985633446
    -266.00000000000   0.99991676536525
    -265.00000000000   0.99986685413622
    -264.00000000000   0.99979455820116
    -263.00000000000   0.99969392613651
    -262.00000000000   0.99955921623120
    -261.00000000000   0.99938563522576
    -260.00000000000   0.99917009817205
    -259.00000000000   0.99891185389809
    -258.00000000000   0.99861282552692
    -257.00000000000   0.99827756569690
    -256.00000000000   0.99791281090177
    -255.00000000000   0.99752671396137
    -254.00000000000   0.99712790812798
    -253.00000000000   0.99672458742121
    -252.00000000000   0.99632376791227
    -251.00000000000   0.99593083423206
    -250.00000000000   0.99554939744602
    -249.00000000000   0.99518142002736
    -248.00000000000   0.99482751931612
    -247.00000000000   0.99448734876934
    -246.00000000000   0.99415997119078
    -245.00000000000   0.99384416801192
    -244.00000000000   0.99353866089201
    -243.00000000000   0.99324224737236
    -242.00000000000   0.99295386726414
    -241.00000000000   0.99267262151561
    -240.00000000000   0.99239776357191
    -239.00000000000   0.99212867824126
    -238.00000000000   0.99186485755197
    -237.00000000000   0.99160587855082
    -236.00000000000   0.99135138494391
    -235.00000000000   0.99110107277538
    -234.00000000000   0.99085467958212
    -233.00000000000   0.99061197626164
    -232.00000000000   0.99037276095012
    -231.00000000000   0.99013685435522
    -230.00000000000   0.98990409613755
    -229.00000000000   0.98967434205516
    -228.00000000000   0.98944746167231
    -227.00000000000   0.98922333649398
    -226.00000000000   0.98900185842778
    -225.00000000000   0.98878292850217
    -224.00000000000   0.98856645578821
    -223.00000000000   0.98835235648527
    -222.00000000000   0.98814055314010
    -221.00000000000   0.98793097397563
    -220.00000000000   0.98772355231059
    -219.00000000000   0.98751822605506
    -218.00000000000   0.98731493726991
    -217.00000000000   0.98711363178022
    -216.00000000000   0.98691425883471
    -215.00000000000   0.98671677080453
    -214.00000000000   0.98652112291590
    -213.00000000000   0.98632727301193
    -212.00000000000   0.98613518133986
    -211.00000000000   0.98594481036037
    -210.00000000000   0.98575612457614
    -209.00000000000   0.98556909037743
    -208.00000000000   0.98538367590255
    -207.00000000000   0.98519985091147
    -206.00000000000   0.98501758667110
    -205.00000000000   0.98483685585099
    -204.00000000000   0.98465763242814
    -203.00000000000   0.98447989160016
    -202.00000000000   0.98430360970576
    -201.00000000000   0.98412876415183
    -200.00000000000   0.98395533334652
    -199.00000000000   0.98378329663763
    -198.00000000000   0.98361263425591
    -197.00000000000   0.98344332726263
    -196.00000000000   0.98327535750124
    -195.00000000000   0.98310870755258
    -194.00000000000   0.98294336069332
    -193.00000000000   0.98277930085752
    -192.00000000000   0.98261651260076
    -191.00000000000   0.98245498106691
    -190.00000000000   0.98229469195705
    -189.00000000000   0.98213563150063
    -188.00000000000   0.98197778642839
    -187.00000000000   0.98182114394716
    -186.00000000000   0.98166569171630
    -185.00000000000   0.98151141782551
    -184.00000000000   0.98135831077420
    -183.00000000000   0.98120635945196
    -182.00000000000   0.98105555312037
    -181.00000000000   0.98090588139583
    -180.00000000000   0.98075733423336
    -179.00000000000   0.98060990191148
    -178.00000000000   0.98046357501780
    -177.00000000000   0.98031834443558
    -176.00000000000   0.98017420133093
    -175.00000000000   0.98003113714080
    -174.00000000000   0.97988914356154
    -173.00000000000   0.97974821253822
    -172.00000000000   0.97960833625433
    -171.00000000000   0.97946950712220
    -170.00000000000   0.97933171777383
    -169.00000000000   0.97919496105218
    -168.00000000000   0.97905923000296
    -167.00000000000   0.97892451786682
    -166.00000000000   0.97879081807184
    -165.00000000000   0.97865812422657
    -164.00000000000   0.97852643011321
    -163.00000000000   0.97839572968127
    -162.00000000000   0.97826601704143
    -161.00000000000   0.97813728645979
    -160.00000000000   0.97800953235225
    -159.00000000000   0.97788274927931
    -158.00000000000   0.97775693194096
    -157.00000000000   0.97763207517193
    -156.00000000000   0.97750817393703
    -155.00000000000   0.97738522332681
    -154.00000000000   0.97726321855331
    -153.00000000000   0.97714215494609
    -152.00000000000   0.97702202794834
    -151.00000000000   0.97690283311321
    -150.00000000000   0.97678456610031
    -149.00000000000   0.97666722267230
    -148.00000000000   0.97655079869163
    -147.00000000000   0.97643529011751
    -146.00000000000   0.97632069300285
    -145.00000000000   0.97620700349143
    -144.00000000000   0.97609421781518
    -143.00000000000   0.97598233229147
    -142.00000000000   0.97587134332068
    -141.00000000000   0.97576124738365
    -140.00000000000   0.97565204103945
    -139.00000000000   0.97554372092303
    -138.00000000000   0.97543628374312
    -137.00000000000   0.97532972628012
    -136.00000000000   0.97522404538409
    -135.00000000000   0.97511923797282
    -134.00000000000   0.97501530102998
    -133.00000000000   0.97491223160331
    -132.00000000000   0.97481002680289
    -131.00000000000   0.97470868379948
    -130.00000000000   0.97460819982293
    -129.00000000000   0.97450857216059
    -128.00000000000   0.97440979815584
    -127.00000000000   0.97431187520664
    -126.00000000000   0.97421480076413
    -125.00000000000   0.97411857233128
    -124.00000000000   0.97402318746161
    -123.00000000000   0.97392864375790
    -122.00000000000   0.97383493887101
    -121.00000000000   0.97374207049869
    -120.00000000000   0.97365003638442
    -119.00000000000   0.97355883431635
    -118.00000000000   0.97346846212621
    -117.00000000000   0.97337891768833
    -116.00000000000   0.97329019891855
    -115.00000000000   0.97320230377337
    -114.00000000000   0.97311523024892
    -113.00000000000   0.97302897638014
    -112.00000000000   0.97294354023984
    -111.00000000000   0.97285891993789
    -110.00000000000   0.97277511362037
    -109.00000000000   0.97269211946882
    -108.00000000000   0.97260993569941
    -107.00000000000   0.97252856056226
    -106.00000000000   0.97244799234065
   -105.000000000000   0.97236822935035
   -104.000000000000   0.97228926993894
   -103.000000000000   0.97221111248515
   -102.000000000000   0.97213375539818
   -101.000000000000   0.97205719711714
   -100.000000000000   0.97198143611039
    -99.000000000000   0.97190647087500
    -98.000000000000   0.97183229993611
    -97.000000000000   0.97175892184648
    -96.000000000000   0.97168633518584
    -95.000000000000   0.97161453856046
    -94.000000000000   0.97154353060258
    -93.000000000000   0.97147330996997
    -92.000000000000   0.97140387534540
    -91.000000000000   0.97133522543618
    -90.000000000000   0.97126735897378
    -89.000000000000   0.97120027471331
    -88.000000000000   0.97113397143309
    -87.000000000000   0.97106844793430
    -86.000000000000   0.97100370304052
    -85.000000000000   0.97093973559740
    -84.000000000000   0.97087654447216
    -83.000000000000   0.97081412855334
    -82.000000000000   0.97075248675041
    -81.000000000000   0.97069161799336
    -80.000000000000   0.97063152123242
    -79.000000000000   0.97057219543767
    -78.000000000000   0.97051363959883
    -77.000000000000   0.97045585272482
    -76.000000000000   0.97039883384346
    -75.000000000000   0.97034258200126
    -74.000000000000   0.97028709626311
    -73.000000000000   0.97023237571196
    -72.000000000000   0.97017841944847
    -71.000000000000   0.97012522659089
    -70.000000000000   0.97007279627481
    -69.000000000000   0.97002112765276
    -68.000000000000   0.96997021989397
    -67.000000000000   0.96992007218428
    -66.000000000000   0.96987068372591
    -65.000000000000   0.96982205373702
    -64.000000000000   0.96977418145160
    -63.000000000000   0.96972706611931
    -62.000000000000   0.96968070700535
    -61.000000000000   0.96963510339002
    -60.000000000000   0.96959025456855
    -59.000000000000   0.96954615985113
    -58.000000000000   0.96950281856267
    -57.000000000000   0.96946023004240
    -56.000000000000   0.96941839364374
    -55.000000000000   0.96937730873436
    -54.000000000000   0.96933697469598
    -53.000000000000   0.96929739092393
    -52.000000000000   0.96925855682703
    -51.000000000000   0.96922047182776
    -50.000000000000   0.96918313536203
    -49.000000000000   0.96914654687871
    -48.000000000000   0.96911070583956
    -47.000000000000   0.96907561171947
    -46.000000000000   0.96904126400618
    -45.000000000000   0.96900766219986
    -44.000000000000   0.96897480581300
    -43.000000000000   0.96894269437073
    -42.000000000000   0.96891132741059
    -41.000000000000   0.96888070448200
    -40.000000000000   0.96885082514623
    -39.000000000000   0.96882168897674
    -38.000000000000   0.96879329555902
    -37.000000000000   0.96876564448998
    -36.000000000000   0.96873873537792
    -35.000000000000   0.96871256784297
    -34.000000000000   0.96868714151692
    -33.000000000000   0.96866245604262
    -32.000000000000   0.96863851107387
    -31.000000000000   0.96861530627599
    -30.000000000000   0.96859284132566
    -29.000000000000   0.96857111591027
    -28.000000000000   0.96855012972785
    -27.000000000000   0.96852988248758
    -26.000000000000   0.96851037390982
    -25.000000000000   0.96849160372534
    -24.000000000000   0.96847357167520
    -23.000000000000   0.96845627751140
    -22.000000000000   0.96843972099689
    -21.000000000000   0.96842390190480
    -20.000000000000   0.96840882001830
    -19.000000000000   0.96839447513125
    -18.000000000000   0.96838086704830
    -17.000000000000   0.96836799558413
    -16.000000000000   0.96835586056320
    -15.000000000000   0.96834446182046
    -14.000000000000   0.96833379920155
    -13.000000000000   0.96832387256200
    -12.000000000000   0.96831468176695
    -11.000000000000   0.96830622669181
   -10.0000000000000   0.96829850722263
    -9.0000000000000   0.96829152325529
    -8.0000000000000   0.96828527469509
    -7.0000000000000   0.96827976145749
    -6.0000000000000   0.96827498346849
    -5.0000000000000   0.96827094066394
    -4.0000000000000   0.96826763298899
    -3.0000000000000   0.96826506039881
    -2.0000000000000   0.96826322285912
    -1.0000000000000   0.96826212034546
   0.   0.96826175284266
     1.0000000000000   0.96826212034546
     2.0000000000000   0.96826322285912
     3.0000000000000   0.96826506039881
     4.0000000000000   0.96826763298899
     5.0000000000000   0.96827094066394
     6.0000000000000   0.96827498346849
     7.0000000000000   0.96827976145749
     8.0000000000000   0.96828527469509
     9.0000000000000   0.96829152325529
    10.0000000000000   0.96829850722263
     11.000000000000   0.96830622669181
     12.000000000000   0.96831468176695
     13.000000000000   0.96832387256200
     14.000000000000   0.96833379920155
     15.000000000000   0.96834446182046
     16.000000000000   0.96835586056320
     17.000000000000   0.96836799558413
     18.000000000000   0.96838086704830
     19.000000000000   0.96839447513125
     20.000000000000   0.96840882001830
     21.000000000000   0.96842390190480
     22.000000000000   0.96843972099689
     23.000000000000   0.96845627751140
     24.000000000000   0.96847357167520
     25.000000000000   0.96849160372534
     26.000000000000   0.96851037390982
     27.000000000000   0.96852988248758
     28.000000000000   0.96855012972785
     29.000000000000   0.96857111591027
     30.000000000000   0.96859284132566
     31.000000000000   0.96861530627599
     32.000000000000   0.96863851107387
     33.000000000000   0.96866245604261
     34.000000000000   0.96868714151692
     35.000000000000   0.96871256784297
     36.000000000000   0.96873873537792
     37.000000000000   0.96876564448998
     38.000000000000   0.96879329555902
     39.000000000000   0.96882168897674
     40.000000000000   0.96885082514623
     41.000000000000   0.96888070448200
     42.000000000000   0.96891132741059
     43.000000000000   0.96894269437073
     44.000000000000   0.96897480581300
     45.000000000000   0.96900766219986
     46.000000000000   0.96904126400618
     47.000000000000   0.96907561171947
     48.000000000000   0.96911070583956
     49.000000000000   0.96914654687870
     50.000000000000   0.96918313536203
     51.000000000000   0.96922047182776
     52.000000000000   0.96925855682703
     53.000000000000   0.96929739092393
     54.000000000000   0.96933697469598
     55.000000000000   0.96937730873436
     56.000000000000   0.96941839364374
     57.000000000000   0.96946023004240
     58.000000000000   0.96950281856267
     59.000000000000   0.96954615985113
     60.000000000000   0.96959025456855
     61.000000000000   0.96963510339002
     62.000000000000   0.96968070700535
     63.000000000000   0.96972706611931
     64.000000000000   0.96977418145159
     65.000000000000   0.96982205373702
     66.000000000000   0.96987068372591
     67.000000000000   0.96992007218428
     68.000000000000   0.96997021989397
     69.000000000000   0.97002112765275
     70.000000000000   0.97007279627481
     71.000000000000   0.97012522659089
     72.000000000000   0.97017841944847
     73.000000000000   0.97023237571196
     74.000000000000   0.97028709626311
     75.000000000000   0.97034258200126
     76.000000000000   0.97039883384346
     77.000000000000   0.97045585272482
     78.000000000000   0.97051363959883
     79.000000000000   0.97057219543767
     80.000000000000   0.97063152123242
     81.000000000000   0.97069161799336
     82.000000000000   0.97075248675040
     83.000000000000   0.97081412855334
     84.000000000000   0.97087654447216
     85.000000000000   0.97093973559740
     86.000000000000   0.97100370304052
     87.000000000000   0.97106844793430
     88.000000000000   0.97113397143309
     89.000000000000   0.97120027471331
     90.000000000000   0.97126735897378
     91.000000000000   0.97133522543618
     92.000000000000   0.97140387534540
     93.000000000000   0.97147330996997
     94.000000000000   0.97154353060258
     95.000000000000   0.97161453856046
     96.000000000000   0.97168633518584
     97.000000000000   0.97175892184648
     98.000000000000   0.97183229993611
     99.000000000000   0.97190647087500
    100.000000000000   0.97198143611039
    101.000000000000   0.97205719711714
    102.000000000000   0.97213375539818
    103.000000000000   0.97221111248515
    104.000000000000   0.97228926993894
    105.000000000000   0.97236822935035
     106.00000000000   0.97244799234065
     107.00000000000   0.97252856056226
     108.00000000000   0.97260993569941
     109.00000000000   0.97269211946881
     110.00000000000   0.97277511362037
     111.00000000000   0.97285891993789
     112.00000000000   0.97294354023984
     113.00000000000   0.97302897638014
     114.00000000000   0.97311523024892
     115.00000000000   0.97320230377337
     116.00000000000   0.97329019891855
     117.00000000000   0.97337891768833
     118.00000000000   0.97346846212622
     119.00000000000   0.97355883431635
     120.00000000000   0.97365003638442
     121.00000000000   0.97374207049869
     122.00000000000   0.97383493887101
     123.00000000000   0.97392864375790
     124.00000000000   0.97402318746161
     125.00000000000   0.97411857233128
     126.00000000000   0.97421480076413
     127.00000000000   0.97431187520664
     128.00000000000   0.97440979815584
     129.00000000000   0.97450857216059
     130.00000000000   0.97460819982293
     131.00000000000   0.97470868379948
     132.00000000000   0.97481002680289
     133.00000000000   0.97491223160331
     134.00000000000   0.97501530102998
     135.00000000000   0.97511923797282
     136.00000000000   0.97522404538409
     137.00000000000   0.97532972628012
     138.00000000000   0.97543628374312
     139.00000000000   0.97554372092303
     140.00000000000   0.97565204103945
     141.00000000000   0.97576124738365
     142.00000000000   0.97587134332068
     143.00000000000   0.97598233229147
     144.00000000000   0.97609421781518
     145.00000000000   0.97620700349143
     146.00000000000   0.97632069300285
     147.00000000000   0.97643529011751
     148.00000000000   0.97655079869163
     149.00000000000   0.97666722267229
     150.00000000000   0.97678456610031
     151.00000000000   0.97690283311321
     152.00000000000   0.97702202794834
     153.00000000000   0.97714215494609
     154.00000000000   0.97726321855331
     155.00000000000   0.97738522332681
     156.00000000000   0.97750817393703
     157.00000000000   0.97763207517193
     158.00000000000   0.97775693194096
     159.00000000000   0.97788274927931
     160.00000000000   0.97800953235225
     161.00000000000   0.97813728645979
     162.00000000000   0.97826601704143
     163.00000000000   0.97839572968127
     164.00000000000   0.97852643011321
     165.00000000000   0.97865812422657
     166.00000000000   0.97879081807184
     167.00000000000   0.97892451786682
     168.00000000000   0.97905923000296
     169.00000000000   0.97919496105218
     170.00000000000   0.97933171777383
     171.00000000000   0.97946950712220
     172.00000000000   0.97960833625433
     173.00000000000   0.97974821253822
     174.00000000000   0.97988914356154
     175.00000000000   0.98003113714080
     176.00000000000   0.98017420133093
     177.00000000000   0.98031834443558
     178.00000000000   0.98046357501780
     179.00000000000   0.98060990191148
     180.00000000000   0.98075733423336
     181.00000000000   0.98090588139583
     182.00000000000   0.98105555312037
     183.00000000000   0.98120635945196
     184.00000000000   0.98135831077420
     185.00000000000   0.98151141782551
     186.00000000000   0.98166569171630
     187.00000000000   0.98182114394716
     188.00000000000   0.98197778642839
     189.00000000000   0.98213563150063
     190.00000000000   0.98229469195705
     191.00000000000   0.98245498106691
     192.00000000000   0.98261651260076
     193.00000000000   0.98277930085752
     194.00000000000   0.98294336069332
     195.00000000000   0.98310870755258
     196.00000000000   0.98327535750124
     197.00000000000   0.98344332726263
     198.00000000000   0.98361263425591
     199.00000000000   0.98378329663763
     200.00000000000   0.98395533334652
     201.00000000000   0.98412876415183
     202.00000000000   0.98430360970576
     203.00000000000   0.98447989160016
     204.00000000000   0.98465763242814
     205.00000000000   0.98483685585099
     206.00000000000   0.98501758667110
     207.00000000000   0.98519985091147
     208.00000000000   0.98538367590255
     209.00000000000   0.98556909037743
     210.00000000000   0.98575612457614
     211.00000000000   0.98594481036037
     212.00000000000   0.98613518133986
     213.00000000000   0.98632727301193
     214.00000000000   0.98652112291590
     215.00000000000   0.98671677080453
     216.00000000000   0.98691425883471
     217.00000000000   0.98711363178022
     218.00000000000   0.98731493726991
     219.00000000000   0.98751822605506
     220.00000000000   0.98772355231059
     221.00000000000   0.98793097397563
     222.00000000000   0.98814055314010
     223.00000000000   0.98835235648527
     224.00000000000   0.98856645578821
     225.00000000000   0.98878292850217
     226.00000000000   0.98900185842778
     227.00000000000   0.98922333649398
     228.00000000000   0.98944746167231
     229.00000000000   0.98967434205516
     230.00000000000   0.98990409613755
     231.00000000000   0.99013685435522
     232.00000000000   0.99037276095012
     233.00000000000   0.99061197626164
     234.00000000000   0.99085467958212
     235.00000000000   0.99110107277538
     236.00000000000   0.99135138494391
     237.00000000000   0.99160587855081
     238.00000000000   0.99186485755197
     239.00000000000   0.99212867824126
     240.00000000000   0.99239776357191
     241.00000000000   0.99267262151561
     242.00000000000   0.99295386726413
     243.00000000000   0.99324224737236
     244.00000000000   0.99353866089201
     245.00000000000   0.99384416801191
     246.00000000000   0.99415997119078
     247.00000000000   0.99448734876934
     248.00000000000   0.99482751931612
     249.00000000000   0.99518142002736
     250.00000000000   0.99554939744602
     251.00000000000   0.99593083423206
     252.00000000000   0.99632376791227
     253.00000000000   0.99672458742121
     254.00000000000   0.99712790812798
     255.00000000000   0.99752671396137
     256.00000000000   0.99791281090177
     257.00000000000   0.99827756569690
     258.00000000000   0.99861282552692
     259.00000000000   0.99891185389809
     260.00000000000   0.99917009817205
     261.00000000000   0.99938563522576
     262.00000000000   0.99955921623120
     263.00000000000   0.99969392613651
     264.00000000000   0.99979455820116
     265.00000000000   0.99986685413622
     266.00000000000   0.99991676536525
     267.00000000000   0.99994985633446
     268.00000000000   0.99997091407273
     269.00000000000   0.99998377006432
     270.00000000000   0.99999129706100
     271.00000000000   0.99999552195382
     272.00000000000   0.99999779476664
     273.00000000000   0.99999896631175
     274.00000000000   0.99999954481988
     275.00000000000   0.99999981843170
     276.00000000000   0.99999994235848
     277.00000000000   0.99999999610360
     278.00000000000    1.0000000184189
     279.00000000000    1.0000000272885
     280.00000000000    1.0000000306631
     281.00000000000    1.0000000318919
     282.00000000000    1.0000000323201
     283.00000000000    1.0000000324629
     284.00000000000    1.0000000325085
     285.00000000000    1.0000000325224
     286.00000000000    1.0000000325264
     287.00000000000    1.0000000325276
     288.00000000000    1.0000000325279
     289.00000000000    1.0000000325280
     290.00000000000    1.0000000325280
     291.00000000000    1.0000000325280
     292.00000000000    1.0000000325280
     293.00000000000    1.0000000325280
     294.00000000000    1.0000000325280
     295.00000000000    1.0000000325280
     296.00000000000    1.0000000325280
     297.00000000000    1.0000000325280
     298.00000000000    1.0000000325280
     299.00000000000    1.0000000325280
     300.00000000000    1.0000000325280
     301.00000000000    1.0000000325280
     302.00000000000    1.0000000325280
     303.00000000000    1.0000000325280
     304.00000000000    1.0000000325280
     305.00000000000    1.0000000325280
     306.00000000000    1.0000000325280
     307.00000000000    1.0000000325280
     308.00000000000    1.0000000325280
     309.00000000000    1.0000000325280
     310.00000000000    1.0000000325280
     311.00000000000    1.0000000325280
     312.00000000000    1.0000000325280
     313.00000000000    1.0000000325280
     314.00000000000    1.0000000325280
     315.00000000000    1.0000000325280
     316.00000000000    1.0000000325280
     317.00000000000    1.0000000325280
     318.00000000000    1.0000000325280
     319.00000000000    1.0000000325280
     320.00000000000    1.0000000325280
     321.00000000000    1.0000000325280
     322.00000000000    1.0000000325280
     323.00000000000    1.0000000325280
     324.00000000000    1.0000000325280
     325.00000000000    1.0000000325280
     326.00000000000    1.0000000325280
     327.00000000000    1.0000000325280
     328.00000000000    1.0000000325280
     329.00000000000    1.0000000325280
     330.00000000000    1.0000000325280
     331.00000000000    1.0000000325280
     332.00000000000    1.0000000325280
     333.00000000000    1.0000000325280
     334.00000000000    1.0000000325280
     335.00000000000    1.0000000325280
     336.00000000000    1.0000000325280
     337.00000000000    1.0000000325280
     338.00000000000    1.0000000325280
     339.00000000000    1.0000000325280
     340.00000000000    1.0000000325280
     341.00000000000    1.0000000325280
     342.00000000000    1.0000000325280
     343.00000000000    1.0000000325280
     344.00000000000    1.0000000325280
     345.00000000000    1.0000000325280
     346.00000000000    1.0000000325280
     347.00000000000    1.0000000325280
     348.00000000000    1.0000000325280
     349.00000000000    1.0000000325280
     350.00000000000    1.0000000325280
     351.00000000000    1.0000000325280
     352.00000000000    1.0000000325280
     353.00000000000    1.0000000325280
     354.00000000000    1.0000000325280
     355.00000000000    1.0000000325280
     356.00000000000    1.0000000325280
     357.00000000000    1.0000000325280
     358.00000000000    1.0000000325280
     359.00000000000    1.0000000325280
     360.00000000000    1.0000000325280
     361.00000000000    1.0000000325280
     362.00000000000    1.0000000325280
     363.00000000000    1.0000000325280
     364.00000000000    1.0000000325280
     365.00000000000    1.0000000325280
     366.00000000000    1.0000000325280
     367.00000000000    1.0000000325280
     368.00000000000    1.0000000325280
     369.00000000000    1.0000000325280
     370.00000000000    1.0000000325280
     371.00000000000    1.0000000325280
     372.00000000000    1.0000000325280
     373.00000000000    1.0000000325280
     374.00000000000    1.0000000325280
     375.00000000000    1.0000000325280
     376.00000000000    1.0000000325280
     377.00000000000    1.0000000325280
     378.00000000000    1.0000000325280
     379.00000000000    1.0000000325280
     380.00000000000    1.0000000325280
     381.00000000000    1.0000000325280
     382.00000000000    1.0000000325280
     383.00000000000    1.0000000325280
     384.00000000000    1.0000000325280
     385.00000000000    1.0000000325280
     386.00000000000    1.0000000325280
     387.00000000000    1.0000000325280
     388.00000000000    1.0000000325280
     389.00000000000    1.0000000325280
     390.00000000000    1.0000000325280
     391.00000000000    1.0000000325280
     392.00000000000    1.0000000325280
     393.00000000000    1.0000000325280
     394.00000000000    1.0000000325280
     395.00000000000    1.0000000325280
     396.00000000000    1.0000000325280
     397.00000000000    1.0000000325280
     398.00000000000    1.0000000325280
     399.00000000000    1.0000000325280
     400.00000000000    1.0000000325280
     401.00000000000    1.0000000325280
     402.00000000000    1.0000000325280
     403.00000000000    1.0000000325280
     404.00000000000    1.0000000325280
     405.00000000000    1.0000000325280
     406.00000000000    1.0000000325280
     407.00000000000    1.0000000325280
     408.00000000000    1.0000000325280
     409.00000000000    1.0000000325280
     410.00000000000    1.0000000325280
     411.00000000000    1.0000000325280
     412.00000000000    1.0000000325280
     413.00000000000    1.0000000325280
     414.00000000000    1.0000000325280
     415.00000000000    1.0000000325280
     416.00000000000    1.0000000325280
     417.00000000000    1.0000000325280
     418.00000000000    1.0000000325280
     419.00000000000    1.0000000325280
     420.00000000000    1.0000000325280
     421.00000000000    1.0000000325280
     422.00000000000    1.0000000325280
     423.00000000000    1.0000000325280
     424.00000000000    1.0000000325280
     425.00000000000    1.0000000325280
     426.00000000000    1.0000000325280
     427.00000000000    1.0000000325280
     428.00000000000    1.0000000325280
     429.00000000000    1.0000000325280
     430.00000000000    1.0000000325280
     431.00000000000    1.0000000325280
     432.00000000000    1.0000000325280
     433.00000000000    1.0000000325280
     434.00000000000    1.0000000325280
     435.00000000000    1.0000000325280
     436.00000000000    1.0000000325280
     437.00000000000    1.0000000325280
     438.00000000000    1.0000000325280
     439.00000000000    1.0000000325280
     440.00000000000    1.0000000325280
     441.00000000000    1.0000000325280
     442.00000000000    1.0000000325280
     443.00000000000    1.0000000325280
     444.00000000000    1.0000000325280
     445.00000000000    1.0000000325280
     446.00000000000    1.0000000325280
     447.00000000000    1.0000000325280
     448.00000000000    1.0000000325280
     449.00000000000    1.0000000325280
     450.00000000000    1.0000000325280
     451.00000000000    1.0000000325280
     452.00000000000    1.0000000325280
     453.00000000000    1.0000000325280
     454.00000000000    1.0000000325280
     455.00000000000    1.0000000325280
     456.00000000000    1.0000000325280
     457.00000000000    1.0000000325280
     458.00000000000    1.0000000325280
     459.00000000000    1.0000000325280
     460.00000000000    1.0000000325280
     461.00000000000    1.0000000325280
     462.00000000000    1.0000000325280
     463.00000000000    1.0000000325280
     464.00000000000    1.0000000325280
     465.00000000000    1.0000000325280
     466.00000000000    1.0000000325280
     467.00000000000    1.0000000325280
     468.00000000000    1.0000000325280
     469.00000000000    1.0000000325280
     470.00000000000    1.0000000325280
     471.00000000000    1.0000000325280
     472.00000000000    1.0000000325280
     473.00000000000    1.0000000325280
     474.00000000000    1.0000000325280
     475.00000000000    1.0000000325280
     476.00000000000    1.0000000325280
     477.00000000000    1.0000000325280
     478.00000000000    1.0000000325280
     479.00000000000    1.0000000325280
     480.00000000000    1.0000000325280
     481.00000000000    1.0000000325280
     482.00000000000    1.0000000325280
     483.00000000000    1.0000000325280
     484.00000000000    1.0000000325280
     485.00000000000    1.0000000325280
     486.00000000000    1.0000000325280
     487.00000000000    1.0000000325280
     488.00000000000    1.0000000325280
     489.00000000000    1.0000000325280
     490.00000000000    1.0000000325280
     491.00000000000    1.0000000325280
     492.00000000000    1.0000000325280
     493.00000000000    1.0000000325280
     494.00000000000    1.0000000325280
     495.00000000000    1.0000000325280
     496.00000000000    1.0000000325280
     497.00000000000    1.0000000325280
     498.00000000000    1.0000000325280
     499.00000000000    1.0000000325280
     500.00000000000    1.0000000325280
