    -500.00000000000    1.0000000325280
    -499.00000000000    1.0000000325280
    -498.00000000000    1.0000000325280
    -497.00000000000    1.0000000325280
    -496.00000000000    1.0000000325280
    -495.00000000000    1.0000000325280
    -494.00000000000    1.0000000325280
    -493.00000000000    1.0000000325280
    -492.00000000000    1.0000000325280
    -491.00000000000    1.0000000325280
    -490.00000000000    1.0000000325280
    -489.00000000000    1.0000000325280
    -488.00000000000    1.0000000325280
    -487.00000000000    1.0000000325280
    -486.00000000000    1.0000000325280
    -485.00000000000    1.0000000325280
    -484.00000000000    1.0000000325280
    -483.00000000000    1.0000000325280
    -482.00000000000    1.0000000325280
    -481.00000000000    1.0000000325280
    -480.00000000000    1.0000000325280
    -479.00000000000    1.0000000325280
    -478.00000000000    1.0000000325280
    -477.00000000000    1.0000000325280
    -476.00000000000    1.0000000325280
    -475.00000000000    1.0000000325280
    -474.00000000000    1.0000000325280
    -473.00000000000    1.0000000325280
    -472.00000000000    1.0000000325280
    -471.00000000000    1.0000000325280
    -470.00000000000    1.0000000325280
    -469.00000000000    1.0000000325280
    -468.00000000000    1.0000000325280
    -467.00000000000    1.0000000325280
    -466.00000000000    1.0000000325280
    -465.00000000000    1.0000000325280
    -464.00000000000    1.0000000325280
    -463.00000000000    1.0000000325280
    -462.00000000000    1.0000000325280
    -461.00000000000    1.0000000325280
    -460.00000000000    1.0000000325280
    -459.00000000000    1.0000000325280
    -458.00000000000    1.0000000325280
    -457.00000000000    1.0000000325280
    -456.00000000000    1.0000000325280
    -455.00000000000    1.0000000325280
    -454.00000000000    1.0000000325280
    -453.00000000000    1.0000000325280
    -452.00000000000    1.0000000325280
    -451.00000000000    1.0000000325280
    -450.00000000000    1.0000000325280
    -449.00000000000    1.0000000325280
    -448.00000000000    1.0000000325280
    -447.00000000000    1.0000000325280
    -446.00000000000    1.0000000325280
    -445.00000000000    1.0000000325280
    -444.00000000000    1.0000000325280
    -443.00000000000    1.0000000325280
    -442.00000000000    1.0000000325280
    -441.00000000000    1.0000000325280
    -440.00000000000    1.0000000325280
    -439.00000000000    1.0000000325280
    -438.00000000000    1.0000000325280
    -437.00000000000    1.0000000325280
    -436.00000000000    1.0000000325280
    -435.00000000000    1.0000000325280
    -434.00000000000    1.0000000325280
    -433.00000000000    1.0000000325280
    -432.00000000000    1.0000000325280
    -431.00000000000    1.0000000325280
    -430.00000000000    1.0000000325280
    -429.00000000000    1.0000000325280
    -428.00000000000    1.0000000325280
    -427.00000000000    1.0000000325280
    -426.00000000000    1.0000000325280
    -425.00000000000    1.0000000325280
    -424.00000000000    1.0000000325280
    -423.00000000000    1.0000000325280
    -422.00000000000    1.0000000325280
    -421.00000000000    1.0000000325280
    -420.00000000000    1.0000000325280
    -419.00000000000    1.0000000325280
    -418.00000000000    1.0000000325280
    -417.00000000000    1.0000000325280
    -416.00000000000    1.0000000325280
    -415.00000000000    1.0000000325280
    -414.00000000000    1.0000000325280
    -413.00000000000    1.0000000325280
    -412.00000000000    1.0000000325280
    -411.00000000000    1.0000000325280
    -410.00000000000    1.0000000325280
    -409.00000000000    1.0000000325280
    -408.00000000000    1.0000000325280
    -407.00000000000    1.0000000325280
    -406.00000000000    1.0000000325280
    -405.00000000000    1.0000000325280
    -404.00000000000    1.0000000325280
    -403.00000000000    1.0000000325280
    -402.00000000000    1.0000000325280
    -401.00000000000    1.0000000325280
    -400.00000000000    1.0000000325280
    -399.00000000000    1.0000000325280
    -398.00000000000    1.0000000325280
    -397.00000000000    1.0000000325280
    -396.00000000000    1.0000000325280
    -395.00000000000    1.0000000325280
    -394.00000000000    1.0000000325280
    -393.00000000000    1.0000000325280
    -392.00000000000    1.0000000325280
    -391.00000000000    1.0000000325280
    -390.00000000000    1.0000000325280
    -389.00000000000    1.0000000325280
    -388.00000000000    1.0000000325280
    -387.00000000000    1.0000000325280
    -386.00000000000    1.0000000325280
    -385.00000000000    1.0000000325280
    -384.00000000000    1.0000000325280
    -383.00000000000    1.0000000325280
    -382.00000000000    1.0000000325280
    -381.00000000000    1.0000000325280
    -380.00000000000    1.0000000325280
    -379.00000000000    1.0000000325280
    -378.00000000000    1.0000000325280
    -377.00000000000    1.0000000325280
    -376.00000000000    1.0000000325280
    -375.00000000000    1.0000000325280
    -374.00000000000    1.0000000325280
    -373.00000000000    1.0000000325280
    -372.00000000000    1.0000000325280
    -371.00000000000    1.0000000325280
    -370.00000000000    1.0000000325280
    -369.00000000000    1.0000000325280
    -368.00000000000    1.0000000325280
    -367.00000000000    1.0000000325280
    -366.00000000000    1.0000000325280
    -365.00000000000    1.0000000325280
    -364.00000000000    1.0000000325280
    -363.00000000000    1.0000000325280
    -362.00000000000    1.0000000325280
    -361.00000000000    1.0000000325280
    -360.00000000000    1.0000000325280
    -359.00000000000    1.0000000325280
    -358.00000000000    1.0000000325280
    -357.00000000000    1.0000000325280
    -356.00000000000    1.0000000325280
    -355.00000000000    1.0000000325280
    -354.00000000000    1.0000000325280
    -353.00000000000    1.0000000325280
    -352.00000000000    1.0000000325280
    -351.00000000000    1.0000000325280
    -350.00000000000    1.0000000325280
    -349.00000000000    1.0000000325280
    -348.00000000000    1.0000000325280
    -347.00000000000    1.0000000325280
    -346.00000000000    1.0000000325280
    -345.00000000000    1.0000000325280
    -344.00000000000    1.0000000325280
    -343.00000000000    1.0000000325280
    -342.00000000000    1.0000000325280
    -341.00000000000    1.0000000325280
    -340.00000000000    1.0000000325280
    -339.00000000000    1.0000000325280
    -338.00000000000    1.0000000325280
    -337.00000000000    1.0000000325280
    -336.00000000000    1.0000000325280
    -335.00000000000    1.0000000325280
    -334.00000000000    1.0000000325280
    -333.00000000000    1.0000000325280
    -332.00000000000    1.0000000325280
    -331.00000000000    1.0000000325280
    -330.00000000000    1.0000000325280
    -329.00000000000    1.0000000325280
    -328.00000000000    1.0000000325280
    -327.00000000000    1.0000000325280
    -326.00000000000    1.0000000325280
    -325.00000000000    1.0000000325280
    -324.00000000000    1.0000000325280
    -323.00000000000    1.0000000325280
    -322.00000000000    1.0000000325280
    -321.00000000000    1.0000000325280
    -320.00000000000    1.0000000325280
    -319.00000000000    1.0000000325280
    -318.00000000000    1.0000000325280
    -317.00000000000    1.0000000325280
    -316.00000000000    1.0000000325280
    -315.00000000000    1.0000000325280
    -314.00000000000    1.0000000325280
    -313.00000000000    1.0000000325280
    -312.00000000000    1.0000000325280
    -311.00000000000    1.0000000325280
    -310.00000000000    1.0000000325280
    -309.00000000000    1.0000000325280
    -308.00000000000    1.0000000325280
    -307.00000000000    1.0000000325280
    -306.00000000000    1.0000000325280
    -305.00000000000    1.0000000325280
    -304.00000000000    1.0000000325280
    -303.00000000000    1.0000000325280
    -302.00000000000    1.0000000325280
    -301.00000000000    1.0000000325280
    -300.00000000000    1.0000000325280
    -299.00000000000    1.0000000325280
    -298.00000000000    1.0000000325280
    -297.00000000000    1.0000000325280
    -296.00000000000    1.0000000325280
    -295.00000000000    1.0000000325280
    -294.00000000000    1.0000000325280
    -293.00000000000    1.0000000325280
    -292.00000000000    1.0000000325280
    -291.00000000000    1.0000000325280
    -290.00000000000    1.0000000325280
    -289.00000000000    1.0000000325280
    -288.00000000000    1.0000000325280
    -287.00000000000    1.0000000325280
    -286.00000000000    1.0000000325280
    -285.00000000000    1.0000000325280
    -284.00000000000    1.0000000325280
    -283.00000000000    1.0000000325280
    -282.00000000000    1.0000000325280
    -281.00000000000    1.0000000325280
    -280.00000000000    1.0000000325280
    -279.00000000000    1.0000000325280
    -278.00000000000    1.0000000325280
    -277.00000000000    1.0000000325280
    -276.00000000000    1.0000000325280
    -275.00000000000    1.0000000325280
    -274.00000000000    1.0000000325280
    -273.00000000000    1.0000000325280
    -272.00000000000    1.0000000325280
    -271.00000000000    1.0000000325280
    -270.00000000000    1.0000000325280
    -269.00000000000    1.0000000325280
    -268.00000000000    1.0000000325280
    -267.00000000000    1.0000000325280
    -266.00000000000    1.0000000325280
    -265.00000000000    1.0000000325280
    -264.00000000000    1.0000000325280
    -263.00000000000    1.0000000325280
    -262.00000000000    1.0000000325280
    -261.00000000000    1.0000000325280
    -260.00000000000    1.0000000325280
    -259.00000000000    1.0000000325280
    -258.00000000000    1.0000000325280
    -257.00000000000    1.0000000325280
    -256.00000000000    1.0000000325280
    -255.00000000000    1.0000000325280
    -254.00000000000    1.0000000325280
    -253.00000000000    1.0000000325280
    -252.00000000000    1.0000000325280
    -251.00000000000    1.0000000325280
    -250.00000000000    1.0000000325280
    -249.00000000000    1.0000000325280
    -248.00000000000    1.0000000325280
    -247.00000000000    1.0000000325280
    -246.00000000000    1.0000000325280
    -245.00000000000    1.0000000325280
    -244.00000000000    1.0000000325280
    -243.00000000000    1.0000000325280
    -242.00000000000    1.0000000325280
    -241.00000000000    1.0000000325280
    -240.00000000000    1.0000000325280
    -239.00000000000    1.0000000325280
    -238.00000000000    1.0000000325280
    -237.00000000000    1.0000000325280
    -236.00000000000    1.0000000325280
    -235.00000000000    1.0000000325280
    -234.00000000000    1.0000000325280
    -233.00000000000    1.0000000325280
    -232.00000000000    1.0000000325280
    -231.00000000000    1.0000000325280
    -230.00000000000    1.0000000325280
    -229.00000000000    1.0000000325280
    -228.00000000000    1.0000000325280
    -227.00000000000    1.0000000325280
    -226.00000000000    1.0000000325280
    -225.00000000000    1.0000000325280
    -224.00000000000    1.0000000325280
    -223.00000000000    1.0000000325280
    -222.00000000000    1.0000000325280
    -221.00000000000    1.0000000325280
    -220.00000000000    1.0000000325280
    -219.00000000000    1.0000000325280
    -218.00000000000    1.0000000325280
    -217.00000000000    1.0000000325280
    -216.00000000000    1.0000000325280
    -215.00000000000    1.0000000325280
    -214.00000000000    1.0000000325280
    -213.00000000000    1.0000000325280
    -212.00000000000    1.0000000325280
    -211.00000000000    1.0000000325280
    -210.00000000000    1.0000000325280
    -209.00000000000    1.0000000325280
    -208.00000000000    1.0000000325280
    -207.00000000000    1.0000000325280
    -206.00000000000    1.0000000325280
    -205.00000000000    1.0000000325280
    -204.00000000000    1.0000000325280
    -203.00000000000    1.0000000325280
    -202.00000000000    1.0000000325280
    -201.00000000000    1.0000000325280
    -200.00000000000    1.0000000325280
    -199.00000000000    1.0000000325280
    -198.00000000000    1.0000000325280
    -197.00000000000    1.0000000325280
    -196.00000000000    1.0000000325280
    -195.00000000000    1.0000000325280
    -194.00000000000    1.0000000325280
    -193.00000000000    1.0000000325280
    -192.00000000000    1.0000000325280
    -191.00000000000    1.0000000325280
    -190.00000000000    1.0000000325279
    -189.00000000000    1.0000000325278
    -188.00000000000    1.0000000325271
    -187.00000000000    1.0000000325247
    -186.00000000000    1.0000000325161
    -185.00000000000    1.0000000324866
    -184.00000000000    1.0000000323900
    -183.00000000000    1.0000000320872
    -182.00000000000    1.0000000311788
    -181.00000000000    1.0000000285710
    -180.00000000000    1.0000000214060
    -179.00000000000    1.0000000025642
    -178.00000000000   0.99999995513564
    -177.00000000000   0.99999984084438
    -176.00000000000   0.99999957715732
    -175.00000000000   0.99999899462102
    -174.00000000000   0.99999776214532
    -173.00000000000   0.99999526452421
    -172.00000000000   0.99999041555336
    -171.00000000000   0.99998139482262
    -170.00000000000   0.99996531016037
    -169.00000000000   0.99993781307381
    -168.00000000000   0.99989273002024
    -167.00000000000   0.99982181071015
    -166.00000000000   0.99971472209823
    -165.00000000000   0.99955941561262
    -164.00000000000   0.99934295048907
    -163.00000000000   0.99905276420431
    -162.00000000000   0.99867825683933
    -161.00000000000   0.99821243375902
    -160.00000000000   0.99765327452115
    -159.00000000000   0.99700450312547
    -158.00000000000   0.99627553869681
    -157.00000000000   0.99548058482854
    -156.00000000000   0.99463701807409
    -155.00000000000   0.99376339770329
    -154.00000000000   0.99287748939767
    -153.00000000000   0.99199465764575
    -152.00000000000   0.99112685603940
    -151.00000000000   0.99028227939677
    -150.00000000000   0.98946559068194
    -149.00000000000   0.98867853873709
    -148.00000000000   0.98792075404854
    -147.00000000000   0.98719053877566
    -146.00000000000   0.98648552918838
    -145.00000000000   0.98580317661093
    -144.00000000000   0.98514104749160
    -143.00000000000   0.98449697584590
    -142.00000000000   0.98386911304516
    -141.00000000000   0.98325591703375
    -140.00000000000   0.98265611295981
    -139.00000000000   0.98206864571916
    -138.00000000000   0.98149263535124
    -137.00000000000   0.98092733971016
    -136.00000000000   0.98037212512513
    -135.00000000000   0.97982644407060
    -134.00000000000   0.97928981836527
    -133.00000000000   0.97876182649513
    -132.00000000000   0.97824209393432
    -131.00000000000   0.97773028563326
    -130.00000000000   0.97722610008674
    -129.00000000000   0.97672926457185
    -128.00000000000   0.97623953126945
    -127.00000000000   0.97575667406518
    -126.00000000000   0.97528048588270
    -125.00000000000   0.97481077643989
    -124.00000000000   0.97434737034564
    -123.00000000000   0.97389010547388
    -122.00000000000   0.97343883156561
    -121.00000000000   0.97299340901990
    -120.00000000000   0.97255370784278
    -119.00000000000   0.97211960672897
    -118.00000000000   0.97169099225597
    -117.00000000000   0.97126775817395
    -116.00000000000   0.97084980477749
    -115.00000000000   0.97043703834777
    -114.00000000000   0.97002937065572
    -113.00000000000   0.96962671851784
    -112.00000000000   0.96922900339818
    -111.00000000000   0.96883615105042
    -110.00000000000   0.96844809119537
    -109.00000000000   0.96806475722946
    -108.00000000000   0.96768608596078
    -107.00000000000   0.96731201736934
    -106.00000000000   0.96694249438900
   -105.000000000000   0.96657746270866
   -104.000000000000   0.96621687059061
   -103.000000000000   0.96586066870424
   -102.000000000000   0.96550880997363
   -101.000000000000   0.96516124943754
   -100.000000000000   0.96481794412054
    -99.000000000000   0.96447885291431
    -98.000000000000   0.96414393646812
    -97.000000000000   0.96381315708748
    -96.000000000000   0.96348647864049
    -95.000000000000   0.96316386647088
    -94.000000000000   0.96284528731748
    -93.000000000000   0.96253070923920
    -92.000000000000   0.96222010154542
    -91.000000000000   0.96191343473099
    -90.000000000000   0.96161068041573
    -89.000000000000   0.96131181128789
    -88.000000000000   0.96101680105135
    -87.000000000000   0.96072562437620
    -86.000000000000   0.96043825685244
    -85.000000000000   0.96015467494668
    -84.000000000000   0.95987485596139
    -83.000000000000   0.95959877799671
    -82.000000000000   0.95932641991457
    -81.000000000000   0.95905776130491
    -80.000000000000   0.95879278245383
    -79.000000000000   0.95853146431373
    -78.000000000000   0.95827378847497
    -77.000000000000   0.95801973713929
    -76.000000000000   0.95776929309463
    -75.000000000000   0.95752243969134
    -74.000000000000   0.95727916081971
    -73.000000000000   0.95703944088870
    -72.000000000000   0.95680326480581
    -71.000000000000   0.95657061795799
    -70.000000000000   0.95634148619357
    -69.000000000000   0.95611585580511
    -68.000000000000   0.95589371351312
    -67.000000000000   0.95567504645062
    -66.000000000000   0.95545984214845
    -65.000000000000   0.95524808852133
    -64.000000000000   0.95503977385459
    -63.000000000000   0.95483488679154
    -62.000000000000   0.95463341632148
    -61.000000000000   0.95443535176826
    -60.000000000000   0.95424068277935
    -59.000000000000   0.95404939931553
    -58.000000000000   0.95386149164093
    -57.000000000000   0.95367695031360
    -56.000000000000   0.95349576617654
    -55.000000000000   0.95331793034908
    -54.000000000000   0.95314343421868
    -53.000000000000   0.95297226943312
    -52.000000000000   0.95280442789299
    -51.000000000000   0.95263990174456
    -50.000000000000   0.95247868337293
    -49.000000000000   0.95232076539555
    -48.000000000000   0.95216614065593
    -47.000000000000   0.95201480221768
    -46.000000000000   0.95186674335883
    -45.000000000000   0.95172195756635
    -44.000000000000   0.95158043853094
    -43.000000000000   0.95144218014202
    -42.000000000000   0.95130717648297
    -41.000000000000   0.95117542182656
    -40.000000000000   0.95104691063054
    -39.000000000000   0.95092163753351
    -38.000000000000   0.95079959735088
    -37.000000000000   0.95068078507103
    -36.000000000000   0.95056519585169
    -35.000000000000   0.95045282501641
    -34.000000000000   0.95034366805122
    -33.000000000000   0.95023772060140
    -32.000000000000   0.95013497846847
    -31.000000000000   0.95003543760722
    -30.000000000000   0.94993909412295
    -29.000000000000   0.94984594426881
    -28.000000000000   0.94975598444321
    -27.000000000000   0.94966921118746
    -26.000000000000   0.94958562118341
    -25.000000000000   0.94950521125129
    -24.000000000000   0.94942797834758
    -23.000000000000   0.94935391956307
    -22.000000000000   0.94928303212092
    -21.000000000000   0.94921531337489
    -20.000000000000   0.94915076080766
    -19.000000000000   0.94908937202923
    -18.000000000000   0.94903114477535
    -17.000000000000   0.94897607690617
    -16.000000000000   0.94892416640485
    -15.000000000000   0.94887541137630
    -14.000000000000   0.94882981004604
    -13.000000000000   0.94878736075907
    -12.000000000000   0.94874806197886
    -11.000000000000   0.94871191228641
   -10.0000000000000   0.94867891037938
    -9.0000000000000   0.94864905507130
    -8.0000000000000   0.94862234529085
    -7.0000000000000   0.94859878008118
    -6.0000000000000   0.94857835859940
    -5.0000000000000   0.94856108011600
    -4.0000000000000   0.94854694401445
    -3.0000000000000   0.94853594979082
    -2.0000000000000   0.94852809705348
    -1.0000000000000   0.94852338552286
   0.   0.94852181503128
     1.0000000000000   0.94852338552286
     2.0000000000000   0.94852809705348
     3.0000000000000   0.94853594979082
     4.0000000000000   0.94854694401445
     5.0000000000000   0.94856108011600
     6.0000000000000   0.94857835859940
     7.0000000000000   0.94859878008118
     8.0000000000000   0.94862234529085
     9.0000000000000   0.94864905507130
    10.0000000000000   0.94867891037938
     11.000000000000   0.94871191228641
     12.000000000000   0.94874806197886
     13.000000000000   0.94878736075907
     14.000000000000   0.94882981004604
     15.000000000000   0.94887541137630
     16.000000000000   0.94892416640485
     17.000000000000   0.94897607690617
     18.000000000000   0.94903114477535
     19.000000000000   0.94908937202923
     20.000000000000   0.94915076080766
     21.000000000000   0.94921531337489
     22.000000000000   0.94928303212092
     23.000000000000   0.94935391956307
     24.000000000000   0.94942797834758
     25.000000000000   0.94950521125129
     26.000000000000   0.94958562118341
     27.000000000000   0.94966921118746
     28.000000000000   0.94975598444321
     29.000000000000   0.94984594426881
     30.000000000000   0.94993909412295
     31.000000000000   0.95003543760722
     32.000000000000   0.95013497846847
     33.000000000000   0.95023772060140
     34.000000000000   0.95034366805122
     35.000000000000   0.95045282501641
     36.000000000000   0.95056519585169
     37.000000000000   0.95068078507103
     38.000000000000   0.95079959735088
     39.000000000000   0.95092163753351
     40.000000000000   0.95104691063054
     41.000000000000   0.95117542182656
     42.000000000000   0.95130717648297
     43.000000000000   0.95144218014202
     44.000000000000   0.95158043853094
     45.000000000000   0.95172195756635
     46.000000000000   0.95186674335883
     47.000000000000   0.95201480221768
     48.000000000000   0.95216614065593
     49.000000000000   0.95232076539555
     50.000000000000   0.95247868337293
     51.000000000000   0.95263990174456
     52.000000000000   0.95280442789299
     53.000000000000   0.95297226943312
     54.000000000000   0.95314343421868
     55.000000000000   0.95331793034907
     56.000000000000   0.95349576617654
     57.000000000000   0.95367695031360
     58.000000000000   0.95386149164093
     59.000000000000   0.95404939931553
     60.000000000000   0.95424068277935
     61.000000000000   0.95443535176826
     62.000000000000   0.95463341632148
     63.000000000000   0.95483488679154
     64.000000000000   0.95503977385459
     65.000000000000   0.95524808852133
     66.000000000000   0.95545984214845
     67.000000000000   0.95567504645062
     68.000000000000   0.95589371351312
     69.000000000000   0.95611585580511
     70.000000000000   0.95634148619357
     71.000000000000   0.95657061795799
     72.000000000000   0.95680326480581
     73.000000000000   0.95703944088870
     74.000000000000   0.95727916081971
     75.000000000000   0.95752243969134
     76.000000000000   0.95776929309463
     77.000000000000   0.95801973713929
     78.000000000000   0.95827378847497
     79.000000000000   0.95853146431373
     80.000000000000   0.95879278245383
     81.000000000000   0.95905776130491
     82.000000000000   0.95932641991457
     83.000000000000   0.95959877799671
     84.000000000000   0.95987485596139
     85.000000000000   0.96015467494668
     86.000000000000   0.96043825685244
     87.000000000000   0.96072562437620
     88.000000000000   0.96101680105135
     89.000000000000   0.96131181128789
     90.000000000000   0.96161068041573
     91.000000000000   0.96191343473099
     92.000000000000   0.96222010154542
     93.000000000000   0.96253070923920
     94.000000000000   0.96284528731748
     95.000000000000   0.96316386647088
     96.000000000000   0.96348647864049
     97.000000000000   0.96381315708748
     98.000000000000   0.96414393646812
     99.000000000000   0.96447885291431
    100.000000000000   0.96481794412054
    101.000000000000   0.96516124943754
    102.000000000000   0.96550880997363
    103.000000000000   0.96586066870424
    104.000000000000   0.96621687059061
    105.000000000000   0.96657746270866
     106.00000000000   0.96694249438900
     107.00000000000   0.96731201736934
     108.00000000000   0.96768608596078
     109.00000000000   0.96806475722947
     110.00000000000   0.96844809119537
     111.00000000000   0.96883615105042
     112.00000000000   0.96922900339818
     113.00000000000   0.96962671851784
     114.00000000000   0.97002937065572
     115.00000000000   0.97043703834777
     116.00000000000   0.97084980477748
     117.00000000000   0.97126775817395
     118.00000000000   0.97169099225597
     119.00000000000   0.97211960672897
     120.00000000000   0.97255370784278
     121.00000000000   0.97299340901990
     122.00000000000   0.97343883156561
     123.00000000000   0.97389010547388
     124.00000000000   0.97434737034564
     125.00000000000   0.97481077643989
     126.00000000000   0.97528048588270
     127.00000000000   0.97575667406517
     128.00000000000   0.97623953126945
     129.00000000000   0.97672926457185
     130.00000000000   0.97722610008674
     131.00000000000   0.97773028563326
     132.00000000000   0.97824209393432
     133.00000000000   0.97876182649513
     134.00000000000   0.97928981836527
     135.00000000000   0.97982644407060
     136.00000000000   0.98037212512513
     137.00000000000   0.98092733971016
     138.00000000000   0.98149263535124
     139.00000000000   0.98206864571916
     140.00000000000   0.98265611295981
     141.00000000000   0.98325591703375
     142.00000000000   0.98386911304516
     143.00000000000   0.98449697584590
     144.00000000000   0.98514104749160
     145.00000000000   0.98580317661093
     146.00000000000   0.98648552918837
     147.00000000000   0.98719053877566
     148.00000000000   0.98792075404854
     149.00000000000   0.98867853873709
     150.00000000000   0.98946559068194
     151.00000000000   0.99028227939677
     152.00000000000   0.99112685603940
     153.00000000000   0.99199465764575
     154.00000000000   0.99287748939767
     155.00000000000   0.99376339770329
     156.00000000000   0.99463701807409
     157.00000000000   0.99548058482854
     158.00000000000   0.99627553869680
     159.00000000000   0.99700450312547
     160.00000000000   0.99765327452115
     161.00000000000   0.99821243375902
     162.00000000000   0.99867825683933
     163.00000000000   0.99905276420431
     164.00000000000   0.99934295048907
     165.00000000000   0.99955941561262
     166.00000000000   0.99971472209823
     167.00000000000   0.99982181071015
     168.00000000000   0.99989273002024
     169.00000000000   0.99993781307381
     170.00000000000   0.99996531016037
     171.00000000000   0.99998139482262
     172.00000000000   0.99999041555336
     173.00000000000   0.99999526452421
     174.00000000000   0.99999776214532
     175.00000000000   0.99999899462102
     176.00000000000   0.99999957715732
     177.00000000000   0.99999984084438
     178.00000000000   0.99999995513564
     179.00000000000    1.0000000025642
     180.00000000000    1.0000000214060
     181.00000000000    1.0000000285710
     182.00000000000    1.0000000311788
     183.00000000000    1.0000000320872
     184.00000000000    1.0000000323900
     185.00000000000    1.0000000324866
     186.00000000000    1.0000000325161
     187.00000000000    1.0000000325247
     188.00000000000    1.0000000325271
     189.00000000000    1.0000000325278
     190.00000000000    1.0000000325279
     191.00000000000    1.0000000325280
     192.00000000000    1.0000000325280
     193.00000000000    1.0000000325280
     194.00000000000    1.0000000325280
     195.00000000000    1.0000000325280
     196.00000000000    1.0000000325280
     197.00000000000    1.0000000325280
     198.00000000000    1.0000000325280
     199.00000000000    1.0000000325280
     200.00000000000    1.0000000325280
     201.00000000000    1.0000000325280
     202.00000000000    1.0000000325280
     203.00000000000    1.0000000325280
     204.00000000000    1.0000000325280
     205.00000000000    1.0000000325280
     206.00000000000    1.0000000325280
     207.00000000000    1.0000000325280
     208.00000000000    1.0000000325280
     209.00000000000    1.0000000325280
     210.00000000000    1.0000000325280
     211.00000000000    1.0000000325280
     212.00000000000    1.0000000325280
     213.00000000000    1.0000000325280
     214.00000000000    1.0000000325280
     215.00000000000    1.0000000325280
     216.00000000000    1.0000000325280
     217.00000000000    1.0000000325280
     218.00000000000    1.0000000325280
     219.00000000000    1.0000000325280
     220.00000000000    1.0000000325280
     221.00000000000    1.0000000325280
     222.00000000000    1.0000000325280
     223.00000000000    1.0000000325280
     224.00000000000    1.0000000325280
     225.00000000000    1.0000000325280
     226.00000000000    1.0000000325280
     227.00000000000    1.0000000325280
     228.00000000000    1.0000000325280
     229.00000000000    1.0000000325280
     230.00000000000    1.0000000325280
     231.00000000000    1.0000000325280
     232.00000000000    1.0000000325280
     233.00000000000    1.0000000325280
     234.00000000000    1.0000000325280
     235.00000000000    1.0000000325280
     236.00000000000    1.0000000325280
     237.00000000000    1.0000000325280
     238.00000000000    1.0000000325280
     239.00000000000    1.0000000325280
     240.00000000000    1.0000000325280
     241.00000000000    1.0000000325280
     242.00000000000    1.0000000325280
     243.00000000000    1.0000000325280
     244.00000000000    1.0000000325280
     245.00000000000    1.0000000325280
     246.00000000000    1.0000000325280
     247.00000000000    1.0000000325280
     248.00000000000    1.0000000325280
     249.00000000000    1.0000000325280
     250.00000000000    1.0000000325280
     251.00000000000    1.0000000325280
     252.00000000000    1.0000000325280
     253.00000000000    1.0000000325280
     254.00000000000    1.0000000325280
     255.00000000000    1.0000000325280
     256.00000000000    1.0000000325280
     257.00000000000    1.0000000325280
     258.00000000000    1.0000000325280
     259.00000000000    1.0000000325280
     260.00000000000    1.0000000325280
     261.00000000000    1.0000000325280
     262.00000000000    1.0000000325280
     263.00000000000    1.0000000325280
     264.00000000000    1.0000000325280
     265.00000000000    1.0000000325280
     266.00000000000    1.0000000325280
     267.00000000000    1.0000000325280
     268.00000000000    1.0000000325280
     269.00000000000    1.0000000325280
     270.00000000000    1.0000000325280
     271.00000000000    1.0000000325280
     272.00000000000    1.0000000325280
     273.00000000000    1.0000000325280
     274.00000000000    1.0000000325280
     275.00000000000    1.0000000325280
     276.00000000000    1.0000000325280
     277.00000000000    1.0000000325280
     278.00000000000    1.0000000325280
     279.00000000000    1.0000000325280
     280.00000000000    1.0000000325280
     281.00000000000    1.0000000325280
     282.00000000000    1.0000000325280
     283.00000000000    1.0000000325280
     284.00000000000    1.0000000325280
     285.00000000000    1.0000000325280
     286.00000000000    1.0000000325280
     287.00000000000    1.0000000325280
     288.00000000000    1.0000000325280
     289.00000000000    1.0000000325280
     290.00000000000    1.0000000325280
     291.00000000000    1.0000000325280
     292.00000000000    1.0000000325280
     293.00000000000    1.0000000325280
     294.00000000000    1.0000000325280
     295.00000000000    1.0000000325280
     296.00000000000    1.0000000325280
     297.00000000000    1.0000000325280
     298.00000000000    1.0000000325280
     299.00000000000    1.0000000325280
     300.00000000000    1.0000000325280
     301.00000000000    1.0000000325280
     302.00000000000    1.0000000325280
     303.00000000000    1.0000000325280
     304.00000000000    1.0000000325280
     305.00000000000    1.0000000325280
     306.00000000000    1.0000000325280
     307.00000000000    1.0000000325280
     308.00000000000    1.0000000325280
     309.00000000000    1.0000000325280
     310.00000000000    1.0000000325280
     311.00000000000    1.0000000325280
     312.00000000000    1.0000000325280
     313.00000000000    1.0000000325280
     314.00000000000    1.0000000325280
     315.00000000000    1.0000000325280
     316.00000000000    1.0000000325280
     317.00000000000    1.0000000325280
     318.00000000000    1.0000000325280
     319.00000000000    1.0000000325280
     320.00000000000    1.0000000325280
     321.00000000000    1.0000000325280
     322.00000000000    1.0000000325280
     323.00000000000    1.0000000325280
     324.00000000000    1.0000000325280
     325.00000000000    1.0000000325280
     326.00000000000    1.0000000325280
     327.00000000000    1.0000000325280
     328.00000000000    1.0000000325280
     329.00000000000    1.0000000325280
     330.00000000000    1.0000000325280
     331.00000000000    1.0000000325280
     332.00000000000    1.0000000325280
     333.00000000000    1.0000000325280
     334.00000000000    1.0000000325280
     335.00000000000    1.0000000325280
     336.00000000000    1.0000000325280
     337.00000000000    1.0000000325280
     338.00000000000    1.0000000325280
     339.00000000000    1.0000000325280
     340.00000000000    1.0000000325280
     341.00000000000    1.0000000325280
     342.00000000000    1.0000000325280
     343.00000000000    1.0000000325280
     344.00000000000    1.0000000325280
     345.00000000000    1.0000000325280
     346.00000000000    1.0000000325280
     347.00000000000    1.0000000325280
     348.00000000000    1.0000000325280
     349.00000000000    1.0000000325280
     350.00000000000    1.0000000325280
     351.00000000000    1.0000000325280
     352.00000000000    1.0000000325280
     353.00000000000    1.0000000325280
     354.00000000000    1.0000000325280
     355.00000000000    1.0000000325280
     356.00000000000    1.0000000325280
     357.00000000000    1.0000000325280
     358.00000000000    1.0000000325280
     359.00000000000    1.0000000325280
     360.00000000000    1.0000000325280
     361.00000000000    1.0000000325280
     362.00000000000    1.0000000325280
     363.00000000000    1.0000000325280
     364.00000000000    1.0000000325280
     365.00000000000    1.0000000325280
     366.00000000000    1.0000000325280
     367.00000000000    1.0000000325280
     368.00000000000    1.0000000325280
     369.00000000000    1.0000000325280
     370.00000000000    1.0000000325280
     371.00000000000    1.0000000325280
     372.00000000000    1.0000000325280
     373.00000000000    1.0000000325280
     374.00000000000    1.0000000325280
     375.00000000000    1.0000000325280
     376.00000000000    1.0000000325280
     377.00000000000    1.0000000325280
     378.00000000000    1.0000000325280
     379.00000000000    1.0000000325280
     380.00000000000    1.0000000325280
     381.00000000000    1.0000000325280
     382.00000000000    1.0000000325280
     383.00000000000    1.0000000325280
     384.00000000000    1.0000000325280
     385.00000000000    1.0000000325280
     386.00000000000    1.0000000325280
     387.00000000000    1.0000000325280
     388.00000000000    1.0000000325280
     389.00000000000    1.0000000325280
     390.00000000000    1.0000000325280
     391.00000000000    1.0000000325280
     392.00000000000    1.0000000325280
     393.00000000000    1.0000000325280
     394.00000000000    1.0000000325280
     395.00000000000    1.0000000325280
     396.00000000000    1.0000000325280
     397.00000000000    1.0000000325280
     398.00000000000    1.0000000325280
     399.00000000000    1.0000000325280
     400.00000000000    1.0000000325280
     401.00000000000    1.0000000325280
     402.00000000000    1.0000000325280
     403.00000000000    1.0000000325280
     404.00000000000    1.0000000325280
     405.00000000000    1.0000000325280
     406.00000000000    1.0000000325280
     407.00000000000    1.0000000325280
     408.00000000000    1.0000000325280
     409.00000000000    1.0000000325280
     410.00000000000    1.0000000325280
     411.00000000000    1.0000000325280
     412.00000000000    1.0000000325280
     413.00000000000    1.0000000325280
     414.00000000000    1.0000000325280
     415.00000000000    1.0000000325280
     416.00000000000    1.0000000325280
     417.00000000000    1.0000000325280
     418.00000000000    1.0000000325280
     419.00000000000    1.0000000325280
     420.00000000000    1.0000000325280
     421.00000000000    1.0000000325280
     422.00000000000    1.0000000325280
     423.00000000000    1.0000000325280
     424.00000000000    1.0000000325280
     425.00000000000    1.0000000325280
     426.00000000000    1.0000000325280
     427.00000000000    1.0000000325280
     428.00000000000    1.0000000325280
     429.00000000000    1.0000000325280
     430.00000000000    1.0000000325280
     431.00000000000    1.0000000325280
     432.00000000000    1.0000000325280
     433.00000000000    1.0000000325280
     434.00000000000    1.0000000325280
     435.00000000000    1.0000000325280
     436.00000000000    1.0000000325280
     437.00000000000    1.0000000325280
     438.00000000000    1.0000000325280
     439.00000000000    1.0000000325280
     440.00000000000    1.0000000325280
     441.00000000000    1.0000000325280
     442.00000000000    1.0000000325280
     443.00000000000    1.0000000325280
     444.00000000000    1.0000000325280
     445.00000000000    1.0000000325280
     446.00000000000    1.0000000325280
     447.00000000000    1.0000000325280
     448.00000000000    1.0000000325280
     449.00000000000    1.0000000325280
     450.00000000000    1.0000000325280
     451.00000000000    1.0000000325280
     452.00000000000    1.0000000325280
     453.00000000000    1.0000000325280
     454.00000000000    1.0000000325280
     455.00000000000    1.0000000325280
     456.00000000000    1.0000000325280
     457.00000000000    1.0000000325280
     458.00000000000    1.0000000325280
     459.00000000000    1.0000000325280
     460.00000000000    1.0000000325280
     461.00000000000    1.0000000325280
     462.00000000000    1.0000000325280
     463.00000000000    1.0000000325280
     464.00000000000    1.0000000325280
     465.00000000000    1.0000000325280
     466.00000000000    1.0000000325280
     467.00000000000    1.0000000325280
     468.00000000000    1.0000000325280
     469.00000000000    1.0000000325280
     470.00000000000    1.0000000325280
     471.00000000000    1.0000000325280
     472.00000000000    1.0000000325280
     473.00000000000    1.0000000325280
     474.00000000000    1.0000000325280
     475.00000000000    1.0000000325280
     476.00000000000    1.0000000325280
     477.00000000000    1.0000000325280
     478.00000000000    1.0000000325280
     479.00000000000    1.0000000325280
     480.00000000000    1.0000000325280
     481.00000000000    1.0000000325280
     482.00000000000    1.0000000325280
     483.00000000000    1.0000000325280
     484.00000000000    1.0000000325280
     485.00000000000    1.0000000325280
     486.00000000000    1.0000000325280
     487.00000000000    1.0000000325280
     488.00000000000    1.0000000325280
     489.00000000000    1.0000000325280
     490.00000000000    1.0000000325280
     491.00000000000    1.0000000325280
     492.00000000000    1.0000000325280
     493.00000000000    1.0000000325280
     494.00000000000    1.0000000325280
     495.00000000000    1.0000000325280
     496.00000000000    1.0000000325280
     497.00000000000    1.0000000325280
     498.00000000000    1.0000000325280
     499.00000000000    1.0000000325280
     500.00000000000    1.0000000325280
