    -500.00000000000    1.0000000325280
    -499.00000000000    1.0000000325280
    -498.00000000000    1.0000000325280
    -497.00000000000    1.0000000325280
    -496.00000000000    1.0000000325280
    -495.00000000000    1.0000000325280
    -494.00000000000    1.0000000325280
    -493.00000000000    1.0000000325280
    -492.00000000000    1.0000000325280
    -491.00000000000    1.0000000325280
    -490.00000000000    1.0000000325280
    -489.00000000000    1.0000000325280
    -488.00000000000    1.0000000325280
    -487.00000000000    1.0000000325280
    -486.00000000000    1.0000000325280
    -485.00000000000    1.0000000325280
    -484.00000000000    1.0000000325280
    -483.00000000000    1.0000000325280
    -482.00000000000    1.0000000325280
    -481.00000000000    1.0000000325280
    -480.00000000000    1.0000000325280
    -479.00000000000    1.0000000325280
    -478.00000000000    1.0000000325280
    -477.00000000000    1.0000000325280
    -476.00000000000    1.0000000325280
    -475.00000000000    1.0000000325280
    -474.00000000000    1.0000000325280
    -473.00000000000    1.0000000325280
    -472.00000000000    1.0000000325280
    -471.00000000000    1.0000000325280
    -470.00000000000    1.0000000325280
    -469.00000000000    1.0000000325280
    -468.00000000000    1.0000000325280
    -467.00000000000    1.0000000325280
    -466.00000000000    1.0000000325280
    -465.00000000000    1.0000000325280
    -464.00000000000    1.0000000325280
    -463.00000000000    1.0000000325280
    -462.00000000000    1.0000000325280
    -461.00000000000    1.0000000325280
    -460.00000000000    1.0000000325280
    -459.00000000000    1.0000000325280
    -458.00000000000    1.0000000325280
    -457.00000000000    1.0000000325280
    -456.00000000000    1.0000000325280
    -455.00000000000    1.0000000325280
    -454.00000000000    1.0000000325280
    -453.00000000000    1.0000000325280
    -452.00000000000    1.0000000325280
    -451.00000000000    1.0000000325280
    -450.00000000000    1.0000000325280
    -449.00000000000    1.0000000325280
    -448.00000000000    1.0000000325280
    -447.00000000000    1.0000000325280
    -446.00000000000    1.0000000325280
    -445.00000000000    1.0000000325280
    -444.00000000000    1.0000000325280
    -443.00000000000    1.0000000325280
    -442.00000000000    1.0000000325280
    -441.00000000000    1.0000000325280
    -440.00000000000    1.0000000325280
    -439.00000000000    1.0000000325280
    -438.00000000000    1.0000000325280
    -437.00000000000    1.0000000325280
    -436.00000000000    1.0000000325280
    -435.00000000000    1.0000000325280
    -434.00000000000    1.0000000325280
    -433.00000000000    1.0000000325280
    -432.00000000000    1.0000000325280
    -431.00000000000    1.0000000325280
    -430.00000000000    1.0000000325280
    -429.00000000000    1.0000000325280
    -428.00000000000    1.0000000325280
    -427.00000000000    1.0000000325280
    -426.00000000000    1.0000000325280
    -425.00000000000    1.0000000325280
    -424.00000000000    1.0000000325280
    -423.00000000000    1.0000000325280
    -422.00000000000    1.0000000325280
    -421.00000000000    1.0000000325280
    -420.00000000000    1.0000000325280
    -419.00000000000    1.0000000325280
    -418.00000000000    1.0000000325280
    -417.00000000000    1.0000000325280
    -416.00000000000    1.0000000325280
    -415.00000000000    1.0000000325280
    -414.00000000000    1.0000000325280
    -413.00000000000    1.0000000325280
    -412.00000000000    1.0000000325280
    -411.00000000000    1.0000000325280
    -410.00000000000    1.0000000325280
    -409.00000000000    1.0000000325280
    -408.00000000000    1.0000000325280
    -407.00000000000    1.0000000325280
    -406.00000000000    1.0000000325280
    -405.00000000000    1.0000000325280
    -404.00000000000    1.0000000325280
    -403.00000000000    1.0000000325280
    -402.00000000000    1.0000000325280
    -401.00000000000    1.0000000325280
    -400.00000000000    1.0000000325280
    -399.00000000000    1.0000000325280
    -398.00000000000    1.0000000325280
    -397.00000000000    1.0000000325280
    -396.00000000000    1.0000000325280
    -395.00000000000    1.0000000325280
    -394.00000000000    1.0000000325280
    -393.00000000000    1.0000000325280
    -392.00000000000    1.0000000325280
    -391.00000000000    1.0000000325280
    -390.00000000000    1.0000000325280
    -389.00000000000    1.0000000325280
    -388.00000000000    1.0000000325280
    -387.00000000000    1.0000000325280
    -386.00000000000    1.0000000325280
    -385.00000000000    1.0000000325280
    -384.00000000000    1.0000000325280
    -383.00000000000    1.0000000325280
    -382.00000000000    1.0000000325280
    -381.00000000000    1.0000000325280
    -380.00000000000    1.0000000325280
    -379.00000000000    1.0000000325280
    -378.00000000000    1.0000000325280
    -377.00000000000    1.0000000325280
    -376.00000000000    1.0000000325280
    -375.00000000000    1.0000000325280
    -374.00000000000    1.0000000325280
    -373.00000000000    1.0000000325280
    -372.00000000000    1.0000000325280
    -371.00000000000    1.0000000325280
    -370.00000000000    1.0000000325280
    -369.00000000000    1.0000000325280
    -368.00000000000    1.0000000325280
    -367.00000000000    1.0000000325280
    -366.00000000000    1.0000000325280
    -365.00000000000    1.0000000325280
    -364.00000000000    1.0000000325280
    -363.00000000000    1.0000000325280
    -362.00000000000    1.0000000325280
    -361.00000000000    1.0000000325280
    -360.00000000000    1.0000000325280
    -359.00000000000    1.0000000325280
    -358.00000000000    1.0000000325280
    -357.00000000000    1.0000000325280
    -356.00000000000    1.0000000325280
    -355.00000000000    1.0000000325280
    -354.00000000000    1.0000000325280
    -353.00000000000    1.0000000325280
    -352.00000000000    1.0000000325280
    -351.00000000000    1.0000000325280
    -350.00000000000    1.0000000325280
    -349.00000000000    1.0000000325280
    -348.00000000000    1.0000000325280
    -347.00000000000    1.0000000325280
    -346.00000000000    1.0000000325280
    -345.00000000000    1.0000000325280
    -344.00000000000    1.0000000325280
    -343.00000000000    1.0000000325280
    -342.00000000000    1.0000000325280
    -341.00000000000    1.0000000325280
    -340.00000000000    1.0000000325280
    -339.00000000000    1.0000000325280
    -338.00000000000    1.0000000325280
    -337.00000000000    1.0000000325280
    -336.00000000000    1.0000000325280
    -335.00000000000    1.0000000325280
    -334.00000000000    1.0000000325280
    -333.00000000000    1.0000000325280
    -332.00000000000    1.0000000325280
    -331.00000000000    1.0000000325280
    -330.00000000000    1.0000000325280
    -329.00000000000    1.0000000325280
    -328.00000000000    1.0000000325280
    -327.00000000000    1.0000000325280
    -326.00000000000    1.0000000325280
    -325.00000000000    1.0000000325280
    -324.00000000000    1.0000000325280
    -323.00000000000    1.0000000325280
    -322.00000000000    1.0000000325280
    -321.00000000000    1.0000000325280
    -320.00000000000    1.0000000325280
    -319.00000000000    1.0000000325280
    -318.00000000000    1.0000000325280
    -317.00000000000    1.0000000325280
    -316.00000000000    1.0000000325280
    -315.00000000000    1.0000000325280
    -314.00000000000    1.0000000325280
    -313.00000000000    1.0000000325280
    -312.00000000000    1.0000000325280
    -311.00000000000    1.0000000325280
    -310.00000000000    1.0000000325280
    -309.00000000000    1.0000000325280
    -308.00000000000    1.0000000325280
    -307.00000000000    1.0000000325280
    -306.00000000000    1.0000000325280
    -305.00000000000    1.0000000325280
    -304.00000000000    1.0000000325280
    -303.00000000000    1.0000000325280
    -302.00000000000    1.0000000325280
    -301.00000000000    1.0000000325280
    -300.00000000000    1.0000000325280
    -299.00000000000    1.0000000325280
    -298.00000000000    1.0000000325280
    -297.00000000000    1.0000000325280
    -296.00000000000    1.0000000325280
    -295.00000000000    1.0000000325280
    -294.00000000000    1.0000000325280
    -293.00000000000    1.0000000325280
    -292.00000000000    1.0000000325280
    -291.00000000000    1.0000000325280
    -290.00000000000    1.0000000325280
    -289.00000000000    1.0000000325280
    -288.00000000000    1.0000000325280
    -287.00000000000    1.0000000325280
    -286.00000000000    1.0000000325280
    -285.00000000000    1.0000000325280
    -284.00000000000    1.0000000325280
    -283.00000000000    1.0000000325280
    -282.00000000000    1.0000000325280
    -281.00000000000    1.0000000325280
    -280.00000000000    1.0000000325280
    -279.00000000000    1.0000000325279
    -278.00000000000    1.0000000325276
    -277.00000000000    1.0000000325264
    -276.00000000000    1.0000000325221
    -275.00000000000    1.0000000325074
    -274.00000000000    1.0000000324592
    -273.00000000000    1.0000000323083
    -272.00000000000    1.0000000318559
    -271.00000000000    1.0000000305576
    -270.00000000000    1.0000000269921
    -269.00000000000    1.0000000176202
    -268.00000000000   0.99999999404042
    -267.00000000000   0.99999993724771
    -266.00000000000   0.99999980628855
    -265.00000000000   0.99999951713814
    -264.00000000000   0.99999890574887
    -263.00000000000   0.99999766755689
    -262.00000000000   0.99999526532638
    -261.00000000000   0.99999079961885
    -260.00000000000   0.99998284312750
    -259.00000000000   0.99996925271479
    -258.00000000000   0.99994699051321
    -257.00000000000   0.99991200424908
    -256.00000000000   0.99985923016597
    -255.00000000000   0.99978278084558
    -254.00000000000   0.99967635753420
    -253.00000000000   0.99953388070169
    -252.00000000000   0.99935027110791
    -251.00000000000   0.99912225364692
    -250.00000000000   0.99884901959113
    -249.00000000000   0.99853258798990
    -248.00000000000   0.99817775992619
    -247.00000000000   0.99779164887215
    -246.00000000000   0.99738287037652
    -245.00000000000   0.99696055314193
    -244.00000000000   0.99653336655120
    -243.00000000000   0.99610873885088
    -242.00000000000   0.99569237642827
    -241.00000000000   0.99528811208876
    -240.00000000000   0.99489803579653
    -239.00000000000   0.99452281439479
    -238.00000000000   0.99416209395018
    -237.00000000000   0.99381489400345
    -236.00000000000   0.99347993453040
    -235.00000000000   0.99315587042080
    -234.00000000000   0.99284143520514
    -233.00000000000   0.99253551157957
    -232.00000000000   0.99223715166426
    -231.00000000000   0.99194556812640
    -230.00000000000   0.99166011203444
    -229.00000000000   0.99138024747653
    -228.00000000000   0.99110552818759
    -227.00000000000   0.99083557820701
    -226.00000000000   0.99057007678294
    -225.00000000000   0.99030874693695
    -224.00000000000   0.99005134688753
    -223.00000000000   0.98979766359266
    -222.00000000000   0.98954750782638
    -221.00000000000   0.98930071036140
    -220.00000000000   0.98905711895646
    -219.00000000000   0.98881659593899
    -218.00000000000   0.98857901623690
    -217.00000000000   0.98834426575581
    -216.00000000000   0.98811224002652
    -215.00000000000   0.98788284306743
    -214.00000000000   0.98765598641976
    -213.00000000000   0.98743158832361
    -212.00000000000   0.98720957300967
    -211.00000000000   0.98698987008683
    -210.00000000000   0.98677241400989
    -209.00000000000   0.98655714361467
    -208.00000000000   0.98634400171005
    -207.00000000000   0.98613293471859
    -206.00000000000   0.98592389235873
    -205.00000000000   0.98571682736254
    -204.00000000000   0.98551169522448
    -203.00000000000   0.98530845397680
    -202.00000000000   0.98510706398830
    -201.00000000000   0.98490748778346
    -200.00000000000   0.98470968987941
    -199.00000000000   0.98451363663871
    -198.00000000000   0.98431929613594
    -197.00000000000   0.98412663803664
    -196.00000000000   0.98393563348720
    -195.00000000000   0.98374625501444
    -194.00000000000   0.98355847643395
    -193.00000000000   0.98337227276609
    -192.00000000000   0.98318762015915
    -191.00000000000   0.98300449581863
    -190.00000000000   0.98282287794224
    -189.00000000000   0.98264274566003
    -188.00000000000   0.98246407897909
    -187.00000000000   0.98228685873252
    -186.00000000000   0.98211106653209
    -185.00000000000   0.98193668472448
    -184.00000000000   0.98176369635056
    -183.00000000000   0.98159208510769
    -182.00000000000   0.98142183531450
    -181.00000000000   0.98125293187819
    -180.00000000000   0.98108536026399
    -179.00000000000   0.98091910646667
    -178.00000000000   0.98075415698387
    -177.00000000000   0.98059049879124
    -176.00000000000   0.98042811931905
    -175.00000000000   0.98026700643035
    -174.00000000000   0.98010714840044
    -173.00000000000   0.97994853389758
    -172.00000000000   0.97979115196490
    -171.00000000000   0.97963499200333
    -170.00000000000   0.97948004375557
    -169.00000000000   0.97932629729094
    -168.00000000000   0.97917374299116
    -167.00000000000   0.97902237153684
    -166.00000000000   0.97887217389477
    -165.00000000000   0.97872314130596
    -164.00000000000   0.97857526527418
    -163.00000000000   0.97842853755525
    -162.00000000000   0.97828295014686
    -161.00000000000   0.97813849527885
    -160.00000000000   0.97799516540411
    -159.00000000000   0.97785295318980
    -158.00000000000   0.97771185150920
    -157.00000000000   0.97757185343375
    -156.00000000000   0.97743295222566
    -155.00000000000   0.97729514133079
    -154.00000000000   0.97715841437186
    -153.00000000000   0.97702276514208
    -152.00000000000   0.97688818759895
    -151.00000000000   0.97675467585846
    -150.00000000000   0.97662222418951
    -149.00000000000   0.97649082700854
    -148.00000000000   0.97636047887452
    -147.00000000000   0.97623117448402
    -146.00000000000   0.97610290866665
    -145.00000000000   0.97597567638056
    -144.00000000000   0.97584947270823
    -143.00000000000   0.97572429285240
    -142.00000000000   0.97560013213218
    -141.00000000000   0.97547698597933
    -140.00000000000   0.97535484993469
    -139.00000000000   0.97523371964478
    -138.00000000000   0.97511359085849
    -137.00000000000   0.97499445942393
    -136.00000000000   0.97487632128547
    -135.00000000000   0.97475917248076
    -134.00000000000   0.97464300913800
    -133.00000000000   0.97452782747326
    -132.00000000000   0.97441362378788
    -131.00000000000   0.97430039446604
    -130.00000000000   0.97418813597236
    -129.00000000000   0.97407684484961
    -128.00000000000   0.97396651771652
    -127.00000000000   0.97385715126566
    -126.00000000000   0.97374874226139
    -125.00000000000   0.97364128753793
    -124.00000000000   0.97353478399741
    -123.00000000000   0.97342922860810
    -122.00000000000   0.97332461840262
    -121.00000000000   0.97322095047627
    -120.00000000000   0.97311822198535
    -119.00000000000   0.97301643014562
    -118.00000000000   0.97291557223078
    -117.00000000000   0.97281564557095
    -116.00000000000   0.97271664755131
    -115.00000000000   0.97261857561070
    -114.00000000000   0.97252142724028
    -113.00000000000   0.97242519998229
    -112.00000000000   0.97232989142875
    -111.00000000000   0.97223549922034
    -110.00000000000   0.97214202104518
    -109.00000000000   0.97204945463773
    -108.00000000000   0.97195779777772
    -107.00000000000   0.97186704828910
    -106.00000000000   0.97177720403900
   -105.000000000000   0.97168826293678
   -104.000000000000   0.97160022293306
   -103.000000000000   0.97151308201879
   -102.000000000000   0.97142683822440
   -101.000000000000   0.97134148961890
   -100.000000000000   0.97125703430903
    -99.000000000000   0.97117347043850
    -98.000000000000   0.97109079618716
    -97.000000000000   0.97100900977026
    -96.000000000000   0.97092810943768
    -95.000000000000   0.97084809347326
    -94.000000000000   0.97076896019408
    -93.000000000000   0.97069070794976
    -92.000000000000   0.97061333512186
    -91.000000000000   0.97053684012320
    -90.000000000000   0.97046122139727
    -89.000000000000   0.97038647741761
    -88.000000000000   0.97031260668725
    -87.000000000000   0.97023960773813
    -86.000000000000   0.97016747913057
    -85.000000000000   0.97009621945273
    -84.000000000000   0.97002582732007
    -83.000000000000   0.96995630137488
    -82.000000000000   0.96988764028582
    -81.000000000000   0.96981984274734
    -80.000000000000   0.96975290747936
    -79.000000000000   0.96968683322670
    -78.000000000000   0.96962161875874
    -77.000000000000   0.96955726286893
    -76.000000000000   0.96949376437441
    -75.000000000000   0.96943112211564
    -74.000000000000   0.96936933495594
    -73.000000000000   0.96930840178117
    -72.000000000000   0.96924832149936
    -71.000000000000   0.96918909304033
    -70.000000000000   0.96913071535537
    -69.000000000000   0.96907318741686
    -68.000000000000   0.96901650821803
    -67.000000000000   0.96896067677252
    -66.000000000000   0.96890569211419
    -65.000000000000   0.96885155329673
    -64.000000000000   0.96879825939342
    -63.000000000000   0.96874580949683
    -62.000000000000   0.96869420271854
    -61.000000000000   0.96864343818886
    -60.000000000000   0.96859351505663
    -59.000000000000   0.96854443248886
    -58.000000000000   0.96849618967058
    -57.000000000000   0.96844878580454
    -56.000000000000   0.96840222011104
    -55.000000000000   0.96835649182763
    -54.000000000000   0.96831160020891
    -53.000000000000   0.96826754452636
    -52.000000000000   0.96822432406810
    -51.000000000000   0.96818193813869
    -50.000000000000   0.96814038605889
    -49.000000000000   0.96809966716556
    -48.000000000000   0.96805978081144
    -47.000000000000   0.96802072636491
    -46.000000000000   0.96798250320988
    -45.000000000000   0.96794511074562
    -44.000000000000   0.96790854838661
    -43.000000000000   0.96787281556228
    -42.000000000000   0.96783791171695
    -41.000000000000   0.96780383630971
    -40.000000000000   0.96777058881418
    -39.000000000000   0.96773816871841
    -38.000000000000   0.96770657552474
    -37.000000000000   0.96767580874973
    -36.000000000000   0.96764586792394
    -35.000000000000   0.96761675259183
    -34.000000000000   0.96758846231164
    -33.000000000000   0.96756099665540
    -32.000000000000   0.96753435520862
    -31.000000000000   0.96750853757025
    -30.000000000000   0.96748354335265
    -29.000000000000   0.96745937218148
    -28.000000000000   0.96743602369551
    -27.000000000000   0.96741349754656
    -26.000000000000   0.96739179339947
    -25.000000000000   0.96737091093203
    -24.000000000000   0.96735084983480
    -23.000000000000   0.96733160981103
    -22.000000000000   0.96731319057670
    -21.000000000000   0.96729559186042
    -20.000000000000   0.96727881340330
    -19.000000000000   0.96726285495883
    -18.000000000000   0.96724771629298
    -17.000000000000   0.96723339718414
    -16.000000000000   0.96721989742287
    -15.000000000000   0.96720721681196
    -14.000000000000   0.96719535516646
    -13.000000000000   0.96718431231359
    -12.000000000000   0.96717408809262
    -11.000000000000   0.96716468235480
   -10.0000000000000   0.96715609496354
    -9.0000000000000   0.96714832579426
    -8.0000000000000   0.96714137473423
    -7.0000000000000   0.96713524168264
    -6.0000000000000   0.96712992655071
    -5.0000000000000   0.96712542926154
    -4.0000000000000   0.96712174975000
    -3.0000000000000   0.96711888796283
    -2.0000000000000   0.96711684385867
    -1.0000000000000   0.96711561740803
   0.   0.96711520859314
     1.0000000000000   0.96711561740803
     2.0000000000000   0.96711684385867
     3.0000000000000   0.96711888796283
     4.0000000000000   0.96712174975000
     5.0000000000000   0.96712542926154
     6.0000000000000   0.96712992655071
     7.0000000000000   0.96713524168264
     8.0000000000000   0.96714137473423
     9.0000000000000   0.96714832579426
    10.0000000000000   0.96715609496354
     11.000000000000   0.96716468235480
     12.000000000000   0.96717408809262
     13.000000000000   0.96718431231359
     14.000000000000   0.96719535516646
     15.000000000000   0.96720721681196
     16.000000000000   0.96721989742287
     17.000000000000   0.96723339718414
     18.000000000000   0.96724771629298
     19.000000000000   0.96726285495883
     20.000000000000   0.96727881340330
     21.000000000000   0.96729559186042
     22.000000000000   0.96731319057669
     23.000000000000   0.96733160981103
     24.000000000000   0.96735084983480
     25.000000000000   0.96737091093203
     26.000000000000   0.96739179339947
     27.000000000000   0.96741349754656
     28.000000000000   0.96743602369551
     29.000000000000   0.96745937218148
     30.000000000000   0.96748354335265
     31.000000000000   0.96750853757025
     32.000000000000   0.96753435520861
     33.000000000000   0.96756099665539
     34.000000000000   0.96758846231164
     35.000000000000   0.96761675259183
     36.000000000000   0.96764586792394
     37.000000000000   0.96767580874973
     38.000000000000   0.96770657552474
     39.000000000000   0.96773816871841
     40.000000000000   0.96777058881418
     41.000000000000   0.96780383630970
     42.000000000000   0.96783791171695
     43.000000000000   0.96787281556228
     44.000000000000   0.96790854838661
     45.000000000000   0.96794511074562
     46.000000000000   0.96798250320988
     47.000000000000   0.96802072636491
     48.000000000000   0.96805978081144
     49.000000000000   0.96809966716556
     50.000000000000   0.96814038605889
     51.000000000000   0.96818193813869
     52.000000000000   0.96822432406810
     53.000000000000   0.96826754452636
     54.000000000000   0.96831160020891
     55.000000000000   0.96835649182763
     56.000000000000   0.96840222011104
     57.000000000000   0.96844878580454
     58.000000000000   0.96849618967058
     59.000000000000   0.96854443248886
     60.000000000000   0.96859351505663
     61.000000000000   0.96864343818886
     62.000000000000   0.96869420271854
     63.000000000000   0.96874580949683
     64.000000000000   0.96879825939342
     65.000000000000   0.96885155329673
     66.000000000000   0.96890569211419
     67.000000000000   0.96896067677252
     68.000000000000   0.96901650821803
     69.000000000000   0.96907318741686
     70.000000000000   0.96913071535537
     71.000000000000   0.96918909304033
     72.000000000000   0.96924832149936
     73.000000000000   0.96930840178117
     74.000000000000   0.96936933495594
     75.000000000000   0.96943112211564
     76.000000000000   0.96949376437441
     77.000000000000   0.96955726286893
     78.000000000000   0.96962161875874
     79.000000000000   0.96968683322670
     80.000000000000   0.96975290747936
     81.000000000000   0.96981984274734
     82.000000000000   0.96988764028582
     83.000000000000   0.96995630137488
     84.000000000000   0.97002582732007
     85.000000000000   0.97009621945273
     86.000000000000   0.97016747913057
     87.000000000000   0.97023960773813
     88.000000000000   0.97031260668725
     89.000000000000   0.97038647741761
     90.000000000000   0.97046122139727
     91.000000000000   0.97053684012320
     92.000000000000   0.97061333512186
     93.000000000000   0.97069070794976
     94.000000000000   0.97076896019408
     95.000000000000   0.97084809347326
     96.000000000000   0.97092810943768
     97.000000000000   0.97100900977026
     98.000000000000   0.97109079618716
     99.000000000000   0.97117347043850
    100.000000000000   0.97125703430903
    101.000000000000   0.97134148961890
    102.000000000000   0.97142683822440
    103.000000000000   0.97151308201879
    104.000000000000   0.97160022293306
    105.000000000000   0.97168826293678
     106.00000000000   0.97177720403900
     107.00000000000   0.97186704828910
     108.00000000000   0.97195779777772
     109.00000000000   0.97204945463773
     110.00000000000   0.97214202104518
     111.00000000000   0.97223549922034
     112.00000000000   0.97232989142875
     113.00000000000   0.97242519998229
     114.00000000000   0.97252142724028
     115.00000000000   0.97261857561070
     116.00000000000   0.97271664755131
     117.00000000000   0.97281564557095
     118.00000000000   0.97291557223078
     119.00000000000   0.97301643014562
     120.00000000000   0.97311822198535
     121.00000000000   0.97322095047627
     122.00000000000   0.97332461840262
     123.00000000000   0.97342922860810
     124.00000000000   0.97353478399741
     125.00000000000   0.97364128753792
     126.00000000000   0.97374874226139
     127.00000000000   0.97385715126566
     128.00000000000   0.97396651771652
     129.00000000000   0.97407684484961
     130.00000000000   0.97418813597236
     131.00000000000   0.97430039446604
     132.00000000000   0.97441362378788
     133.00000000000   0.97452782747325
     134.00000000000   0.97464300913800
     135.00000000000   0.97475917248076
     136.00000000000   0.97487632128547
     137.00000000000   0.97499445942393
     138.00000000000   0.97511359085849
     139.00000000000   0.97523371964478
     140.00000000000   0.97535484993469
     141.00000000000   0.97547698597933
     142.00000000000   0.97560013213218
     143.00000000000   0.97572429285240
     144.00000000000   0.97584947270823
     145.00000000000   0.97597567638056
     146.00000000000   0.97610290866665
     147.00000000000   0.97623117448402
     148.00000000000   0.97636047887452
     149.00000000000   0.97649082700854
     150.00000000000   0.97662222418951
     151.00000000000   0.97675467585846
     152.00000000000   0.97688818759895
     153.00000000000   0.97702276514208
     154.00000000000   0.97715841437186
     155.00000000000   0.97729514133079
     156.00000000000   0.97743295222566
     157.00000000000   0.97757185343375
     158.00000000000   0.97771185150920
     159.00000000000   0.97785295318980
     160.00000000000   0.97799516540411
     161.00000000000   0.97813849527885
     162.00000000000   0.97828295014686
     163.00000000000   0.97842853755525
     164.00000000000   0.97857526527418
     165.00000000000   0.97872314130596
     166.00000000000   0.97887217389477
     167.00000000000   0.97902237153684
     168.00000000000   0.97917374299116
     169.00000000000   0.97932629729094
     170.00000000000   0.97948004375557
     171.00000000000   0.97963499200333
     172.00000000000   0.97979115196490
     173.00000000000   0.97994853389758
     174.00000000000   0.98010714840044
     175.00000000000   0.98026700643035
     176.00000000000   0.98042811931905
     177.00000000000   0.98059049879124
     178.00000000000   0.98075415698387
     179.00000000000   0.98091910646667
     180.00000000000   0.98108536026399
     181.00000000000   0.98125293187819
     182.00000000000   0.98142183531450
     183.00000000000   0.98159208510769
     184.00000000000   0.98176369635056
     185.00000000000   0.98193668472448
     186.00000000000   0.98211106653209
     187.00000000000   0.98228685873252
     188.00000000000   0.98246407897909
     189.00000000000   0.98264274566003
     190.00000000000   0.98282287794224
     191.00000000000   0.98300449581863
     192.00000000000   0.98318762015915
     193.00000000000   0.98337227276609
     194.00000000000   0.98355847643395
     195.00000000000   0.98374625501444
     196.00000000000   0.98393563348720
     197.00000000000   0.98412663803664
     198.00000000000   0.98431929613594
     199.00000000000   0.98451363663871
     200.00000000000   0.98470968987941
     201.00000000000   0.98490748778346
     202.00000000000   0.98510706398830
     203.00000000000   0.98530845397680
     204.00000000000   0.98551169522448
     205.00000000000   0.98571682736254
     206.00000000000   0.98592389235873
     207.00000000000   0.98613293471859
     208.00000000000   0.98634400171005
     209.00000000000   0.98655714361467
     210.00000000000   0.98677241400989
     211.00000000000   0.98698987008683
     212.00000000000   0.98720957300967
     213.00000000000   0.98743158832361
     214.00000000000   0.98765598641976
     215.00000000000   0.98788284306743
     216.00000000000   0.98811224002652
     217.00000000000   0.98834426575581
     218.00000000000   0.98857901623690
     219.00000000000   0.98881659593899
     220.00000000000   0.98905711895646
     221.00000000000   0.98930071036140
     222.00000000000   0.98954750782638
     223.00000000000   0.98979766359266
     224.00000000000   0.99005134688753
     225.00000000000   0.99030874693695
     226.00000000000   0.99057007678294
     227.00000000000   0.99083557820701
     228.00000000000   0.99110552818759
     229.00000000000   0.99138024747653
     230.00000000000   0.99166011203444
     231.00000000000   0.99194556812640
     232.00000000000   0.99223715166426
     233.00000000000   0.99253551157957
     234.00000000000   0.99284143520514
     235.00000000000   0.99315587042080
     236.00000000000   0.99347993453040
     237.00000000000   0.99381489400345
     238.00000000000   0.99416209395018
     239.00000000000   0.99452281439479
     240.00000000000   0.99489803579653
     241.00000000000   0.99528811208876
     242.00000000000   0.99569237642827
     243.00000000000   0.99610873885088
     244.00000000000   0.99653336655120
     245.00000000000   0.99696055314193
     246.00000000000   0.99738287037652
     247.00000000000   0.99779164887215
     248.00000000000   0.99817775992619
     249.00000000000   0.99853258798990
     250.00000000000   0.99884901959113
     251.00000000000   0.99912225364692
     252.00000000000   0.99935027110791
     253.00000000000   0.99953388070169
     254.00000000000   0.99967635753420
     255.00000000000   0.99978278084558
     256.00000000000   0.99985923016597
     257.00000000000   0.99991200424908
     258.00000000000   0.99994699051321
     259.00000000000   0.99996925271479
     260.00000000000   0.99998284312750
     261.00000000000   0.99999079961885
     262.00000000000   0.99999526532638
     263.00000000000   0.99999766755688
     264.00000000000   0.99999890574887
     265.00000000000   0.99999951713814
     266.00000000000   0.99999980628855
     267.00000000000   0.99999993724771
     268.00000000000   0.99999999404042
     269.00000000000    1.0000000176202
     270.00000000000    1.0000000269921
     271.00000000000    1.0000000305576
     272.00000000000    1.0000000318559
     273.00000000000    1.0000000323083
     274.00000000000    1.0000000324592
     275.00000000000    1.0000000325074
     276.00000000000    1.0000000325221
     277.00000000000    1.0000000325264
     278.00000000000    1.0000000325276
     279.00000000000    1.0000000325279
     280.00000000000    1.0000000325280
     281.00000000000    1.0000000325280
     282.00000000000    1.0000000325280
     283.00000000000    1.0000000325280
     284.00000000000    1.0000000325280
     285.00000000000    1.0000000325280
     286.00000000000    1.0000000325280
     287.00000000000    1.0000000325280
     288.00000000000    1.0000000325280
     289.00000000000    1.0000000325280
     290.00000000000    1.0000000325280
     291.00000000000    1.0000000325280
     292.00000000000    1.0000000325280
     293.00000000000    1.0000000325280
     294.00000000000    1.0000000325280
     295.00000000000    1.0000000325280
     296.00000000000    1.0000000325280
     297.00000000000    1.0000000325280
     298.00000000000    1.0000000325280
     299.00000000000    1.0000000325280
     300.00000000000    1.0000000325280
     301.00000000000    1.0000000325280
     302.00000000000    1.0000000325280
     303.00000000000    1.0000000325280
     304.00000000000    1.0000000325280
     305.00000000000    1.0000000325280
     306.00000000000    1.0000000325280
     307.00000000000    1.0000000325280
     308.00000000000    1.0000000325280
     309.00000000000    1.0000000325280
     310.00000000000    1.0000000325280
     311.00000000000    1.0000000325280
     312.00000000000    1.0000000325280
     313.00000000000    1.0000000325280
     314.00000000000    1.0000000325280
     315.00000000000    1.0000000325280
     316.00000000000    1.0000000325280
     317.00000000000    1.0000000325280
     318.00000000000    1.0000000325280
     319.00000000000    1.0000000325280
     320.00000000000    1.0000000325280
     321.00000000000    1.0000000325280
     322.00000000000    1.0000000325280
     323.00000000000    1.0000000325280
     324.00000000000    1.0000000325280
     325.00000000000    1.0000000325280
     326.00000000000    1.0000000325280
     327.00000000000    1.0000000325280
     328.00000000000    1.0000000325280
     329.00000000000    1.0000000325280
     330.00000000000    1.0000000325280
     331.00000000000    1.0000000325280
     332.00000000000    1.0000000325280
     333.00000000000    1.0000000325280
     334.00000000000    1.0000000325280
     335.00000000000    1.0000000325280
     336.00000000000    1.0000000325280
     337.00000000000    1.0000000325280
     338.00000000000    1.0000000325280
     339.00000000000    1.0000000325280
     340.00000000000    1.0000000325280
     341.00000000000    1.0000000325280
     342.00000000000    1.0000000325280
     343.00000000000    1.0000000325280
     344.00000000000    1.0000000325280
     345.00000000000    1.0000000325280
     346.00000000000    1.0000000325280
     347.00000000000    1.0000000325280
     348.00000000000    1.0000000325280
     349.00000000000    1.0000000325280
     350.00000000000    1.0000000325280
     351.00000000000    1.0000000325280
     352.00000000000    1.0000000325280
     353.00000000000    1.0000000325280
     354.00000000000    1.0000000325280
     355.00000000000    1.0000000325280
     356.00000000000    1.0000000325280
     357.00000000000    1.0000000325280
     358.00000000000    1.0000000325280
     359.00000000000    1.0000000325280
     360.00000000000    1.0000000325280
     361.00000000000    1.0000000325280
     362.00000000000    1.0000000325280
     363.00000000000    1.0000000325280
     364.00000000000    1.0000000325280
     365.00000000000    1.0000000325280
     366.00000000000    1.0000000325280
     367.00000000000    1.0000000325280
     368.00000000000    1.0000000325280
     369.00000000000    1.0000000325280
     370.00000000000    1.0000000325280
     371.00000000000    1.0000000325280
     372.00000000000    1.0000000325280
     373.00000000000    1.0000000325280
     374.00000000000    1.0000000325280
     375.00000000000    1.0000000325280
     376.00000000000    1.0000000325280
     377.00000000000    1.0000000325280
     378.00000000000    1.0000000325280
     379.00000000000    1.0000000325280
     380.00000000000    1.0000000325280
     381.00000000000    1.0000000325280
     382.00000000000    1.0000000325280
     383.00000000000    1.0000000325280
     384.00000000000    1.0000000325280
     385.00000000000    1.0000000325280
     386.00000000000    1.0000000325280
     387.00000000000    1.0000000325280
     388.00000000000    1.0000000325280
     389.00000000000    1.0000000325280
     390.00000000000    1.0000000325280
     391.00000000000    1.0000000325280
     392.00000000000    1.0000000325280
     393.00000000000    1.0000000325280
     394.00000000000    1.0000000325280
     395.00000000000    1.0000000325280
     396.00000000000    1.0000000325280
     397.00000000000    1.0000000325280
     398.00000000000    1.0000000325280
     399.00000000000    1.0000000325280
     400.00000000000    1.0000000325280
     401.00000000000    1.0000000325280
     402.00000000000    1.0000000325280
     403.00000000000    1.0000000325280
     404.00000000000    1.0000000325280
     405.00000000000    1.0000000325280
     406.00000000000    1.0000000325280
     407.00000000000    1.0000000325280
     408.00000000000    1.0000000325280
     409.00000000000    1.0000000325280
     410.00000000000    1.0000000325280
     411.00000000000    1.0000000325280
     412.00000000000    1.0000000325280
     413.00000000000    1.0000000325280
     414.00000000000    1.0000000325280
     415.00000000000    1.0000000325280
     416.00000000000    1.0000000325280
     417.00000000000    1.0000000325280
     418.00000000000    1.0000000325280
     419.00000000000    1.0000000325280
     420.00000000000    1.0000000325280
     421.00000000000    1.0000000325280
     422.00000000000    1.0000000325280
     423.00000000000    1.0000000325280
     424.00000000000    1.0000000325280
     425.00000000000    1.0000000325280
     426.00000000000    1.0000000325280
     427.00000000000    1.0000000325280
     428.00000000000    1.0000000325280
     429.00000000000    1.0000000325280
     430.00000000000    1.0000000325280
     431.00000000000    1.0000000325280
     432.00000000000    1.0000000325280
     433.00000000000    1.0000000325280
     434.00000000000    1.0000000325280
     435.00000000000    1.0000000325280
     436.00000000000    1.0000000325280
     437.00000000000    1.0000000325280
     438.00000000000    1.0000000325280
     439.00000000000    1.0000000325280
     440.00000000000    1.0000000325280
     441.00000000000    1.0000000325280
     442.00000000000    1.0000000325280
     443.00000000000    1.0000000325280
     444.00000000000    1.0000000325280
     445.00000000000    1.0000000325280
     446.00000000000    1.0000000325280
     447.00000000000    1.0000000325280
     448.00000000000    1.0000000325280
     449.00000000000    1.0000000325280
     450.00000000000    1.0000000325280
     451.00000000000    1.0000000325280
     452.00000000000    1.0000000325280
     453.00000000000    1.0000000325280
     454.00000000000    1.0000000325280
     455.00000000000    1.0000000325280
     456.00000000000    1.0000000325280
     457.00000000000    1.0000000325280
     458.00000000000    1.0000000325280
     459.00000000000    1.0000000325280
     460.00000000000    1.0000000325280
     461.00000000000    1.0000000325280
     462.00000000000    1.0000000325280
     463.00000000000    1.0000000325280
     464.00000000000    1.0000000325280
     465.00000000000    1.0000000325280
     466.00000000000    1.0000000325280
     467.00000000000    1.0000000325280
     468.00000000000    1.0000000325280
     469.00000000000    1.0000000325280
     470.00000000000    1.0000000325280
     471.00000000000    1.0000000325280
     472.00000000000    1.0000000325280
     473.00000000000    1.0000000325280
     474.00000000000    1.0000000325280
     475.00000000000    1.0000000325280
     476.00000000000    1.0000000325280
     477.00000000000    1.0000000325280
     478.00000000000    1.0000000325280
     479.00000000000    1.0000000325280
     480.00000000000    1.0000000325280
     481.00000000000    1.0000000325280
     482.00000000000    1.0000000325280
     483.00000000000    1.0000000325280
     484.00000000000    1.0000000325280
     485.00000000000    1.0000000325280
     486.00000000000    1.0000000325280
     487.00000000000    1.0000000325280
     488.00000000000    1.0000000325280
     489.00000000000    1.0000000325280
     490.00000000000    1.0000000325280
     491.00000000000    1.0000000325280
     492.00000000000    1.0000000325280
     493.00000000000    1.0000000325280
     494.00000000000    1.0000000325280
     495.00000000000    1.0000000325280
     496.00000000000    1.0000000325280
     497.00000000000    1.0000000325280
     498.00000000000    1.0000000325280
     499.00000000000    1.0000000325280
     500.00000000000    1.0000000325280
