    -500.00000000000    1.0000000325280
    -499.00000000000    1.0000000325280
    -498.00000000000    1.0000000325280
    -497.00000000000    1.0000000325280
    -496.00000000000    1.0000000325280
    -495.00000000000    1.0000000325280
    -494.00000000000    1.0000000325280
    -493.00000000000    1.0000000325280
    -492.00000000000    1.0000000325280
    -491.00000000000    1.0000000325280
    -490.00000000000    1.0000000325280
    -489.00000000000    1.0000000325280
    -488.00000000000    1.0000000325280
    -487.00000000000    1.0000000325280
    -486.00000000000    1.0000000325280
    -485.00000000000    1.0000000325280
    -484.00000000000    1.0000000325280
    -483.00000000000    1.0000000325280
    -482.00000000000    1.0000000325280
    -481.00000000000    1.0000000325280
    -480.00000000000    1.0000000325280
    -479.00000000000    1.0000000325280
    -478.00000000000    1.0000000325280
    -477.00000000000    1.0000000325280
    -476.00000000000    1.0000000325280
    -475.00000000000    1.0000000325280
    -474.00000000000    1.0000000325280
    -473.00000000000    1.0000000325280
    -472.00000000000    1.0000000325280
    -471.00000000000    1.0000000325280
    -470.00000000000    1.0000000325280
    -469.00000000000    1.0000000325280
    -468.00000000000    1.0000000325280
    -467.00000000000    1.0000000325280
    -466.00000000000    1.0000000325280
    -465.00000000000    1.0000000325280
    -464.00000000000    1.0000000325280
    -463.00000000000    1.0000000325280
    -462.00000000000    1.0000000325280
    -461.00000000000    1.0000000325280
    -460.00000000000    1.0000000325280
    -459.00000000000    1.0000000325280
    -458.00000000000    1.0000000325280
    -457.00000000000    1.0000000325280
    -456.00000000000    1.0000000325280
    -455.00000000000    1.0000000325280
    -454.00000000000    1.0000000325280
    -453.00000000000    1.0000000325280
    -452.00000000000    1.0000000325280
    -451.00000000000    1.0000000325280
    -450.00000000000    1.0000000325280
    -449.00000000000    1.0000000325280
    -448.00000000000    1.0000000325280
    -447.00000000000    1.0000000325280
    -446.00000000000    1.0000000325280
    -445.00000000000    1.0000000325280
    -444.00000000000    1.0000000325280
    -443.00000000000    1.0000000325280
    -442.00000000000    1.0000000325280
    -441.00000000000    1.0000000325280
    -440.00000000000    1.0000000325280
    -439.00000000000    1.0000000325280
    -438.00000000000    1.0000000325280
    -437.00000000000    1.0000000325280
    -436.00000000000    1.0000000325280
    -435.00000000000    1.0000000325280
    -434.00000000000    1.0000000325280
    -433.00000000000    1.0000000325280
    -432.00000000000    1.0000000325280
    -431.00000000000    1.0000000325280
    -430.00000000000    1.0000000325280
    -429.00000000000    1.0000000325280
    -428.00000000000    1.0000000325280
    -427.00000000000    1.0000000325280
    -426.00000000000    1.0000000325280
    -425.00000000000    1.0000000325280
    -424.00000000000    1.0000000325280
    -423.00000000000    1.0000000325280
    -422.00000000000    1.0000000325280
    -421.00000000000    1.0000000325280
    -420.00000000000    1.0000000325280
    -419.00000000000    1.0000000325280
    -418.00000000000    1.0000000325280
    -417.00000000000    1.0000000325280
    -416.00000000000    1.0000000325280
    -415.00000000000    1.0000000325280
    -414.00000000000    1.0000000325280
    -413.00000000000    1.0000000325280
    -412.00000000000    1.0000000325280
    -411.00000000000    1.0000000325280
    -410.00000000000    1.0000000325280
    -409.00000000000    1.0000000325280
    -408.00000000000    1.0000000325280
    -407.00000000000    1.0000000325280
    -406.00000000000    1.0000000325280
    -405.00000000000    1.0000000325280
    -404.00000000000    1.0000000325280
    -403.00000000000    1.0000000325280
    -402.00000000000    1.0000000325280
    -401.00000000000    1.0000000325280
    -400.00000000000    1.0000000325280
    -399.00000000000    1.0000000325280
    -398.00000000000    1.0000000325280
    -397.00000000000    1.0000000325280
    -396.00000000000    1.0000000325280
    -395.00000000000    1.0000000325280
    -394.00000000000    1.0000000325280
    -393.00000000000    1.0000000325280
    -392.00000000000    1.0000000325280
    -391.00000000000    1.0000000325280
    -390.00000000000    1.0000000325280
    -389.00000000000    1.0000000325280
    -388.00000000000    1.0000000325280
    -387.00000000000    1.0000000325280
    -386.00000000000    1.0000000325280
    -385.00000000000    1.0000000325280
    -384.00000000000    1.0000000325280
    -383.00000000000    1.0000000325280
    -382.00000000000    1.0000000325280
    -381.00000000000    1.0000000325280
    -380.00000000000    1.0000000325280
    -379.00000000000    1.0000000325280
    -378.00000000000    1.0000000325280
    -377.00000000000    1.0000000325280
    -376.00000000000    1.0000000325280
    -375.00000000000    1.0000000325280
    -374.00000000000    1.0000000325280
    -373.00000000000    1.0000000325280
    -372.00000000000    1.0000000325280
    -371.00000000000    1.0000000325280
    -370.00000000000    1.0000000325280
    -369.00000000000    1.0000000325280
    -368.00000000000    1.0000000325280
    -367.00000000000    1.0000000325280
    -366.00000000000    1.0000000325280
    -365.00000000000    1.0000000325280
    -364.00000000000    1.0000000325280
    -363.00000000000    1.0000000325280
    -362.00000000000    1.0000000325280
    -361.00000000000    1.0000000325280
    -360.00000000000    1.0000000325280
    -359.00000000000    1.0000000325280
    -358.00000000000    1.0000000325280
    -357.00000000000    1.0000000325280
    -356.00000000000    1.0000000325280
    -355.00000000000    1.0000000325280
    -354.00000000000    1.0000000325280
    -353.00000000000    1.0000000325280
    -352.00000000000    1.0000000325280
    -351.00000000000    1.0000000325280
    -350.00000000000    1.0000000325280
    -349.00000000000    1.0000000325280
    -348.00000000000    1.0000000325280
    -347.00000000000    1.0000000325280
    -346.00000000000    1.0000000325280
    -345.00000000000    1.0000000325280
    -344.00000000000    1.0000000325280
    -343.00000000000    1.0000000325280
    -342.00000000000    1.0000000325280
    -341.00000000000    1.0000000325280
    -340.00000000000    1.0000000325280
    -339.00000000000    1.0000000325280
    -338.00000000000    1.0000000325280
    -337.00000000000    1.0000000325280
    -336.00000000000    1.0000000325280
    -335.00000000000    1.0000000325280
    -334.00000000000    1.0000000325280
    -333.00000000000    1.0000000325280
    -332.00000000000    1.0000000325280
    -331.00000000000    1.0000000325280
    -330.00000000000    1.0000000325280
    -329.00000000000    1.0000000325280
    -328.00000000000    1.0000000325280
    -327.00000000000    1.0000000325280
    -326.00000000000    1.0000000325280
    -325.00000000000    1.0000000325280
    -324.00000000000    1.0000000325280
    -323.00000000000    1.0000000325280
    -322.00000000000    1.0000000325280
    -321.00000000000    1.0000000325280
    -320.00000000000    1.0000000325280
    -319.00000000000    1.0000000325280
    -318.00000000000    1.0000000325280
    -317.00000000000    1.0000000325280
    -316.00000000000    1.0000000325280
    -315.00000000000    1.0000000325280
    -314.00000000000    1.0000000325280
    -313.00000000000    1.0000000325280
    -312.00000000000    1.0000000325280
    -311.00000000000    1.0000000325280
    -310.00000000000    1.0000000325280
    -309.00000000000    1.0000000325280
    -308.00000000000    1.0000000325280
    -307.00000000000    1.0000000325280
    -306.00000000000    1.0000000325280
    -305.00000000000    1.0000000325280
    -304.00000000000    1.0000000325280
    -303.00000000000    1.0000000325280
    -302.00000000000    1.0000000325280
    -301.00000000000    1.0000000325280
    -300.00000000000    1.0000000325280
    -299.00000000000    1.0000000325280
    -298.00000000000    1.0000000325280
    -297.00000000000    1.0000000325280
    -296.00000000000    1.0000000325280
    -295.00000000000    1.0000000325280
    -294.00000000000    1.0000000325280
    -293.00000000000    1.0000000325280
    -292.00000000000    1.0000000325280
    -291.00000000000    1.0000000325280
    -290.00000000000    1.0000000325280
    -289.00000000000    1.0000000325280
    -288.00000000000    1.0000000325280
    -287.00000000000    1.0000000325280
    -286.00000000000    1.0000000325280
    -285.00000000000    1.0000000325280
    -284.00000000000    1.0000000325280
    -283.00000000000    1.0000000325280
    -282.00000000000    1.0000000325280
    -281.00000000000    1.0000000325280
    -280.00000000000    1.0000000325280
    -279.00000000000    1.0000000325280
    -278.00000000000    1.0000000325280
    -277.00000000000    1.0000000325280
    -276.00000000000    1.0000000325280
    -275.00000000000    1.0000000325280
    -274.00000000000    1.0000000325280
    -273.00000000000    1.0000000325280
    -272.00000000000    1.0000000325280
    -271.00000000000    1.0000000325280
    -270.00000000000    1.0000000325280
    -269.00000000000    1.0000000325280
    -268.00000000000    1.0000000325280
    -267.00000000000    1.0000000325280
    -266.00000000000    1.0000000325280
    -265.00000000000    1.0000000325280
    -264.00000000000    1.0000000325280
    -263.00000000000    1.0000000325280
    -262.00000000000    1.0000000325280
    -261.00000000000    1.0000000325280
    -260.00000000000    1.0000000325280
    -259.00000000000    1.0000000325280
    -258.00000000000    1.0000000325280
    -257.00000000000    1.0000000325280
    -256.00000000000    1.0000000325280
    -255.00000000000    1.0000000325280
    -254.00000000000    1.0000000325280
    -253.00000000000    1.0000000325280
    -252.00000000000    1.0000000325280
    -251.00000000000    1.0000000325280
    -250.00000000000    1.0000000325280
    -249.00000000000    1.0000000325280
    -248.00000000000    1.0000000325280
    -247.00000000000    1.0000000325280
    -246.00000000000    1.0000000325280
    -245.00000000000    1.0000000325280
    -244.00000000000    1.0000000325280
    -243.00000000000    1.0000000325280
    -242.00000000000    1.0000000325280
    -241.00000000000    1.0000000325280
    -240.00000000000    1.0000000325280
    -239.00000000000    1.0000000325280
    -238.00000000000    1.0000000325280
    -237.00000000000    1.0000000325280
    -236.00000000000    1.0000000325280
    -235.00000000000    1.0000000325280
    -234.00000000000    1.0000000325280
    -233.00000000000    1.0000000325280
    -232.00000000000    1.0000000325280
    -231.00000000000    1.0000000325280
    -230.00000000000    1.0000000325280
    -229.00000000000    1.0000000325280
    -228.00000000000    1.0000000325280
    -227.00000000000    1.0000000325280
    -226.00000000000    1.0000000325280
    -225.00000000000    1.0000000325280
    -224.00000000000    1.0000000325280
    -223.00000000000    1.0000000325280
    -222.00000000000    1.0000000325280
    -221.00000000000    1.0000000325280
    -220.00000000000    1.0000000325280
    -219.00000000000    1.0000000325280
    -218.00000000000    1.0000000325280
    -217.00000000000    1.0000000325280
    -216.00000000000    1.0000000325280
    -215.00000000000    1.0000000325280
    -214.00000000000    1.0000000325280
    -213.00000000000    1.0000000325280
    -212.00000000000    1.0000000325280
    -211.00000000000    1.0000000325280
    -210.00000000000    1.0000000325280
    -209.00000000000    1.0000000325280
    -208.00000000000    1.0000000325280
    -207.00000000000    1.0000000325280
    -206.00000000000    1.0000000325280
    -205.00000000000    1.0000000325280
    -204.00000000000    1.0000000325280
    -203.00000000000    1.0000000325280
    -202.00000000000    1.0000000325280
    -201.00000000000    1.0000000325280
    -200.00000000000    1.0000000325280
    -199.00000000000    1.0000000325280
    -198.00000000000    1.0000000325280
    -197.00000000000    1.0000000325280
    -196.00000000000    1.0000000325280
    -195.00000000000    1.0000000325280
    -194.00000000000    1.0000000325280
    -193.00000000000    1.0000000325280
    -192.00000000000    1.0000000325280
    -191.00000000000    1.0000000325279
    -190.00000000000    1.0000000325278
    -189.00000000000    1.0000000325271
    -188.00000000000    1.0000000325248
    -187.00000000000    1.0000000325162
    -186.00000000000    1.0000000324870
    -185.00000000000    1.0000000323914
    -184.00000000000    1.0000000320915
    -183.00000000000    1.0000000311919
    -182.00000000000    1.0000000286095
    -181.00000000000    1.0000000215143
    -180.00000000000    1.0000000028562
    -179.00000000000   0.99999995589021
    -178.00000000000   0.99999984271461
    -177.00000000000   0.99999958160360
    -176.00000000000   0.99999900476315
    -175.00000000000   0.99999778434904
    -174.00000000000   0.99999531119416
    -173.00000000000   0.99999050977113
    -172.00000000000   0.99998157759105
    -171.00000000000   0.99996565100368
    -170.00000000000   0.99993842448302
    -169.00000000000   0.99989378562423
    -168.00000000000   0.99982356606040
    -167.00000000000   0.99971753568272
    -166.00000000000   0.99956376643707
    -165.00000000000   0.99934944770846
    -164.00000000000   0.99906214432254
    -163.00000000000   0.99869136525004
    -162.00000000000   0.99823018987598
    -161.00000000000   0.99767662300897
    -160.00000000000   0.99703435697946
    -159.00000000000   0.99631272218098
    -158.00000000000   0.99552578480729
    -157.00000000000   0.99469075080848
    -156.00000000000   0.99382599509599
    -155.00000000000   0.99294910483251
    -154.00000000000   0.99207528804113
    -153.00000000000   0.99121637439279
    -152.00000000000   0.99038047135818
    -151.00000000000   0.98957218944618
    -150.00000000000   0.98879325428060
    -149.00000000000   0.98804329479649
    -148.00000000000   0.98732062559832
    -147.00000000000   0.98662290285696
    -146.00000000000   0.98594760041725
    -145.00000000000   0.98529230677266
    -144.00000000000   0.98465487586068
    -143.00000000000   0.98403347622915
    -142.00000000000   0.98342658025207
    -141.00000000000   0.98283292506676
    -140.00000000000   0.98225146552684
    -139.00000000000   0.98168132999727
    -138.00000000000   0.98112178336606
    -137.00000000000   0.98057219797576
    -136.00000000000   0.98003203150142
    -135.00000000000   0.97950081030690
    -134.00000000000   0.97897811688697
    -133.00000000000   0.97846358027927
    -132.00000000000   0.97795686862338
    -131.00000000000   0.97745768328478
    -130.00000000000   0.97696575413791
    -129.00000000000   0.97648083572418
    -128.00000000000   0.97600270408334
    -127.00000000000   0.97553115411190
    -126.00000000000   0.97506599734060
    -125.00000000000   0.97460706004918
    -124.00000000000   0.97415418165591
    -123.00000000000   0.97370721333280
    -122.00000000000   0.97326601680806
    -121.00000000000   0.97283046332503
    -120.00000000000   0.97240043273254
    -119.00000000000   0.97197581268672
    -118.00000000000   0.97155649794760
    -117.00000000000   0.97114238975682
    -116.00000000000   0.97073339528517
    -115.00000000000   0.97032942714035
    -114.00000000000   0.96993040292716
    -113.00000000000   0.96953624485314
    -112.00000000000   0.96914687937414
    -111.00000000000   0.96876223687484
    -110.00000000000   0.96838225138006
    -109.00000000000   0.96800686029324
    -108.00000000000   0.96763600415908
    -107.00000000000   0.96726962644747
    -106.00000000000   0.96690767335662
   -105.000000000000   0.96655009363309
   -104.000000000000   0.96619683840715
   -103.000000000000   0.96584786104178
   -102.000000000000   0.96550311699399
   -101.000000000000   0.96516256368721
   -100.000000000000   0.96482616039371
    -99.000000000000   0.96449386812608
    -98.000000000000   0.96416564953693
    -97.000000000000   0.96384146882604
    -96.000000000000   0.96352129165433
    -95.000000000000   0.96320508506397
    -94.000000000000   0.96289281740421
    -93.000000000000   0.96258445826232
    -92.000000000000   0.96227997839929
    -91.000000000000   0.96197934968986
    -90.000000000000   0.96168254506652
    -89.000000000000   0.96138953846722
    -88.000000000000   0.96110030478643
    -87.000000000000   0.96081481982928
    -86.000000000000   0.96053306026862
    -85.000000000000   0.96025500360472
    -84.000000000000   0.95998062812743
    -83.000000000000   0.95970991288061
    -82.000000000000   0.95944283762865
    -81.000000000000   0.95917938282502
    -80.000000000000   0.95891952958256
    -79.000000000000   0.95866325964553
    -78.000000000000   0.95841055536317
    -77.000000000000   0.95816139966483
    -76.000000000000   0.95791577603637
    -75.000000000000   0.95767366849790
    -74.000000000000   0.95743506158274
    -73.000000000000   0.95719994031741
    -72.000000000000   0.95696829020279
    -71.000000000000   0.95674009719616
    -70.000000000000   0.95651534769425
    -69.000000000000   0.95629402851707
    -68.000000000000   0.95607612689264
    -67.000000000000   0.95586163044240
    -66.000000000000   0.95565052716745
    -65.000000000000   0.95544280543533
    -64.000000000000   0.95523845396758
    -63.000000000000   0.95503746182777
    -62.000000000000   0.95483981841022
    -61.000000000000   0.95464551342917
    -60.000000000000   0.95445453690850
    -59.000000000000   0.95426687917193
    -58.000000000000   0.95408253083361
    -57.000000000000   0.95390148278925
    -56.000000000000   0.95372372620759
    -55.000000000000   0.95354925252224
    -54.000000000000   0.95337805342392
    -53.000000000000   0.95321012085304
    -52.000000000000   0.95304544699264
    -51.000000000000   0.95288402426155
    -50.000000000000   0.95272584530797
    -49.000000000000   0.95257090300324
    -48.000000000000   0.95241919043595
    -47.000000000000   0.95227070090623
    -46.000000000000   0.95212542792035
    -45.000000000000   0.95198336518556
    -44.000000000000   0.95184450660508
    -43.000000000000   0.95170884627339
    -42.000000000000   0.95157637847167
    -41.000000000000   0.95144709766343
    -40.000000000000   0.95132099849040
    -39.000000000000   0.95119807576851
    -38.000000000000   0.95107832448406
    -37.000000000000   0.95096173979013
    -36.000000000000   0.95084831700304
    -35.000000000000   0.95073805159904
    -34.000000000000   0.95063093921111
    -33.000000000000   0.95052697562590
    -32.000000000000   0.95042615678084
    -31.000000000000   0.95032847876131
    -30.000000000000   0.95023393779803
    -29.000000000000   0.95014253026445
    -28.000000000000   0.95005425267441
    -27.000000000000   0.94996910167975
    -26.000000000000   0.94988707406814
    -25.000000000000   0.94980816676101
    -24.000000000000   0.94973237681147
    -23.000000000000   0.94965970140250
    -22.000000000000   0.94959013784510
    -21.000000000000   0.94952368357658
    -20.000000000000   0.94946033615895
    -19.000000000000   0.94940009327738
    -18.000000000000   0.94934295273879
    -17.000000000000   0.94928891247042
    -16.000000000000   0.94923797051859
    -15.000000000000   0.94919012504750
    -14.000000000000   0.94914537433810
    -13.000000000000   0.94910371678702
    -12.000000000000   0.94906515090562
    -11.000000000000   0.94902967531908
   -10.0000000000000   0.94899728876557
    -9.0000000000000   0.94896799009548
    -8.0000000000000   0.94894177827077
    -7.0000000000000   0.94891865236430
    -6.0000000000000   0.94889861155929
    -5.0000000000000   0.94888165514885
    -4.0000000000000   0.94886778253555
    -3.0000000000000   0.94885699323107
    -2.0000000000000   0.94884928685589
    -1.0000000000000   0.94884466313911
   0.   0.94884312191824
     1.0000000000000   0.94884466313911
     2.0000000000000   0.94884928685589
     3.0000000000000   0.94885699323107
     4.0000000000000   0.94886778253555
     5.0000000000000   0.94888165514885
     6.0000000000000   0.94889861155929
     7.0000000000000   0.94891865236430
     8.0000000000000   0.94894177827077
     9.0000000000000   0.94896799009548
    10.0000000000000   0.94899728876557
     11.000000000000   0.94902967531908
     12.000000000000   0.94906515090562
     13.000000000000   0.94910371678702
     14.000000000000   0.94914537433810
     15.000000000000   0.94919012504750
     16.000000000000   0.94923797051859
     17.000000000000   0.94928891247042
     18.000000000000   0.94934295273879
     19.000000000000   0.94940009327738
     20.000000000000   0.94946033615895
     21.000000000000   0.94952368357658
     22.000000000000   0.94959013784510
     23.000000000000   0.94965970140250
     24.000000000000   0.94973237681147
     25.000000000000   0.94980816676101
     26.000000000000   0.94988707406814
     27.000000000000   0.94996910167975
     28.000000000000   0.95005425267441
     29.000000000000   0.95014253026445
     30.000000000000   0.95023393779802
     31.000000000000   0.95032847876131
     32.000000000000   0.95042615678084
     33.000000000000   0.95052697562590
     34.000000000000   0.95063093921111
     35.000000000000   0.95073805159904
     36.000000000000   0.95084831700304
     37.000000000000   0.95096173979013
     38.000000000000   0.95107832448406
     39.000000000000   0.95119807576851
     40.000000000000   0.95132099849040
     41.000000000000   0.95144709766343
     42.000000000000   0.95157637847167
     43.000000000000   0.95170884627339
     44.000000000000   0.95184450660508
     45.000000000000   0.95198336518556
     46.000000000000   0.95212542792035
     47.000000000000   0.95227070090623
     48.000000000000   0.95241919043595
     49.000000000000   0.95257090300324
     50.000000000000   0.95272584530797
     51.000000000000   0.95288402426155
     52.000000000000   0.95304544699264
     53.000000000000   0.95321012085304
     54.000000000000   0.95337805342392
     55.000000000000   0.95354925252224
     56.000000000000   0.95372372620759
     57.000000000000   0.95390148278925
     58.000000000000   0.95408253083361
     59.000000000000   0.95426687917193
     60.000000000000   0.95445453690850
     61.000000000000   0.95464551342917
     62.000000000000   0.95483981841022
     63.000000000000   0.95503746182777
     64.000000000000   0.95523845396758
     65.000000000000   0.95544280543533
     66.000000000000   0.95565052716745
     67.000000000000   0.95586163044240
     68.000000000000   0.95607612689264
     69.000000000000   0.95629402851707
     70.000000000000   0.95651534769425
     71.000000000000   0.95674009719616
     72.000000000000   0.95696829020279
     73.000000000000   0.95719994031741
     74.000000000000   0.95743506158274
     75.000000000000   0.95767366849790
     76.000000000000   0.95791577603637
     77.000000000000   0.95816139966483
     78.000000000000   0.95841055536317
     79.000000000000   0.95866325964553
     80.000000000000   0.95891952958256
     81.000000000000   0.95917938282502
     82.000000000000   0.95944283762865
     83.000000000000   0.95970991288061
     84.000000000000   0.95998062812744
     85.000000000000   0.96025500360472
     86.000000000000   0.96053306026862
     87.000000000000   0.96081481982928
     88.000000000000   0.96110030478643
     89.000000000000   0.96138953846722
     90.000000000000   0.96168254506652
     91.000000000000   0.96197934968986
     92.000000000000   0.96227997839929
     93.000000000000   0.96258445826232
     94.000000000000   0.96289281740421
     95.000000000000   0.96320508506397
     96.000000000000   0.96352129165433
     97.000000000000   0.96384146882604
     98.000000000000   0.96416564953693
     99.000000000000   0.96449386812608
    100.000000000000   0.96482616039371
    101.000000000000   0.96516256368721
    102.000000000000   0.96550311699399
    103.000000000000   0.96584786104178
    104.000000000000   0.96619683840715
    105.000000000000   0.96655009363309
     106.00000000000   0.96690767335662
     107.00000000000   0.96726962644747
     108.00000000000   0.96763600415908
     109.00000000000   0.96800686029324
     110.00000000000   0.96838225138006
     111.00000000000   0.96876223687484
     112.00000000000   0.96914687937414
     113.00000000000   0.96953624485314
     114.00000000000   0.96993040292716
     115.00000000000   0.97032942714035
     116.00000000000   0.97073339528517
     117.00000000000   0.97114238975682
     118.00000000000   0.97155649794760
     119.00000000000   0.97197581268672
     120.00000000000   0.97240043273254
     121.00000000000   0.97283046332503
     122.00000000000   0.97326601680806
     123.00000000000   0.97370721333279
     124.00000000000   0.97415418165591
     125.00000000000   0.97460706004918
     126.00000000000   0.97506599734060
     127.00000000000   0.97553115411190
     128.00000000000   0.97600270408334
     129.00000000000   0.97648083572418
     130.00000000000   0.97696575413791
     131.00000000000   0.97745768328478
     132.00000000000   0.97795686862338
     133.00000000000   0.97846358027927
     134.00000000000   0.97897811688697
     135.00000000000   0.97950081030690
     136.00000000000   0.98003203150142
     137.00000000000   0.98057219797576
     138.00000000000   0.98112178336606
     139.00000000000   0.98168132999727
     140.00000000000   0.98225146552684
     141.00000000000   0.98283292506676
     142.00000000000   0.98342658025207
     143.00000000000   0.98403347622914
     144.00000000000   0.98465487586068
     145.00000000000   0.98529230677266
     146.00000000000   0.98594760041725
     147.00000000000   0.98662290285696
     148.00000000000   0.98732062559832
     149.00000000000   0.98804329479649
     150.00000000000   0.98879325428060
     151.00000000000   0.98957218944618
     152.00000000000   0.99038047135818
     153.00000000000   0.99121637439279
     154.00000000000   0.99207528804113
     155.00000000000   0.99294910483251
     156.00000000000   0.99382599509599
     157.00000000000   0.99469075080848
     158.00000000000   0.99552578480729
     159.00000000000   0.99631272218098
     160.00000000000   0.99703435697946
     161.00000000000   0.99767662300897
     162.00000000000   0.99823018987598
     163.00000000000   0.99869136525004
     164.00000000000   0.99906214432254
     165.00000000000   0.99934944770846
     166.00000000000   0.99956376643707
     167.00000000000   0.99971753568271
     168.00000000000   0.99982356606040
     169.00000000000   0.99989378562423
     170.00000000000   0.99993842448302
     171.00000000000   0.99996565100368
     172.00000000000   0.99998157759105
     173.00000000000   0.99999050977113
     174.00000000000   0.99999531119416
     175.00000000000   0.99999778434904
     176.00000000000   0.99999900476315
     177.00000000000   0.99999958160360
     178.00000000000   0.99999984271461
     179.00000000000   0.99999995589021
     180.00000000000    1.0000000028562
     181.00000000000    1.0000000215143
     182.00000000000    1.0000000286095
     183.00000000000    1.0000000311919
     184.00000000000    1.0000000320915
     185.00000000000    1.0000000323914
     186.00000000000    1.0000000324870
     187.00000000000    1.0000000325162
     188.00000000000    1.0000000325248
     189.00000000000    1.0000000325271
     190.00000000000    1.0000000325278
     191.00000000000    1.0000000325279
     192.00000000000    1.0000000325280
     193.00000000000    1.0000000325280
     194.00000000000    1.0000000325280
     195.00000000000    1.0000000325280
     196.00000000000    1.0000000325280
     197.00000000000    1.0000000325280
     198.00000000000    1.0000000325280
     199.00000000000    1.0000000325280
     200.00000000000    1.0000000325280
     201.00000000000    1.0000000325280
     202.00000000000    1.0000000325280
     203.00000000000    1.0000000325280
     204.00000000000    1.0000000325280
     205.00000000000    1.0000000325280
     206.00000000000    1.0000000325280
     207.00000000000    1.0000000325280
     208.00000000000    1.0000000325280
     209.00000000000    1.0000000325280
     210.00000000000    1.0000000325280
     211.00000000000    1.0000000325280
     212.00000000000    1.0000000325280
     213.00000000000    1.0000000325280
     214.00000000000    1.0000000325280
     215.00000000000    1.0000000325280
     216.00000000000    1.0000000325280
     217.00000000000    1.0000000325280
     218.00000000000    1.0000000325280
     219.00000000000    1.0000000325280
     220.00000000000    1.0000000325280
     221.00000000000    1.0000000325280
     222.00000000000    1.0000000325280
     223.00000000000    1.0000000325280
     224.00000000000    1.0000000325280
     225.00000000000    1.0000000325280
     226.00000000000    1.0000000325280
     227.00000000000    1.0000000325280
     228.00000000000    1.0000000325280
     229.00000000000    1.0000000325280
     230.00000000000    1.0000000325280
     231.00000000000    1.0000000325280
     232.00000000000    1.0000000325280
     233.00000000000    1.0000000325280
     234.00000000000    1.0000000325280
     235.00000000000    1.0000000325280
     236.00000000000    1.0000000325280
     237.00000000000    1.0000000325280
     238.00000000000    1.0000000325280
     239.00000000000    1.0000000325280
     240.00000000000    1.0000000325280
     241.00000000000    1.0000000325280
     242.00000000000    1.0000000325280
     243.00000000000    1.0000000325280
     244.00000000000    1.0000000325280
     245.00000000000    1.0000000325280
     246.00000000000    1.0000000325280
     247.00000000000    1.0000000325280
     248.00000000000    1.0000000325280
     249.00000000000    1.0000000325280
     250.00000000000    1.0000000325280
     251.00000000000    1.0000000325280
     252.00000000000    1.0000000325280
     253.00000000000    1.0000000325280
     254.00000000000    1.0000000325280
     255.00000000000    1.0000000325280
     256.00000000000    1.0000000325280
     257.00000000000    1.0000000325280
     258.00000000000    1.0000000325280
     259.00000000000    1.0000000325280
     260.00000000000    1.0000000325280
     261.00000000000    1.0000000325280
     262.00000000000    1.0000000325280
     263.00000000000    1.0000000325280
     264.00000000000    1.0000000325280
     265.00000000000    1.0000000325280
     266.00000000000    1.0000000325280
     267.00000000000    1.0000000325280
     268.00000000000    1.0000000325280
     269.00000000000    1.0000000325280
     270.00000000000    1.0000000325280
     271.00000000000    1.0000000325280
     272.00000000000    1.0000000325280
     273.00000000000    1.0000000325280
     274.00000000000    1.0000000325280
     275.00000000000    1.0000000325280
     276.00000000000    1.0000000325280
     277.00000000000    1.0000000325280
     278.00000000000    1.0000000325280
     279.00000000000    1.0000000325280
     280.00000000000    1.0000000325280
     281.00000000000    1.0000000325280
     282.00000000000    1.0000000325280
     283.00000000000    1.0000000325280
     284.00000000000    1.0000000325280
     285.00000000000    1.0000000325280
     286.00000000000    1.0000000325280
     287.00000000000    1.0000000325280
     288.00000000000    1.0000000325280
     289.00000000000    1.0000000325280
     290.00000000000    1.0000000325280
     291.00000000000    1.0000000325280
     292.00000000000    1.0000000325280
     293.00000000000    1.0000000325280
     294.00000000000    1.0000000325280
     295.00000000000    1.0000000325280
     296.00000000000    1.0000000325280
     297.00000000000    1.0000000325280
     298.00000000000    1.0000000325280
     299.00000000000    1.0000000325280
     300.00000000000    1.0000000325280
     301.00000000000    1.0000000325280
     302.00000000000    1.0000000325280
     303.00000000000    1.0000000325280
     304.00000000000    1.0000000325280
     305.00000000000    1.0000000325280
     306.00000000000    1.0000000325280
     307.00000000000    1.0000000325280
     308.00000000000    1.0000000325280
     309.00000000000    1.0000000325280
     310.00000000000    1.0000000325280
     311.00000000000    1.0000000325280
     312.00000000000    1.0000000325280
     313.00000000000    1.0000000325280
     314.00000000000    1.0000000325280
     315.00000000000    1.0000000325280
     316.00000000000    1.0000000325280
     317.00000000000    1.0000000325280
     318.00000000000    1.0000000325280
     319.00000000000    1.0000000325280
     320.00000000000    1.0000000325280
     321.00000000000    1.0000000325280
     322.00000000000    1.0000000325280
     323.00000000000    1.0000000325280
     324.00000000000    1.0000000325280
     325.00000000000    1.0000000325280
     326.00000000000    1.0000000325280
     327.00000000000    1.0000000325280
     328.00000000000    1.0000000325280
     329.00000000000    1.0000000325280
     330.00000000000    1.0000000325280
     331.00000000000    1.0000000325280
     332.00000000000    1.0000000325280
     333.00000000000    1.0000000325280
     334.00000000000    1.0000000325280
     335.00000000000    1.0000000325280
     336.00000000000    1.0000000325280
     337.00000000000    1.0000000325280
     338.00000000000    1.0000000325280
     339.00000000000    1.0000000325280
     340.00000000000    1.0000000325280
     341.00000000000    1.0000000325280
     342.00000000000    1.0000000325280
     343.00000000000    1.0000000325280
     344.00000000000    1.0000000325280
     345.00000000000    1.0000000325280
     346.00000000000    1.0000000325280
     347.00000000000    1.0000000325280
     348.00000000000    1.0000000325280
     349.00000000000    1.0000000325280
     350.00000000000    1.0000000325280
     351.00000000000    1.0000000325280
     352.00000000000    1.0000000325280
     353.00000000000    1.0000000325280
     354.00000000000    1.0000000325280
     355.00000000000    1.0000000325280
     356.00000000000    1.0000000325280
     357.00000000000    1.0000000325280
     358.00000000000    1.0000000325280
     359.00000000000    1.0000000325280
     360.00000000000    1.0000000325280
     361.00000000000    1.0000000325280
     362.00000000000    1.0000000325280
     363.00000000000    1.0000000325280
     364.00000000000    1.0000000325280
     365.00000000000    1.0000000325280
     366.00000000000    1.0000000325280
     367.00000000000    1.0000000325280
     368.00000000000    1.0000000325280
     369.00000000000    1.0000000325280
     370.00000000000    1.0000000325280
     371.00000000000    1.0000000325280
     372.00000000000    1.0000000325280
     373.00000000000    1.0000000325280
     374.00000000000    1.0000000325280
     375.00000000000    1.0000000325280
     376.00000000000    1.0000000325280
     377.00000000000    1.0000000325280
     378.00000000000    1.0000000325280
     379.00000000000    1.0000000325280
     380.00000000000    1.0000000325280
     381.00000000000    1.0000000325280
     382.00000000000    1.0000000325280
     383.00000000000    1.0000000325280
     384.00000000000    1.0000000325280
     385.00000000000    1.0000000325280
     386.00000000000    1.0000000325280
     387.00000000000    1.0000000325280
     388.00000000000    1.0000000325280
     389.00000000000    1.0000000325280
     390.00000000000    1.0000000325280
     391.00000000000    1.0000000325280
     392.00000000000    1.0000000325280
     393.00000000000    1.0000000325280
     394.00000000000    1.0000000325280
     395.00000000000    1.0000000325280
     396.00000000000    1.0000000325280
     397.00000000000    1.0000000325280
     398.00000000000    1.0000000325280
     399.00000000000    1.0000000325280
     400.00000000000    1.0000000325280
     401.00000000000    1.0000000325280
     402.00000000000    1.0000000325280
     403.00000000000    1.0000000325280
     404.00000000000    1.0000000325280
     405.00000000000    1.0000000325280
     406.00000000000    1.0000000325280
     407.00000000000    1.0000000325280
     408.00000000000    1.0000000325280
     409.00000000000    1.0000000325280
     410.00000000000    1.0000000325280
     411.00000000000    1.0000000325280
     412.00000000000    1.0000000325280
     413.00000000000    1.0000000325280
     414.00000000000    1.0000000325280
     415.00000000000    1.0000000325280
     416.00000000000    1.0000000325280
     417.00000000000    1.0000000325280
     418.00000000000    1.0000000325280
     419.00000000000    1.0000000325280
     420.00000000000    1.0000000325280
     421.00000000000    1.0000000325280
     422.00000000000    1.0000000325280
     423.00000000000    1.0000000325280
     424.00000000000    1.0000000325280
     425.00000000000    1.0000000325280
     426.00000000000    1.0000000325280
     427.00000000000    1.0000000325280
     428.00000000000    1.0000000325280
     429.00000000000    1.0000000325280
     430.00000000000    1.0000000325280
     431.00000000000    1.0000000325280
     432.00000000000    1.0000000325280
     433.00000000000    1.0000000325280
     434.00000000000    1.0000000325280
     435.00000000000    1.0000000325280
     436.00000000000    1.0000000325280
     437.00000000000    1.0000000325280
     438.00000000000    1.0000000325280
     439.00000000000    1.0000000325280
     440.00000000000    1.0000000325280
     441.00000000000    1.0000000325280
     442.00000000000    1.0000000325280
     443.00000000000    1.0000000325280
     444.00000000000    1.0000000325280
     445.00000000000    1.0000000325280
     446.00000000000    1.0000000325280
     447.00000000000    1.0000000325280
     448.00000000000    1.0000000325280
     449.00000000000    1.0000000325280
     450.00000000000    1.0000000325280
     451.00000000000    1.0000000325280
     452.00000000000    1.0000000325280
     453.00000000000    1.0000000325280
     454.00000000000    1.0000000325280
     455.00000000000    1.0000000325280
     456.00000000000    1.0000000325280
     457.00000000000    1.0000000325280
     458.00000000000    1.0000000325280
     459.00000000000    1.0000000325280
     460.00000000000    1.0000000325280
     461.00000000000    1.0000000325280
     462.00000000000    1.0000000325280
     463.00000000000    1.0000000325280
     464.00000000000    1.0000000325280
     465.00000000000    1.0000000325280
     466.00000000000    1.0000000325280
     467.00000000000    1.0000000325280
     468.00000000000    1.0000000325280
     469.00000000000    1.0000000325280
     470.00000000000    1.0000000325280
     471.00000000000    1.0000000325280
     472.00000000000    1.0000000325280
     473.00000000000    1.0000000325280
     474.00000000000    1.0000000325280
     475.00000000000    1.0000000325280
     476.00000000000    1.0000000325280
     477.00000000000    1.0000000325280
     478.00000000000    1.0000000325280
     479.00000000000    1.0000000325280
     480.00000000000    1.0000000325280
     481.00000000000    1.0000000325280
     482.00000000000    1.0000000325280
     483.00000000000    1.0000000325280
     484.00000000000    1.0000000325280
     485.00000000000    1.0000000325280
     486.00000000000    1.0000000325280
     487.00000000000    1.0000000325280
     488.00000000000    1.0000000325280
     489.00000000000    1.0000000325280
     490.00000000000    1.0000000325280
     491.00000000000    1.0000000325280
     492.00000000000    1.0000000325280
     493.00000000000    1.0000000325280
     494.00000000000    1.0000000325280
     495.00000000000    1.0000000325280
     496.00000000000    1.0000000325280
     497.00000000000    1.0000000325280
     498.00000000000    1.0000000325280
     499.00000000000    1.0000000325280
     500.00000000000    1.0000000325280
