    -500.00000000000    1.0000000325280
    -499.00000000000    1.0000000325280
    -498.00000000000    1.0000000325280
    -497.00000000000    1.0000000325280
    -496.00000000000    1.0000000325280
    -495.00000000000    1.0000000325280
    -494.00000000000    1.0000000325280
    -493.00000000000    1.0000000325280
    -492.00000000000    1.0000000325280
    -491.00000000000    1.0000000325280
    -490.00000000000    1.0000000325280
    -489.00000000000    1.0000000325280
    -488.00000000000    1.0000000325280
    -487.00000000000    1.0000000325280
    -486.00000000000    1.0000000325280
    -485.00000000000    1.0000000325280
    -484.00000000000    1.0000000325280
    -483.00000000000    1.0000000325280
    -482.00000000000    1.0000000325280
    -481.00000000000    1.0000000325280
    -480.00000000000    1.0000000325280
    -479.00000000000    1.0000000325280
    -478.00000000000    1.0000000325280
    -477.00000000000    1.0000000325280
    -476.00000000000    1.0000000325280
    -475.00000000000    1.0000000325280
    -474.00000000000    1.0000000325280
    -473.00000000000    1.0000000325280
    -472.00000000000    1.0000000325280
    -471.00000000000    1.0000000325280
    -470.00000000000    1.0000000325280
    -469.00000000000    1.0000000325280
    -468.00000000000    1.0000000325280
    -467.00000000000    1.0000000325280
    -466.00000000000    1.0000000325280
    -465.00000000000    1.0000000325280
    -464.00000000000    1.0000000325280
    -463.00000000000    1.0000000325280
    -462.00000000000    1.0000000325280
    -461.00000000000    1.0000000325280
    -460.00000000000    1.0000000325280
    -459.00000000000    1.0000000325280
    -458.00000000000    1.0000000325280
    -457.00000000000    1.0000000325280
    -456.00000000000    1.0000000325280
    -455.00000000000    1.0000000325280
    -454.00000000000    1.0000000325280
    -453.00000000000    1.0000000325280
    -452.00000000000    1.0000000325280
    -451.00000000000    1.0000000325280
    -450.00000000000    1.0000000325280
    -449.00000000000    1.0000000325280
    -448.00000000000    1.0000000325280
    -447.00000000000    1.0000000325280
    -446.00000000000    1.0000000325280
    -445.00000000000    1.0000000325280
    -444.00000000000    1.0000000325280
    -443.00000000000    1.0000000325280
    -442.00000000000    1.0000000325280
    -441.00000000000    1.0000000325280
    -440.00000000000    1.0000000325280
    -439.00000000000    1.0000000325280
    -438.00000000000    1.0000000325280
    -437.00000000000    1.0000000325280
    -436.00000000000    1.0000000325280
    -435.00000000000    1.0000000325280
    -434.00000000000    1.0000000325280
    -433.00000000000    1.0000000325280
    -432.00000000000    1.0000000325280
    -431.00000000000    1.0000000325280
    -430.00000000000    1.0000000325280
    -429.00000000000    1.0000000325280
    -428.00000000000    1.0000000325280
    -427.00000000000    1.0000000325280
    -426.00000000000    1.0000000325280
    -425.00000000000    1.0000000325280
    -424.00000000000    1.0000000325280
    -423.00000000000    1.0000000325280
    -422.00000000000    1.0000000325280
    -421.00000000000    1.0000000325280
    -420.00000000000    1.0000000325280
    -419.00000000000    1.0000000325280
    -418.00000000000    1.0000000325280
    -417.00000000000    1.0000000325280
    -416.00000000000    1.0000000325280
    -415.00000000000    1.0000000325280
    -414.00000000000    1.0000000325280
    -413.00000000000    1.0000000325280
    -412.00000000000    1.0000000325280
    -411.00000000000    1.0000000325280
    -410.00000000000    1.0000000325280
    -409.00000000000    1.0000000325280
    -408.00000000000    1.0000000325280
    -407.00000000000    1.0000000325280
    -406.00000000000    1.0000000325280
    -405.00000000000    1.0000000325280
    -404.00000000000    1.0000000325280
    -403.00000000000    1.0000000325280
    -402.00000000000    1.0000000325280
    -401.00000000000    1.0000000325280
    -400.00000000000    1.0000000325280
    -399.00000000000    1.0000000325280
    -398.00000000000    1.0000000325280
    -397.00000000000    1.0000000325280
    -396.00000000000    1.0000000325280
    -395.00000000000    1.0000000325280
    -394.00000000000    1.0000000325280
    -393.00000000000    1.0000000325280
    -392.00000000000    1.0000000325280
    -391.00000000000    1.0000000325280
    -390.00000000000    1.0000000325280
    -389.00000000000    1.0000000325280
    -388.00000000000    1.0000000325280
    -387.00000000000    1.0000000325280
    -386.00000000000    1.0000000325280
    -385.00000000000    1.0000000325280
    -384.00000000000    1.0000000325280
    -383.00000000000    1.0000000325280
    -382.00000000000    1.0000000325280
    -381.00000000000    1.0000000325280
    -380.00000000000    1.0000000325280
    -379.00000000000    1.0000000325280
    -378.00000000000    1.0000000325280
    -377.00000000000    1.0000000325280
    -376.00000000000    1.0000000325280
    -375.00000000000    1.0000000325280
    -374.00000000000    1.0000000325280
    -373.00000000000    1.0000000325280
    -372.00000000000    1.0000000325280
    -371.00000000000    1.0000000325280
    -370.00000000000    1.0000000325280
    -369.00000000000    1.0000000325280
    -368.00000000000    1.0000000325280
    -367.00000000000    1.0000000325280
    -366.00000000000    1.0000000325280
    -365.00000000000    1.0000000325280
    -364.00000000000    1.0000000325280
    -363.00000000000    1.0000000325280
    -362.00000000000    1.0000000325280
    -361.00000000000    1.0000000325280
    -360.00000000000    1.0000000325280
    -359.00000000000    1.0000000325280
    -358.00000000000    1.0000000325280
    -357.00000000000    1.0000000325280
    -356.00000000000    1.0000000325280
    -355.00000000000    1.0000000325280
    -354.00000000000    1.0000000325280
    -353.00000000000    1.0000000325280
    -352.00000000000    1.0000000325280
    -351.00000000000    1.0000000325280
    -350.00000000000    1.0000000325280
    -349.00000000000    1.0000000325280
    -348.00000000000    1.0000000325280
    -347.00000000000    1.0000000325280
    -346.00000000000    1.0000000325280
    -345.00000000000    1.0000000325280
    -344.00000000000    1.0000000325280
    -343.00000000000    1.0000000325280
    -342.00000000000    1.0000000325280
    -341.00000000000    1.0000000325280
    -340.00000000000    1.0000000325280
    -339.00000000000    1.0000000325280
    -338.00000000000    1.0000000325280
    -337.00000000000    1.0000000325280
    -336.00000000000    1.0000000325280
    -335.00000000000    1.0000000325280
    -334.00000000000    1.0000000325280
    -333.00000000000    1.0000000325280
    -332.00000000000    1.0000000325280
    -331.00000000000    1.0000000325280
    -330.00000000000    1.0000000325280
    -329.00000000000    1.0000000325280
    -328.00000000000    1.0000000325280
    -327.00000000000    1.0000000325280
    -326.00000000000    1.0000000325280
    -325.00000000000    1.0000000325280
    -324.00000000000    1.0000000325280
    -323.00000000000    1.0000000325280
    -322.00000000000    1.0000000325280
    -321.00000000000    1.0000000325280
    -320.00000000000    1.0000000325280
    -319.00000000000    1.0000000325280
    -318.00000000000    1.0000000325280
    -317.00000000000    1.0000000325280
    -316.00000000000    1.0000000325280
    -315.00000000000    1.0000000325280
    -314.00000000000    1.0000000325280
    -313.00000000000    1.0000000325280
    -312.00000000000    1.0000000325280
    -311.00000000000    1.0000000325280
    -310.00000000000    1.0000000325280
    -309.00000000000    1.0000000325280
    -308.00000000000    1.0000000325280
    -307.00000000000    1.0000000325280
    -306.00000000000    1.0000000325280
    -305.00000000000    1.0000000325280
    -304.00000000000    1.0000000325280
    -303.00000000000    1.0000000325280
    -302.00000000000    1.0000000325280
    -301.00000000000    1.0000000325280
    -300.00000000000    1.0000000325280
    -299.00000000000    1.0000000325280
    -298.00000000000    1.0000000325280
    -297.00000000000    1.0000000325280
    -296.00000000000    1.0000000325280
    -295.00000000000    1.0000000325280
    -294.00000000000    1.0000000325280
    -293.00000000000    1.0000000325280
    -292.00000000000    1.0000000325280
    -291.00000000000    1.0000000325280
    -290.00000000000    1.0000000325280
    -289.00000000000    1.0000000325280
    -288.00000000000    1.0000000325280
    -287.00000000000    1.0000000325280
    -286.00000000000    1.0000000325280
    -285.00000000000    1.0000000325280
    -284.00000000000    1.0000000325280
    -283.00000000000    1.0000000325280
    -282.00000000000    1.0000000325280
    -281.00000000000    1.0000000325280
    -280.00000000000    1.0000000325280
    -279.00000000000    1.0000000325280
    -278.00000000000    1.0000000325280
    -277.00000000000    1.0000000325280
    -276.00000000000    1.0000000325280
    -275.00000000000    1.0000000325280
    -274.00000000000    1.0000000325280
    -273.00000000000    1.0000000325280
    -272.00000000000    1.0000000325280
    -271.00000000000    1.0000000325280
    -270.00000000000    1.0000000325280
    -269.00000000000    1.0000000325280
    -268.00000000000    1.0000000325280
    -267.00000000000    1.0000000325280
    -266.00000000000    1.0000000325280
    -265.00000000000    1.0000000325280
    -264.00000000000    1.0000000325280
    -263.00000000000    1.0000000325280
    -262.00000000000    1.0000000325280
    -261.00000000000    1.0000000325280
    -260.00000000000    1.0000000325280
    -259.00000000000    1.0000000325280
    -258.00000000000    1.0000000325280
    -257.00000000000    1.0000000325280
    -256.00000000000    1.0000000325280
    -255.00000000000    1.0000000325280
    -254.00000000000    1.0000000325280
    -253.00000000000    1.0000000325280
    -252.00000000000    1.0000000325280
    -251.00000000000    1.0000000325280
    -250.00000000000    1.0000000325280
    -249.00000000000    1.0000000325280
    -248.00000000000    1.0000000325280
    -247.00000000000    1.0000000325280
    -246.00000000000    1.0000000325280
    -245.00000000000    1.0000000325280
    -244.00000000000    1.0000000325280
    -243.00000000000    1.0000000325280
    -242.00000000000    1.0000000325280
    -241.00000000000    1.0000000325280
    -240.00000000000    1.0000000325280
    -239.00000000000    1.0000000325280
    -238.00000000000    1.0000000325280
    -237.00000000000    1.0000000325280
    -236.00000000000    1.0000000325280
    -235.00000000000    1.0000000325280
    -234.00000000000    1.0000000325280
    -233.00000000000    1.0000000325280
    -232.00000000000    1.0000000325280
    -231.00000000000    1.0000000325280
    -230.00000000000    1.0000000325280
    -229.00000000000    1.0000000325280
    -228.00000000000    1.0000000325280
    -227.00000000000    1.0000000325280
    -226.00000000000    1.0000000325280
    -225.00000000000    1.0000000325280
    -224.00000000000    1.0000000325280
    -223.00000000000    1.0000000325280
    -222.00000000000    1.0000000325280
    -221.00000000000    1.0000000325280
    -220.00000000000    1.0000000325280
    -219.00000000000    1.0000000325280
    -218.00000000000    1.0000000325280
    -217.00000000000    1.0000000325280
    -216.00000000000    1.0000000325280
    -215.00000000000    1.0000000325280
    -214.00000000000    1.0000000325280
    -213.00000000000    1.0000000325280
    -212.00000000000    1.0000000325280
    -211.00000000000    1.0000000325280
    -210.00000000000    1.0000000325280
    -209.00000000000    1.0000000325280
    -208.00000000000    1.0000000325280
    -207.00000000000    1.0000000325280
    -206.00000000000    1.0000000325280
    -205.00000000000    1.0000000325280
    -204.00000000000    1.0000000325280
    -203.00000000000    1.0000000325280
    -202.00000000000    1.0000000325280
    -201.00000000000    1.0000000325280
    -200.00000000000    1.0000000325280
    -199.00000000000    1.0000000325280
    -198.00000000000    1.0000000325280
    -197.00000000000    1.0000000325280
    -196.00000000000    1.0000000325280
    -195.00000000000    1.0000000325280
    -194.00000000000    1.0000000325280
    -193.00000000000    1.0000000325280
    -192.00000000000    1.0000000325280
    -191.00000000000    1.0000000325280
    -190.00000000000    1.0000000325280
    -189.00000000000    1.0000000325280
    -188.00000000000    1.0000000325280
    -187.00000000000    1.0000000325280
    -186.00000000000    1.0000000325280
    -185.00000000000    1.0000000325280
    -184.00000000000    1.0000000325280
    -183.00000000000    1.0000000325280
    -182.00000000000    1.0000000325280
    -181.00000000000    1.0000000325280
    -180.00000000000    1.0000000325280
    -179.00000000000    1.0000000325280
    -178.00000000000    1.0000000325280
    -177.00000000000    1.0000000325280
    -176.00000000000    1.0000000325280
    -175.00000000000    1.0000000325280
    -174.00000000000    1.0000000325280
    -173.00000000000    1.0000000325280
    -172.00000000000    1.0000000325280
    -171.00000000000    1.0000000325280
    -170.00000000000    1.0000000325280
    -169.00000000000    1.0000000325280
    -168.00000000000    1.0000000325280
    -167.00000000000    1.0000000325280
    -166.00000000000    1.0000000325280
    -165.00000000000    1.0000000325280
    -164.00000000000    1.0000000325280
    -163.00000000000    1.0000000325280
    -162.00000000000    1.0000000325280
    -161.00000000000    1.0000000325280
    -160.00000000000    1.0000000325280
    -159.00000000000    1.0000000325279
    -158.00000000000    1.0000000325277
    -157.00000000000    1.0000000325268
    -156.00000000000    1.0000000325234
    -155.00000000000    1.0000000325113
    -154.00000000000    1.0000000324700
    -153.00000000000    1.0000000323345
    -152.00000000000    1.0000000319097
    -151.00000000000    1.0000000306350
    -150.00000000000    1.0000000269749
    -149.00000000000    1.0000000169166
    -148.00000000000   0.99999999045978
    -147.00000000000   0.99999992384571
    -146.00000000000   0.99999976327942
    -145.00000000000   0.99999939272477
    -144.00000000000   0.99999857385374
    -143.00000000000   0.99999684081781
    -142.00000000000   0.99999332763473
    -141.00000000000   0.99998650459429
    -140.00000000000   0.99997380662561
    -139.00000000000   0.99995115602961
    -138.00000000000   0.99991241763482
    -137.00000000000   0.99984887447236
    -136.00000000000   0.99974886636471
    -135.00000000000   0.99959777303039
    -134.00000000000   0.99937852253406
    -133.00000000000   0.99907274383947
    -132.00000000000   0.99866255346014
    -131.00000000000   0.99813279135603
    -130.00000000000   0.99747334791226
    -129.00000000000   0.99668111435495
    -128.00000000000   0.99576109675686
    -127.00000000000   0.99472637800248
    -126.00000000000   0.99359686303945
    -125.00000000000   0.99239702775706
    -124.00000000000   0.99115312121736
    -123.00000000000   0.98989037321670
    -122.00000000000   0.98863070890391
    -121.00000000000   0.98739129779768
    -120.00000000000   0.98618403287405
    -119.00000000000   0.98501582237883
    -118.00000000000   0.98388943889184
    -117.00000000000   0.98280462752049
    -116.00000000000   0.98175921401061
    -115.00000000000   0.98075003943640
    -114.00000000000   0.97977364327527
    -113.00000000000   0.97882669356421
    -112.00000000000   0.97790620929421
    -111.00000000000   0.97700963735356
    -110.00000000000   0.97613484283553
    -109.00000000000   0.97528005771206
    -108.00000000000   0.97444381692570
    -107.00000000000   0.97362489757165
    -106.00000000000   0.97282226765988
   -105.000000000000   0.97203504567732
   -104.000000000000   0.97126246972703
   -103.000000000000   0.97050387426558
   -102.000000000000   0.96975867252849
   -101.000000000000   0.96902634310050
   -100.000000000000   0.96830641948724
    -99.000000000000   0.96759848187681
    -98.000000000000   0.96690215052462
    -97.000000000000   0.96621708036403
    -96.000000000000   0.96554295656058
    -95.000000000000   0.96487949080527
    -94.000000000000   0.96422641819510
    -93.000000000000   0.96358349458678
    -92.000000000000   0.96295049433569
    -91.000000000000   0.96232720835144
    -90.000000000000   0.96171344241620
    -89.000000000000   0.96110901572232
    -88.000000000000   0.96051375959472
    -87.000000000000   0.95992751636945
    -86.000000000000   0.95935013840538
    -85.000000000000   0.95878148720984
    -84.000000000000   0.95822143266214
    -83.000000000000   0.95766985232183
    -82.000000000000   0.95712663081045
    -81.000000000000   0.95659165925722
    -80.000000000000   0.95606483480080
    -79.000000000000   0.95554606014012
    -78.000000000000   0.95503524312853
    -77.000000000000   0.95453229640613
    -76.000000000000   0.95403713706598
    -75.000000000000   0.95354968635041
    -74.000000000000   0.95306986937413
    -73.000000000000   0.95259761487130
    -72.000000000000   0.95213285496397
    -71.000000000000   0.95167552494991
    -70.000000000000   0.95122556310758
    -69.000000000000   0.95078291051686
    -68.000000000000   0.95034751089378
    -67.000000000000   0.94991931043802
    -66.000000000000   0.94949825769207
    -65.000000000000   0.94908430341077
    -64.000000000000   0.94867740044052
    -63.000000000000   0.94827750360722
    -62.000000000000   0.94788456961207
    -61.000000000000   0.94749855693478
    -60.000000000000   0.94711942574341
    -59.000000000000   0.94674713781029
    -58.000000000000   0.94638165643366
    -57.000000000000   0.94602294636439
    -56.000000000000   0.94567097373754
    -55.000000000000   0.94532570600830
    -54.000000000000   0.94498711189195
    -53.000000000000   0.94465516130767
    -52.000000000000   0.94432982532574
    -51.000000000000   0.94401107611802
    -50.000000000000   0.94369888691141
    -49.000000000000   0.94339323194409
    -48.000000000000   0.94309408642436
    -47.000000000000   0.94280142649186
    -46.000000000000   0.94251522918108
    -45.000000000000   0.94223547238696
    -44.000000000000   0.94196213483240
    -43.000000000000   0.94169519603767
    -42.000000000000   0.94143463629151
    -41.000000000000   0.94118043662380
    -40.000000000000   0.94093257877981
    -39.000000000000   0.94069104519581
    -38.000000000000   0.94045581897604
    -37.000000000000   0.94022688387089
    -36.000000000000   0.94000422425634
    -35.000000000000   0.93978782511442
    -34.000000000000   0.93957767201480
    -33.000000000000   0.93937375109730
    -32.000000000000   0.93917604905536
    -31.000000000000   0.93898455312046
    -30.000000000000   0.93879925104728
    -29.000000000000   0.93862013109971
    -28.000000000000   0.93844718203762
    -27.000000000000   0.93828039310433
    -26.000000000000   0.93811975401478
    -25.000000000000   0.93796525494432
    -24.000000000000   0.93781688651819
    -23.000000000000   0.93767463980149
    -22.000000000000   0.93753850628983
    -21.000000000000   0.93740847790044
    -20.000000000000   0.93728454696383
    -19.000000000000   0.93716670621594
    -18.000000000000   0.93705494879079
    -17.000000000000   0.93694926821360
    -16.000000000000   0.93684965839427
    -15.000000000000   0.93675611362141
    -14.000000000000   0.93666862855671
    -13.000000000000   0.93658719822971
    -12.000000000000   0.93651181803302
    -11.000000000000   0.93644248371783
   -10.0000000000000   0.93637919138986
    -9.0000000000000   0.93632193750565
    -8.0000000000000   0.93627071886915
    -7.0000000000000   0.93622553262876
    -6.0000000000000   0.93618637627461
    -5.0000000000000   0.93615324763618
    -4.0000000000000   0.93612614488029
    -3.0000000000000   0.93610506650941
    -2.0000000000000   0.93609001136023
    -1.0000000000000   0.93608097860257
   0.   0.93607796773864
     1.0000000000000   0.93608097860257
     2.0000000000000   0.93609001136023
     3.0000000000000   0.93610506650941
     4.0000000000000   0.93612614488029
     5.0000000000000   0.93615324763617
     6.0000000000000   0.93618637627461
     7.0000000000000   0.93622553262877
     8.0000000000000   0.93627071886915
     9.0000000000000   0.93632193750565
    10.0000000000000   0.93637919138986
     11.000000000000   0.93644248371783
     12.000000000000   0.93651181803302
     13.000000000000   0.93658719822971
     14.000000000000   0.93666862855671
     15.000000000000   0.93675611362141
     16.000000000000   0.93684965839427
     17.000000000000   0.93694926821360
     18.000000000000   0.93705494879079
     19.000000000000   0.93716670621594
     20.000000000000   0.93728454696383
     21.000000000000   0.93740847790044
     22.000000000000   0.93753850628983
     23.000000000000   0.93767463980149
     24.000000000000   0.93781688651819
     25.000000000000   0.93796525494432
     26.000000000000   0.93811975401478
     27.000000000000   0.93828039310433
     28.000000000000   0.93844718203762
     29.000000000000   0.93862013109971
     30.000000000000   0.93879925104728
     31.000000000000   0.93898455312046
     32.000000000000   0.93917604905536
     33.000000000000   0.93937375109730
     34.000000000000   0.93957767201480
     35.000000000000   0.93978782511442
     36.000000000000   0.94000422425634
     37.000000000000   0.94022688387089
     38.000000000000   0.94045581897604
     39.000000000000   0.94069104519581
     40.000000000000   0.94093257877981
     41.000000000000   0.94118043662380
     42.000000000000   0.94143463629151
     43.000000000000   0.94169519603767
     44.000000000000   0.94196213483240
     45.000000000000   0.94223547238696
     46.000000000000   0.94251522918108
     47.000000000000   0.94280142649186
     48.000000000000   0.94309408642436
     49.000000000000   0.94339323194409
     50.000000000000   0.94369888691141
     51.000000000000   0.94401107611802
     52.000000000000   0.94432982532574
     53.000000000000   0.94465516130767
     54.000000000000   0.94498711189195
     55.000000000000   0.94532570600830
     56.000000000000   0.94567097373754
     57.000000000000   0.94602294636439
     58.000000000000   0.94638165643366
     59.000000000000   0.94674713781029
     60.000000000000   0.94711942574341
     61.000000000000   0.94749855693478
     62.000000000000   0.94788456961207
     63.000000000000   0.94827750360722
     64.000000000000   0.94867740044052
     65.000000000000   0.94908430341077
     66.000000000000   0.94949825769207
     67.000000000000   0.94991931043802
     68.000000000000   0.95034751089378
     69.000000000000   0.95078291051686
     70.000000000000   0.95122556310758
     71.000000000000   0.95167552494991
     72.000000000000   0.95213285496397
     73.000000000000   0.95259761487130
     74.000000000000   0.95306986937413
     75.000000000000   0.95354968635041
     76.000000000000   0.95403713706598
     77.000000000000   0.95453229640613
     78.000000000000   0.95503524312853
     79.000000000000   0.95554606014012
     80.000000000000   0.95606483480080
     81.000000000000   0.95659165925722
     82.000000000000   0.95712663081045
     83.000000000000   0.95766985232183
     84.000000000000   0.95822143266214
     85.000000000000   0.95878148720984
     86.000000000000   0.95935013840538
     87.000000000000   0.95992751636945
     88.000000000000   0.96051375959472
     89.000000000000   0.96110901572232
     90.000000000000   0.96171344241620
     91.000000000000   0.96232720835144
     92.000000000000   0.96295049433569
     93.000000000000   0.96358349458678
     94.000000000000   0.96422641819510
     95.000000000000   0.96487949080527
     96.000000000000   0.96554295656058
     97.000000000000   0.96621708036403
     98.000000000000   0.96690215052462
     99.000000000000   0.96759848187681
    100.000000000000   0.96830641948724
    101.000000000000   0.96902634310050
    102.000000000000   0.96975867252849
    103.000000000000   0.97050387426558
    104.000000000000   0.97126246972703
    105.000000000000   0.97203504567732
     106.00000000000   0.97282226765988
     107.00000000000   0.97362489757165
     108.00000000000   0.97444381692570
     109.00000000000   0.97528005771206
     110.00000000000   0.97613484283553
     111.00000000000   0.97700963735356
     112.00000000000   0.97790620929421
     113.00000000000   0.97882669356420
     114.00000000000   0.97977364327527
     115.00000000000   0.98075003943640
     116.00000000000   0.98175921401061
     117.00000000000   0.98280462752049
     118.00000000000   0.98388943889184
     119.00000000000   0.98501582237883
     120.00000000000   0.98618403287405
     121.00000000000   0.98739129779768
     122.00000000000   0.98863070890391
     123.00000000000   0.98989037321670
     124.00000000000   0.99115312121736
     125.00000000000   0.99239702775706
     126.00000000000   0.99359686303945
     127.00000000000   0.99472637800248
     128.00000000000   0.99576109675686
     129.00000000000   0.99668111435495
     130.00000000000   0.99747334791226
     131.00000000000   0.99813279135603
     132.00000000000   0.99866255346014
     133.00000000000   0.99907274383947
     134.00000000000   0.99937852253406
     135.00000000000   0.99959777303039
     136.00000000000   0.99974886636471
     137.00000000000   0.99984887447236
     138.00000000000   0.99991241763481
     139.00000000000   0.99995115602961
     140.00000000000   0.99997380662561
     141.00000000000   0.99998650459429
     142.00000000000   0.99999332763473
     143.00000000000   0.99999684081781
     144.00000000000   0.99999857385374
     145.00000000000   0.99999939272477
     146.00000000000   0.99999976327942
     147.00000000000   0.99999992384571
     148.00000000000   0.99999999045978
     149.00000000000    1.0000000169166
     150.00000000000    1.0000000269749
     151.00000000000    1.0000000306350
     152.00000000000    1.0000000319097
     153.00000000000    1.0000000323345
     154.00000000000    1.0000000324700
     155.00000000000    1.0000000325113
     156.00000000000    1.0000000325234
     157.00000000000    1.0000000325268
     158.00000000000    1.0000000325277
     159.00000000000    1.0000000325279
     160.00000000000    1.0000000325280
     161.00000000000    1.0000000325280
     162.00000000000    1.0000000325280
     163.00000000000    1.0000000325280
     164.00000000000    1.0000000325280
     165.00000000000    1.0000000325280
     166.00000000000    1.0000000325280
     167.00000000000    1.0000000325280
     168.00000000000    1.0000000325280
     169.00000000000    1.0000000325280
     170.00000000000    1.0000000325280
     171.00000000000    1.0000000325280
     172.00000000000    1.0000000325280
     173.00000000000    1.0000000325280
     174.00000000000    1.0000000325280
     175.00000000000    1.0000000325280
     176.00000000000    1.0000000325280
     177.00000000000    1.0000000325280
     178.00000000000    1.0000000325280
     179.00000000000    1.0000000325280
     180.00000000000    1.0000000325280
     181.00000000000    1.0000000325280
     182.00000000000    1.0000000325280
     183.00000000000    1.0000000325280
     184.00000000000    1.0000000325280
     185.00000000000    1.0000000325280
     186.00000000000    1.0000000325280
     187.00000000000    1.0000000325280
     188.00000000000    1.0000000325280
     189.00000000000    1.0000000325280
     190.00000000000    1.0000000325280
     191.00000000000    1.0000000325280
     192.00000000000    1.0000000325280
     193.00000000000    1.0000000325280
     194.00000000000    1.0000000325280
     195.00000000000    1.0000000325280
     196.00000000000    1.0000000325280
     197.00000000000    1.0000000325280
     198.00000000000    1.0000000325280
     199.00000000000    1.0000000325280
     200.00000000000    1.0000000325280
     201.00000000000    1.0000000325280
     202.00000000000    1.0000000325280
     203.00000000000    1.0000000325280
     204.00000000000    1.0000000325280
     205.00000000000    1.0000000325280
     206.00000000000    1.0000000325280
     207.00000000000    1.0000000325280
     208.00000000000    1.0000000325280
     209.00000000000    1.0000000325280
     210.00000000000    1.0000000325280
     211.00000000000    1.0000000325280
     212.00000000000    1.0000000325280
     213.00000000000    1.0000000325280
     214.00000000000    1.0000000325280
     215.00000000000    1.0000000325280
     216.00000000000    1.0000000325280
     217.00000000000    1.0000000325280
     218.00000000000    1.0000000325280
     219.00000000000    1.0000000325280
     220.00000000000    1.0000000325280
     221.00000000000    1.0000000325280
     222.00000000000    1.0000000325280
     223.00000000000    1.0000000325280
     224.00000000000    1.0000000325280
     225.00000000000    1.0000000325280
     226.00000000000    1.0000000325280
     227.00000000000    1.0000000325280
     228.00000000000    1.0000000325280
     229.00000000000    1.0000000325280
     230.00000000000    1.0000000325280
     231.00000000000    1.0000000325280
     232.00000000000    1.0000000325280
     233.00000000000    1.0000000325280
     234.00000000000    1.0000000325280
     235.00000000000    1.0000000325280
     236.00000000000    1.0000000325280
     237.00000000000    1.0000000325280
     238.00000000000    1.0000000325280
     239.00000000000    1.0000000325280
     240.00000000000    1.0000000325280
     241.00000000000    1.0000000325280
     242.00000000000    1.0000000325280
     243.00000000000    1.0000000325280
     244.00000000000    1.0000000325280
     245.00000000000    1.0000000325280
     246.00000000000    1.0000000325280
     247.00000000000    1.0000000325280
     248.00000000000    1.0000000325280
     249.00000000000    1.0000000325280
     250.00000000000    1.0000000325280
     251.00000000000    1.0000000325280
     252.00000000000    1.0000000325280
     253.00000000000    1.0000000325280
     254.00000000000    1.0000000325280
     255.00000000000    1.0000000325280
     256.00000000000    1.0000000325280
     257.00000000000    1.0000000325280
     258.00000000000    1.0000000325280
     259.00000000000    1.0000000325280
     260.00000000000    1.0000000325280
     261.00000000000    1.0000000325280
     262.00000000000    1.0000000325280
     263.00000000000    1.0000000325280
     264.00000000000    1.0000000325280
     265.00000000000    1.0000000325280
     266.00000000000    1.0000000325280
     267.00000000000    1.0000000325280
     268.00000000000    1.0000000325280
     269.00000000000    1.0000000325280
     270.00000000000    1.0000000325280
     271.00000000000    1.0000000325280
     272.00000000000    1.0000000325280
     273.00000000000    1.0000000325280
     274.00000000000    1.0000000325280
     275.00000000000    1.0000000325280
     276.00000000000    1.0000000325280
     277.00000000000    1.0000000325280
     278.00000000000    1.0000000325280
     279.00000000000    1.0000000325280
     280.00000000000    1.0000000325280
     281.00000000000    1.0000000325280
     282.00000000000    1.0000000325280
     283.00000000000    1.0000000325280
     284.00000000000    1.0000000325280
     285.00000000000    1.0000000325280
     286.00000000000    1.0000000325280
     287.00000000000    1.0000000325280
     288.00000000000    1.0000000325280
     289.00000000000    1.0000000325280
     290.00000000000    1.0000000325280
     291.00000000000    1.0000000325280
     292.00000000000    1.0000000325280
     293.00000000000    1.0000000325280
     294.00000000000    1.0000000325280
     295.00000000000    1.0000000325280
     296.00000000000    1.0000000325280
     297.00000000000    1.0000000325280
     298.00000000000    1.0000000325280
     299.00000000000    1.0000000325280
     300.00000000000    1.0000000325280
     301.00000000000    1.0000000325280
     302.00000000000    1.0000000325280
     303.00000000000    1.0000000325280
     304.00000000000    1.0000000325280
     305.00000000000    1.0000000325280
     306.00000000000    1.0000000325280
     307.00000000000    1.0000000325280
     308.00000000000    1.0000000325280
     309.00000000000    1.0000000325280
     310.00000000000    1.0000000325280
     311.00000000000    1.0000000325280
     312.00000000000    1.0000000325280
     313.00000000000    1.0000000325280
     314.00000000000    1.0000000325280
     315.00000000000    1.0000000325280
     316.00000000000    1.0000000325280
     317.00000000000    1.0000000325280
     318.00000000000    1.0000000325280
     319.00000000000    1.0000000325280
     320.00000000000    1.0000000325280
     321.00000000000    1.0000000325280
     322.00000000000    1.0000000325280
     323.00000000000    1.0000000325280
     324.00000000000    1.0000000325280
     325.00000000000    1.0000000325280
     326.00000000000    1.0000000325280
     327.00000000000    1.0000000325280
     328.00000000000    1.0000000325280
     329.00000000000    1.0000000325280
     330.00000000000    1.0000000325280
     331.00000000000    1.0000000325280
     332.00000000000    1.0000000325280
     333.00000000000    1.0000000325280
     334.00000000000    1.0000000325280
     335.00000000000    1.0000000325280
     336.00000000000    1.0000000325280
     337.00000000000    1.0000000325280
     338.00000000000    1.0000000325280
     339.00000000000    1.0000000325280
     340.00000000000    1.0000000325280
     341.00000000000    1.0000000325280
     342.00000000000    1.0000000325280
     343.00000000000    1.0000000325280
     344.00000000000    1.0000000325280
     345.00000000000    1.0000000325280
     346.00000000000    1.0000000325280
     347.00000000000    1.0000000325280
     348.00000000000    1.0000000325280
     349.00000000000    1.0000000325280
     350.00000000000    1.0000000325280
     351.00000000000    1.0000000325280
     352.00000000000    1.0000000325280
     353.00000000000    1.0000000325280
     354.00000000000    1.0000000325280
     355.00000000000    1.0000000325280
     356.00000000000    1.0000000325280
     357.00000000000    1.0000000325280
     358.00000000000    1.0000000325280
     359.00000000000    1.0000000325280
     360.00000000000    1.0000000325280
     361.00000000000    1.0000000325280
     362.00000000000    1.0000000325280
     363.00000000000    1.0000000325280
     364.00000000000    1.0000000325280
     365.00000000000    1.0000000325280
     366.00000000000    1.0000000325280
     367.00000000000    1.0000000325280
     368.00000000000    1.0000000325280
     369.00000000000    1.0000000325280
     370.00000000000    1.0000000325280
     371.00000000000    1.0000000325280
     372.00000000000    1.0000000325280
     373.00000000000    1.0000000325280
     374.00000000000    1.0000000325280
     375.00000000000    1.0000000325280
     376.00000000000    1.0000000325280
     377.00000000000    1.0000000325280
     378.00000000000    1.0000000325280
     379.00000000000    1.0000000325280
     380.00000000000    1.0000000325280
     381.00000000000    1.0000000325280
     382.00000000000    1.0000000325280
     383.00000000000    1.0000000325280
     384.00000000000    1.0000000325280
     385.00000000000    1.0000000325280
     386.00000000000    1.0000000325280
     387.00000000000    1.0000000325280
     388.00000000000    1.0000000325280
     389.00000000000    1.0000000325280
     390.00000000000    1.0000000325280
     391.00000000000    1.0000000325280
     392.00000000000    1.0000000325280
     393.00000000000    1.0000000325280
     394.00000000000    1.0000000325280
     395.00000000000    1.0000000325280
     396.00000000000    1.0000000325280
     397.00000000000    1.0000000325280
     398.00000000000    1.0000000325280
     399.00000000000    1.0000000325280
     400.00000000000    1.0000000325280
     401.00000000000    1.0000000325280
     402.00000000000    1.0000000325280
     403.00000000000    1.0000000325280
     404.00000000000    1.0000000325280
     405.00000000000    1.0000000325280
     406.00000000000    1.0000000325280
     407.00000000000    1.0000000325280
     408.00000000000    1.0000000325280
     409.00000000000    1.0000000325280
     410.00000000000    1.0000000325280
     411.00000000000    1.0000000325280
     412.00000000000    1.0000000325280
     413.00000000000    1.0000000325280
     414.00000000000    1.0000000325280
     415.00000000000    1.0000000325280
     416.00000000000    1.0000000325280
     417.00000000000    1.0000000325280
     418.00000000000    1.0000000325280
     419.00000000000    1.0000000325280
     420.00000000000    1.0000000325280
     421.00000000000    1.0000000325280
     422.00000000000    1.0000000325280
     423.00000000000    1.0000000325280
     424.00000000000    1.0000000325280
     425.00000000000    1.0000000325280
     426.00000000000    1.0000000325280
     427.00000000000    1.0000000325280
     428.00000000000    1.0000000325280
     429.00000000000    1.0000000325280
     430.00000000000    1.0000000325280
     431.00000000000    1.0000000325280
     432.00000000000    1.0000000325280
     433.00000000000    1.0000000325280
     434.00000000000    1.0000000325280
     435.00000000000    1.0000000325280
     436.00000000000    1.0000000325280
     437.00000000000    1.0000000325280
     438.00000000000    1.0000000325280
     439.00000000000    1.0000000325280
     440.00000000000    1.0000000325280
     441.00000000000    1.0000000325280
     442.00000000000    1.0000000325280
     443.00000000000    1.0000000325280
     444.00000000000    1.0000000325280
     445.00000000000    1.0000000325280
     446.00000000000    1.0000000325280
     447.00000000000    1.0000000325280
     448.00000000000    1.0000000325280
     449.00000000000    1.0000000325280
     450.00000000000    1.0000000325280
     451.00000000000    1.0000000325280
     452.00000000000    1.0000000325280
     453.00000000000    1.0000000325280
     454.00000000000    1.0000000325280
     455.00000000000    1.0000000325280
     456.00000000000    1.0000000325280
     457.00000000000    1.0000000325280
     458.00000000000    1.0000000325280
     459.00000000000    1.0000000325280
     460.00000000000    1.0000000325280
     461.00000000000    1.0000000325280
     462.00000000000    1.0000000325280
     463.00000000000    1.0000000325280
     464.00000000000    1.0000000325280
     465.00000000000    1.0000000325280
     466.00000000000    1.0000000325280
     467.00000000000    1.0000000325280
     468.00000000000    1.0000000325280
     469.00000000000    1.0000000325280
     470.00000000000    1.0000000325280
     471.00000000000    1.0000000325280
     472.00000000000    1.0000000325280
     473.00000000000    1.0000000325280
     474.00000000000    1.0000000325280
     475.00000000000    1.0000000325280
     476.00000000000    1.0000000325280
     477.00000000000    1.0000000325280
     478.00000000000    1.0000000325280
     479.00000000000    1.0000000325280
     480.00000000000    1.0000000325280
     481.00000000000    1.0000000325280
     482.00000000000    1.0000000325280
     483.00000000000    1.0000000325280
     484.00000000000    1.0000000325280
     485.00000000000    1.0000000325280
     486.00000000000    1.0000000325280
     487.00000000000    1.0000000325280
     488.00000000000    1.0000000325280
     489.00000000000    1.0000000325280
     490.00000000000    1.0000000325280
     491.00000000000    1.0000000325280
     492.00000000000    1.0000000325280
     493.00000000000    1.0000000325280
     494.00000000000    1.0000000325280
     495.00000000000    1.0000000325280
     496.00000000000    1.0000000325280
     497.00000000000    1.0000000325280
     498.00000000000    1.0000000325280
     499.00000000000    1.0000000325280
     500.00000000000    1.0000000325280
