    -500.00000000000    1.0000000325280
    -499.00000000000    1.0000000325280
    -498.00000000000    1.0000000325280
    -497.00000000000    1.0000000325280
    -496.00000000000    1.0000000325280
    -495.00000000000    1.0000000325280
    -494.00000000000    1.0000000325280
    -493.00000000000    1.0000000325280
    -492.00000000000    1.0000000325280
    -491.00000000000    1.0000000325280
    -490.00000000000    1.0000000325280
    -489.00000000000    1.0000000325280
    -488.00000000000    1.0000000325280
    -487.00000000000    1.0000000325280
    -486.00000000000    1.0000000325280
    -485.00000000000    1.0000000325280
    -484.00000000000    1.0000000325280
    -483.00000000000    1.0000000325280
    -482.00000000000    1.0000000325280
    -481.00000000000    1.0000000325280
    -480.00000000000    1.0000000325280
    -479.00000000000    1.0000000325280
    -478.00000000000    1.0000000325280
    -477.00000000000    1.0000000325280
    -476.00000000000    1.0000000325280
    -475.00000000000    1.0000000325280
    -474.00000000000    1.0000000325280
    -473.00000000000    1.0000000325280
    -472.00000000000    1.0000000325280
    -471.00000000000    1.0000000325280
    -470.00000000000    1.0000000325280
    -469.00000000000    1.0000000325280
    -468.00000000000    1.0000000325280
    -467.00000000000    1.0000000325280
    -466.00000000000    1.0000000325280
    -465.00000000000    1.0000000325280
    -464.00000000000    1.0000000325280
    -463.00000000000    1.0000000325280
    -462.00000000000    1.0000000325280
    -461.00000000000    1.0000000325280
    -460.00000000000    1.0000000325280
    -459.00000000000    1.0000000325280
    -458.00000000000    1.0000000325280
    -457.00000000000    1.0000000325280
    -456.00000000000    1.0000000325280
    -455.00000000000    1.0000000325280
    -454.00000000000    1.0000000325280
    -453.00000000000    1.0000000325280
    -452.00000000000    1.0000000325280
    -451.00000000000    1.0000000325280
    -450.00000000000    1.0000000325280
    -449.00000000000    1.0000000325280
    -448.00000000000    1.0000000325280
    -447.00000000000    1.0000000325280
    -446.00000000000    1.0000000325280
    -445.00000000000    1.0000000325280
    -444.00000000000    1.0000000325280
    -443.00000000000    1.0000000325280
    -442.00000000000    1.0000000325280
    -441.00000000000    1.0000000325280
    -440.00000000000    1.0000000325280
    -439.00000000000    1.0000000325280
    -438.00000000000    1.0000000325280
    -437.00000000000    1.0000000325280
    -436.00000000000    1.0000000325280
    -435.00000000000    1.0000000325280
    -434.00000000000    1.0000000325280
    -433.00000000000    1.0000000325280
    -432.00000000000    1.0000000325280
    -431.00000000000    1.0000000325280
    -430.00000000000    1.0000000325280
    -429.00000000000    1.0000000325280
    -428.00000000000    1.0000000325280
    -427.00000000000    1.0000000325280
    -426.00000000000    1.0000000325280
    -425.00000000000    1.0000000325280
    -424.00000000000    1.0000000325280
    -423.00000000000    1.0000000325280
    -422.00000000000    1.0000000325280
    -421.00000000000    1.0000000325280
    -420.00000000000    1.0000000325280
    -419.00000000000    1.0000000325280
    -418.00000000000    1.0000000325280
    -417.00000000000    1.0000000325280
    -416.00000000000    1.0000000325280
    -415.00000000000    1.0000000325280
    -414.00000000000    1.0000000325280
    -413.00000000000    1.0000000325280
    -412.00000000000    1.0000000325280
    -411.00000000000    1.0000000325280
    -410.00000000000    1.0000000325280
    -409.00000000000    1.0000000325280
    -408.00000000000    1.0000000325280
    -407.00000000000    1.0000000325280
    -406.00000000000    1.0000000325280
    -405.00000000000    1.0000000325280
    -404.00000000000    1.0000000325280
    -403.00000000000    1.0000000325280
    -402.00000000000    1.0000000325280
    -401.00000000000    1.0000000325280
    -400.00000000000    1.0000000325280
    -399.00000000000    1.0000000325280
    -398.00000000000    1.0000000325280
    -397.00000000000    1.0000000325280
    -396.00000000000    1.0000000325280
    -395.00000000000    1.0000000325280
    -394.00000000000    1.0000000325280
    -393.00000000000    1.0000000325280
    -392.00000000000    1.0000000325280
    -391.00000000000    1.0000000325280
    -390.00000000000    1.0000000325280
    -389.00000000000    1.0000000325280
    -388.00000000000    1.0000000325280
    -387.00000000000    1.0000000325280
    -386.00000000000    1.0000000325280
    -385.00000000000    1.0000000325280
    -384.00000000000    1.0000000325280
    -383.00000000000    1.0000000325280
    -382.00000000000    1.0000000325280
    -381.00000000000    1.0000000325280
    -380.00000000000    1.0000000325280
    -379.00000000000    1.0000000325280
    -378.00000000000    1.0000000325280
    -377.00000000000    1.0000000325280
    -376.00000000000    1.0000000325280
    -375.00000000000    1.0000000325280
    -374.00000000000    1.0000000325280
    -373.00000000000    1.0000000325280
    -372.00000000000    1.0000000325280
    -371.00000000000    1.0000000325280
    -370.00000000000    1.0000000325280
    -369.00000000000    1.0000000325280
    -368.00000000000    1.0000000325280
    -367.00000000000    1.0000000325280
    -366.00000000000    1.0000000325280
    -365.00000000000    1.0000000325280
    -364.00000000000    1.0000000325280
    -363.00000000000    1.0000000325280
    -362.00000000000    1.0000000325280
    -361.00000000000    1.0000000325280
    -360.00000000000    1.0000000325280
    -359.00000000000    1.0000000325280
    -358.00000000000    1.0000000325280
    -357.00000000000    1.0000000325280
    -356.00000000000    1.0000000325280
    -355.00000000000    1.0000000325280
    -354.00000000000    1.0000000325280
    -353.00000000000    1.0000000325280
    -352.00000000000    1.0000000325280
    -351.00000000000    1.0000000325280
    -350.00000000000    1.0000000325280
    -349.00000000000    1.0000000325280
    -348.00000000000    1.0000000325280
    -347.00000000000    1.0000000325280
    -346.00000000000    1.0000000325280
    -345.00000000000    1.0000000325280
    -344.00000000000    1.0000000325280
    -343.00000000000    1.0000000325280
    -342.00000000000    1.0000000325280
    -341.00000000000    1.0000000325280
    -340.00000000000    1.0000000325280
    -339.00000000000    1.0000000325280
    -338.00000000000    1.0000000325280
    -337.00000000000    1.0000000325280
    -336.00000000000    1.0000000325280
    -335.00000000000    1.0000000325280
    -334.00000000000    1.0000000325280
    -333.00000000000    1.0000000325280
    -332.00000000000    1.0000000325280
    -331.00000000000    1.0000000325280
    -330.00000000000    1.0000000325280
    -329.00000000000    1.0000000325280
    -328.00000000000    1.0000000325280
    -327.00000000000    1.0000000325280
    -326.00000000000    1.0000000325280
    -325.00000000000    1.0000000325280
    -324.00000000000    1.0000000325280
    -323.00000000000    1.0000000325280
    -322.00000000000    1.0000000325280
    -321.00000000000    1.0000000325280
    -320.00000000000    1.0000000325280
    -319.00000000000    1.0000000325280
    -318.00000000000    1.0000000325280
    -317.00000000000    1.0000000325280
    -316.00000000000    1.0000000325280
    -315.00000000000    1.0000000325280
    -314.00000000000    1.0000000325280
    -313.00000000000    1.0000000325280
    -312.00000000000    1.0000000325280
    -311.00000000000    1.0000000325280
    -310.00000000000    1.0000000325280
    -309.00000000000    1.0000000325280
    -308.00000000000    1.0000000325280
    -307.00000000000    1.0000000325280
    -306.00000000000    1.0000000325280
    -305.00000000000    1.0000000325280
    -304.00000000000    1.0000000325280
    -303.00000000000    1.0000000325280
    -302.00000000000    1.0000000325280
    -301.00000000000    1.0000000325280
    -300.00000000000    1.0000000325280
    -299.00000000000    1.0000000325280
    -298.00000000000    1.0000000325280
    -297.00000000000    1.0000000325280
    -296.00000000000    1.0000000325280
    -295.00000000000    1.0000000325280
    -294.00000000000    1.0000000325280
    -293.00000000000    1.0000000325280
    -292.00000000000    1.0000000325280
    -291.00000000000    1.0000000325280
    -290.00000000000    1.0000000325280
    -289.00000000000    1.0000000325280
    -288.00000000000    1.0000000325280
    -287.00000000000    1.0000000325280
    -286.00000000000    1.0000000325280
    -285.00000000000    1.0000000325280
    -284.00000000000    1.0000000325280
    -283.00000000000    1.0000000325280
    -282.00000000000    1.0000000325280
    -281.00000000000    1.0000000325280
    -280.00000000000    1.0000000325280
    -279.00000000000    1.0000000325280
    -278.00000000000    1.0000000325280
    -277.00000000000    1.0000000325280
    -276.00000000000    1.0000000325280
    -275.00000000000    1.0000000325280
    -274.00000000000    1.0000000325280
    -273.00000000000    1.0000000325280
    -272.00000000000    1.0000000325279
    -271.00000000000    1.0000000325275
    -270.00000000000    1.0000000325263
    -269.00000000000    1.0000000325218
    -268.00000000000    1.0000000325064
    -267.00000000000    1.0000000324561
    -266.00000000000    1.0000000322984
    -265.00000000000    1.0000000318256
    -264.00000000000    1.0000000304686
    -263.00000000000    1.0000000267419
    -262.00000000000    1.0000000169458
    -261.00000000000   0.99999999229837
    -260.00000000000   0.99999993293227
    -259.00000000000   0.99999979603468
    -258.00000000000   0.99999949376228
    -257.00000000000   0.99999885460433
    -256.00000000000   0.99999756012507
    -255.00000000000   0.99999504858776
    -254.00000000000   0.99999037947534
    -253.00000000000   0.99998206018793
    -252.00000000000   0.99996784936596
    -251.00000000000   0.99994456961130
    -250.00000000000   0.99990798204625
    -249.00000000000   0.99985278899284
    -248.00000000000   0.99977282996039
    -247.00000000000   0.99966151244226
    -246.00000000000   0.99951247107747
    -245.00000000000   0.99932038448178
    -244.00000000000   0.99908181627780
    -243.00000000000   0.99879590846101
    -242.00000000000   0.99846476050600
    -241.00000000000   0.99809338288532
    -240.00000000000   0.99768920723299
    -239.00000000000   0.99726123993835
    -238.00000000000   0.99681902844327
    -237.00000000000   0.99637164414051
    -236.00000000000   0.99592686409965
    -235.00000000000   0.99549066727338
    -234.00000000000   0.99506707459369
    -233.00000000000   0.99465828451779
    -232.00000000000   0.99426500643368
    -231.00000000000   0.99388688079227
    -230.00000000000   0.99352289110305
    -229.00000000000   0.99317170583298
    -228.00000000000   0.99283192377718
    -227.00000000000   0.99250222462242
    -226.00000000000   0.99218144298462
    -225.00000000000   0.99186858985844
    -224.00000000000   0.99156284355330
    -223.00000000000   0.99126352670259
    -222.00000000000   0.99097007984274
    -221.00000000000   0.99068203705574
    -220.00000000000   0.99039900579948
    -219.00000000000   0.99012065115999
    -218.00000000000   0.98984668391911
    -217.00000000000   0.98957685160356
    -216.00000000000   0.98931093174483
    -215.00000000000   0.98904872673972
    -214.00000000000   0.98879005986540
    -213.00000000000   0.98853477213427
    -212.00000000000   0.98828271977036
    -211.00000000000   0.98803377215453
    -210.00000000000   0.98778781013020
    -209.00000000000   0.98754472459136
    -208.00000000000   0.98730441529481
    -207.00000000000   0.98706678985290
    -206.00000000000   0.98683176287332
    -205.00000000000   0.98659925521948
    -204.00000000000   0.98636919337123
    -203.00000000000   0.98614150886901
    -202.00000000000   0.98591613782845
    -201.00000000000   0.98569302051445
    -200.00000000000   0.98547210096592
    -199.00000000000   0.98525332666389
    -198.00000000000   0.98503664823687
    -197.00000000000   0.98482201919844
    -196.00000000000   0.98460939571277
    -195.00000000000   0.98439873638446
    -194.00000000000   0.98419000206969
    -193.00000000000   0.98398315570595
    -192.00000000000   0.98377816215833
    -191.00000000000   0.98357498808018
    -190.00000000000   0.98337360178673
    -189.00000000000   0.98317397314006
    -188.00000000000   0.98297607344429
    -187.00000000000   0.98277987534977
    -186.00000000000   0.98258535276547
    -185.00000000000   0.98239248077862
    -184.00000000000   0.98220123558093
    -183.00000000000   0.98201159440071
    -182.00000000000   0.98182353544028
    -181.00000000000   0.98163703781831
    -180.00000000000   0.98145208151641
    -179.00000000000   0.98126864732981
    -178.00000000000   0.98108671682156
    -177.00000000000   0.98090627228007
    -176.00000000000   0.98072729667969
    -175.00000000000   0.98054977364395
    -174.00000000000   0.98037368741141
    -173.00000000000   0.98019902280373
    -172.00000000000   0.98002576519594
    -171.00000000000   0.97985390048861
    -170.00000000000   0.97968341508182
    -169.00000000000   0.97951429585079
    -168.00000000000   0.97934653012305
    -167.00000000000   0.97918010565695
    -166.00000000000   0.97901501062161
    -165.00000000000   0.97885123357793
    -164.00000000000   0.97868876346080
    -163.00000000000   0.97852758956238
    -162.00000000000   0.97836770151624
    -161.00000000000   0.97820908928249
    -160.00000000000   0.97805174313373
    -159.00000000000   0.97789565364176
    -158.00000000000   0.97774081166500
    -157.00000000000   0.97758720833665
    -156.00000000000   0.97743483505344
    -155.00000000000   0.97728368346494
    -154.00000000000   0.97713374546353
    -153.00000000000   0.97698501317478
    -152.00000000000   0.97683747894839
    -151.00000000000   0.97669113534955
    -150.00000000000   0.97654597515073
    -149.00000000000   0.97640199132392
    -148.00000000000   0.97625917703317
    -147.00000000000   0.97611752562758
    -146.00000000000   0.97597703063452
    -145.00000000000   0.97583768575327
    -144.00000000000   0.97569948484892
    -143.00000000000   0.97556242194650
    -142.00000000000   0.97542649122544
    -141.00000000000   0.97529168701430
    -140.00000000000   0.97515800378563
    -139.00000000000   0.97502543615118
    -138.00000000000   0.97489397885726
    -137.00000000000   0.97476362678030
    -136.00000000000   0.97463437492257
    -135.00000000000   0.97450621840820
    -134.00000000000   0.97437915247924
    -133.00000000000   0.97425317249193
    -132.00000000000   0.97412827391315
    -131.00000000000   0.97400445231699
    -130.00000000000   0.97388170338146
    -129.00000000000   0.97376002288533
    -128.00000000000   0.97363940670514
    -127.00000000000   0.97351985081223
    -126.00000000000   0.97340135127001
    -125.00000000000   0.97328390423124
    -124.00000000000   0.97316750593545
    -123.00000000000   0.97305215270650
    -122.00000000000   0.97293784095012
    -121.00000000000   0.97282456715169
    -120.00000000000   0.97271232787398
    -119.00000000000   0.97260111975502
    -118.00000000000   0.97249093950611
    -117.00000000000   0.97238178390974
    -116.00000000000   0.97227364981779
    -115.00000000000   0.97216653414963
    -114.00000000000   0.97206043389039
    -113.00000000000   0.97195534608920
    -112.00000000000   0.97185126785759
    -111.00000000000   0.97174819636790
    -110.00000000000   0.97164612885172
    -109.00000000000   0.97154506259842
    -108.00000000000   0.97144499495371
    -107.00000000000   0.97134592331827
    -106.00000000000   0.97124784514643
   -105.000000000000   0.97115075794484
   -104.000000000000   0.97105465927123
   -103.000000000000   0.97095954673326
   -102.000000000000   0.97086541798725
   -101.000000000000   0.97077227073716
   -100.000000000000   0.97068010273342
    -99.000000000000   0.97058891177190
    -98.000000000000   0.97049869569291
    -97.000000000000   0.97040945238015
    -96.000000000000   0.97032117975982
    -95.000000000000   0.97023387579966
    -94.000000000000   0.97014753850802
    -93.000000000000   0.97006216593304
    -92.000000000000   0.96997775616180
    -91.000000000000   0.96989430731944
    -90.000000000000   0.96981181756847
    -89.000000000000   0.96973028510790
    -88.000000000000   0.96964970817255
    -87.000000000000   0.96957008503232
    -86.000000000000   0.96949141399149
    -85.000000000000   0.96941369338803
    -84.000000000000   0.96933692159294
    -83.000000000000   0.96926109700962
    -82.000000000000   0.96918621807324
    -81.000000000000   0.96911228325015
    -80.000000000000   0.96903929103727
    -79.000000000000   0.96896723996156
    -78.000000000000   0.96889612857943
    -77.000000000000   0.96882595547624
    -76.000000000000   0.96875671926574
    -75.000000000000   0.96868841858961
    -74.000000000000   0.96862105211694
    -73.000000000000   0.96855461854376
    -72.000000000000   0.96848911659259
    -71.000000000000   0.96842454501197
    -70.000000000000   0.96836090257606
    -69.000000000000   0.96829818808416
    -68.000000000000   0.96823640036036
    -67.000000000000   0.96817553825310
    -66.000000000000   0.96811560063479
    -65.000000000000   0.96805658640146
    -64.000000000000   0.96799849447236
    -63.000000000000   0.96794132378959
    -62.000000000000   0.96788507331781
    -61.000000000000   0.96782974204388
    -60.000000000000   0.96777532897650
    -59.000000000000   0.96772183314593
    -58.000000000000   0.96766925360369
    -57.000000000000   0.96761758942224
    -56.000000000000   0.96756683969466
    -55.000000000000   0.96751700353445
    -54.000000000000   0.96746808007518
    -53.000000000000   0.96742006847026
    -52.000000000000   0.96737296789266
    -51.000000000000   0.96732677753470
    -50.000000000000   0.96728149660776
    -49.000000000000   0.96723712434206
    -48.000000000000   0.96719365998645
    -47.000000000000   0.96715110280816
    -46.000000000000   0.96710945209261
    -45.000000000000   0.96706870714318
    -44.000000000000   0.96702886728100
    -43.000000000000   0.96698993184479
    -42.000000000000   0.96695190019063
    -41.000000000000   0.96691477169181
    -40.000000000000   0.96687854573862
    -39.000000000000   0.96684322173821
    -38.000000000000   0.96680879911437
    -37.000000000000   0.96677527730743
    -36.000000000000   0.96674265577407
    -35.000000000000   0.96671093398717
    -34.000000000000   0.96668011143566
    -33.000000000000   0.96665018762439
    -32.000000000000   0.96662116207400
    -31.000000000000   0.96659303432078
    -30.000000000000   0.96656580391650
    -29.000000000000   0.96653947042839
    -28.000000000000   0.96651403343892
    -27.000000000000   0.96648949254575
    -26.000000000000   0.96646584736157
    -25.000000000000   0.96644309751408
    -24.000000000000   0.96642124264579
    -23.000000000000   0.96640028241400
    -22.000000000000   0.96638021649064
    -21.000000000000   0.96636104456228
    -20.000000000000   0.96634276632997
    -19.000000000000   0.96632538150915
    -18.000000000000   0.96630888982963
    -17.000000000000   0.96629329103551
    -16.000000000000   0.96627858488508
    -15.000000000000   0.96626477115079
    -14.000000000000   0.96625184961914
    -13.000000000000   0.96623982009070
    -12.000000000000   0.96622868238002
    -11.000000000000   0.96621843631555
   -10.0000000000000   0.96620908173962
    -9.0000000000000   0.96620061850845
    -8.0000000000000   0.96619304649204
    -7.0000000000000   0.96618636557416
    -6.0000000000000   0.96618057565231
    -5.0000000000000   0.96617567663777
    -4.0000000000000   0.96617166845544
    -3.0000000000000   0.96616855104392
    -2.0000000000000   0.96616632435549
    -1.0000000000000   0.96616498835608
   0.   0.96616454302521
     1.0000000000000   0.96616498835608
     2.0000000000000   0.96616632435549
     3.0000000000000   0.96616855104392
     4.0000000000000   0.96617166845544
     5.0000000000000   0.96617567663777
     6.0000000000000   0.96618057565231
     7.0000000000000   0.96618636557416
     8.0000000000000   0.96619304649204
     9.0000000000000   0.96620061850845
    10.0000000000000   0.96620908173962
     11.000000000000   0.96621843631555
     12.000000000000   0.96622868238002
     13.000000000000   0.96623982009070
     14.000000000000   0.96625184961914
     15.000000000000   0.96626477115079
     16.000000000000   0.96627858488508
     17.000000000000   0.96629329103551
     18.000000000000   0.96630888982963
     19.000000000000   0.96632538150915
     20.000000000000   0.96634276632997
     21.000000000000   0.96636104456229
     22.000000000000   0.96638021649064
     23.000000000000   0.96640028241400
     24.000000000000   0.96642124264579
     25.000000000000   0.96644309751408
     26.000000000000   0.96646584736157
     27.000000000000   0.96648949254575
     28.000000000000   0.96651403343892
     29.000000000000   0.96653947042839
     30.000000000000   0.96656580391650
     31.000000000000   0.96659303432078
     32.000000000000   0.96662116207400
     33.000000000000   0.96665018762439
     34.000000000000   0.96668011143566
     35.000000000000   0.96671093398717
     36.000000000000   0.96674265577407
     37.000000000000   0.96677527730743
     38.000000000000   0.96680879911437
     39.000000000000   0.96684322173821
     40.000000000000   0.96687854573862
     41.000000000000   0.96691477169181
     42.000000000000   0.96695190019063
     43.000000000000   0.96698993184479
     44.000000000000   0.96702886728100
     45.000000000000   0.96706870714318
     46.000000000000   0.96710945209261
     47.000000000000   0.96715110280816
     48.000000000000   0.96719365998645
     49.000000000000   0.96723712434206
     50.000000000000   0.96728149660776
     51.000000000000   0.96732677753470
     52.000000000000   0.96737296789266
     53.000000000000   0.96742006847026
     54.000000000000   0.96746808007518
     55.000000000000   0.96751700353445
     56.000000000000   0.96756683969466
     57.000000000000   0.96761758942224
     58.000000000000   0.96766925360369
     59.000000000000   0.96772183314593
     60.000000000000   0.96777532897650
     61.000000000000   0.96782974204388
     62.000000000000   0.96788507331781
     63.000000000000   0.96794132378959
     64.000000000000   0.96799849447235
     65.000000000000   0.96805658640146
     66.000000000000   0.96811560063479
     67.000000000000   0.96817553825310
     68.000000000000   0.96823640036036
     69.000000000000   0.96829818808416
     70.000000000000   0.96836090257606
     71.000000000000   0.96842454501197
     72.000000000000   0.96848911659259
     73.000000000000   0.96855461854376
     74.000000000000   0.96862105211694
     75.000000000000   0.96868841858961
     76.000000000000   0.96875671926574
     77.000000000000   0.96882595547624
     78.000000000000   0.96889612857943
     79.000000000000   0.96896723996156
     80.000000000000   0.96903929103727
     81.000000000000   0.96911228325015
     82.000000000000   0.96918621807324
     83.000000000000   0.96926109700962
     84.000000000000   0.96933692159294
     85.000000000000   0.96941369338803
     86.000000000000   0.96949141399149
     87.000000000000   0.96957008503232
     88.000000000000   0.96964970817255
     89.000000000000   0.96973028510790
     90.000000000000   0.96981181756847
     91.000000000000   0.96989430731944
     92.000000000000   0.96997775616180
     93.000000000000   0.97006216593304
     94.000000000000   0.97014753850802
     95.000000000000   0.97023387579966
     96.000000000000   0.97032117975982
     97.000000000000   0.97040945238015
     98.000000000000   0.97049869569291
     99.000000000000   0.97058891177190
    100.000000000000   0.97068010273342
    101.000000000000   0.97077227073716
    102.000000000000   0.97086541798725
    103.000000000000   0.97095954673326
    104.000000000000   0.97105465927123
    105.000000000000   0.97115075794484
     106.00000000000   0.97124784514643
     107.00000000000   0.97134592331827
     108.00000000000   0.97144499495371
     109.00000000000   0.97154506259842
     110.00000000000   0.97164612885172
     111.00000000000   0.97174819636790
     112.00000000000   0.97185126785759
     113.00000000000   0.97195534608919
     114.00000000000   0.97206043389039
     115.00000000000   0.97216653414963
     116.00000000000   0.97227364981779
     117.00000000000   0.97238178390974
     118.00000000000   0.97249093950611
     119.00000000000   0.97260111975502
     120.00000000000   0.97271232787398
     121.00000000000   0.97282456715169
     122.00000000000   0.97293784095012
     123.00000000000   0.97305215270650
     124.00000000000   0.97316750593546
     125.00000000000   0.97328390423124
     126.00000000000   0.97340135127001
     127.00000000000   0.97351985081223
     128.00000000000   0.97363940670514
     129.00000000000   0.97376002288533
     130.00000000000   0.97388170338146
     131.00000000000   0.97400445231699
     132.00000000000   0.97412827391315
     133.00000000000   0.97425317249193
     134.00000000000   0.97437915247924
     135.00000000000   0.97450621840820
     136.00000000000   0.97463437492257
     137.00000000000   0.97476362678029
     138.00000000000   0.97489397885727
     139.00000000000   0.97502543615118
     140.00000000000   0.97515800378563
     141.00000000000   0.97529168701430
     142.00000000000   0.97542649122544
     143.00000000000   0.97556242194650
     144.00000000000   0.97569948484892
     145.00000000000   0.97583768575327
     146.00000000000   0.97597703063452
     147.00000000000   0.97611752562758
     148.00000000000   0.97625917703317
     149.00000000000   0.97640199132392
     150.00000000000   0.97654597515073
     151.00000000000   0.97669113534955
     152.00000000000   0.97683747894839
     153.00000000000   0.97698501317478
     154.00000000000   0.97713374546353
     155.00000000000   0.97728368346494
     156.00000000000   0.97743483505344
     157.00000000000   0.97758720833665
     158.00000000000   0.97774081166500
     159.00000000000   0.97789565364176
     160.00000000000   0.97805174313373
     161.00000000000   0.97820908928249
     162.00000000000   0.97836770151624
     163.00000000000   0.97852758956238
     164.00000000000   0.97868876346080
     165.00000000000   0.97885123357793
     166.00000000000   0.97901501062161
     167.00000000000   0.97918010565695
     168.00000000000   0.97934653012305
     169.00000000000   0.97951429585079
     170.00000000000   0.97968341508182
     171.00000000000   0.97985390048861
     172.00000000000   0.98002576519594
     173.00000000000   0.98019902280373
     174.00000000000   0.98037368741141
     175.00000000000   0.98054977364395
     176.00000000000   0.98072729667969
     177.00000000000   0.98090627228007
     178.00000000000   0.98108671682156
     179.00000000000   0.98126864732981
     180.00000000000   0.98145208151641
     181.00000000000   0.98163703781831
     182.00000000000   0.98182353544028
     183.00000000000   0.98201159440071
     184.00000000000   0.98220123558093
     185.00000000000   0.98239248077862
     186.00000000000   0.98258535276547
     187.00000000000   0.98277987534977
     188.00000000000   0.98297607344429
     189.00000000000   0.98317397314006
     190.00000000000   0.98337360178672
     191.00000000000   0.98357498808018
     192.00000000000   0.98377816215833
     193.00000000000   0.98398315570595
     194.00000000000   0.98419000206969
     195.00000000000   0.98439873638446
     196.00000000000   0.98460939571277
     197.00000000000   0.98482201919844
     198.00000000000   0.98503664823687
     199.00000000000   0.98525332666389
     200.00000000000   0.98547210096593
     201.00000000000   0.98569302051445
     202.00000000000   0.98591613782845
     203.00000000000   0.98614150886901
     204.00000000000   0.98636919337123
     205.00000000000   0.98659925521948
     206.00000000000   0.98683176287332
     207.00000000000   0.98706678985290
     208.00000000000   0.98730441529481
     209.00000000000   0.98754472459136
     210.00000000000   0.98778781013020
     211.00000000000   0.98803377215453
     212.00000000000   0.98828271977036
     213.00000000000   0.98853477213427
     214.00000000000   0.98879005986540
     215.00000000000   0.98904872673972
     216.00000000000   0.98931093174483
     217.00000000000   0.98957685160356
     218.00000000000   0.98984668391910
     219.00000000000   0.99012065115999
     220.00000000000   0.99039900579948
     221.00000000000   0.99068203705574
     222.00000000000   0.99097007984274
     223.00000000000   0.99126352670259
     224.00000000000   0.99156284355330
     225.00000000000   0.99186858985844
     226.00000000000   0.99218144298462
     227.00000000000   0.99250222462242
     228.00000000000   0.99283192377718
     229.00000000000   0.99317170583297
     230.00000000000   0.99352289110305
     231.00000000000   0.99388688079227
     232.00000000000   0.99426500643368
     233.00000000000   0.99465828451779
     234.00000000000   0.99506707459368
     235.00000000000   0.99549066727338
     236.00000000000   0.99592686409965
     237.00000000000   0.99637164414051
     238.00000000000   0.99681902844327
     239.00000000000   0.99726123993835
     240.00000000000   0.99768920723299
     241.00000000000   0.99809338288532
     242.00000000000   0.99846476050600
     243.00000000000   0.99879590846101
     244.00000000000   0.99908181627780
     245.00000000000   0.99932038448178
     246.00000000000   0.99951247107747
     247.00000000000   0.99966151244226
     248.00000000000   0.99977282996039
     249.00000000000   0.99985278899284
     250.00000000000   0.99990798204625
     251.00000000000   0.99994456961130
     252.00000000000   0.99996784936596
     253.00000000000   0.99998206018793
     254.00000000000   0.99999037947534
     255.00000000000   0.99999504858776
     256.00000000000   0.99999756012507
     257.00000000000   0.99999885460433
     258.00000000000   0.99999949376228
     259.00000000000   0.99999979603468
     260.00000000000   0.99999993293227
     261.00000000000   0.99999999229837
     262.00000000000    1.0000000169458
     263.00000000000    1.0000000267419
     264.00000000000    1.0000000304686
     265.00000000000    1.0000000318256
     266.00000000000    1.0000000322984
     267.00000000000    1.0000000324561
     268.00000000000    1.0000000325064
     269.00000000000    1.0000000325218
     270.00000000000    1.0000000325263
     271.00000000000    1.0000000325275
     272.00000000000    1.0000000325279
     273.00000000000    1.0000000325280
     274.00000000000    1.0000000325280
     275.00000000000    1.0000000325280
     276.00000000000    1.0000000325280
     277.00000000000    1.0000000325280
     278.00000000000    1.0000000325280
     279.00000000000    1.0000000325280
     280.00000000000    1.0000000325280
     281.00000000000    1.0000000325280
     282.00000000000    1.0000000325280
     283.00000000000    1.0000000325280
     284.00000000000    1.0000000325280
     285.00000000000    1.0000000325280
     286.00000000000    1.0000000325280
     287.00000000000    1.0000000325280
     288.00000000000    1.0000000325280
     289.00000000000    1.0000000325280
     290.00000000000    1.0000000325280
     291.00000000000    1.0000000325280
     292.00000000000    1.0000000325280
     293.00000000000    1.0000000325280
     294.00000000000    1.0000000325280
     295.00000000000    1.0000000325280
     296.00000000000    1.0000000325280
     297.00000000000    1.0000000325280
     298.00000000000    1.0000000325280
     299.00000000000    1.0000000325280
     300.00000000000    1.0000000325280
     301.00000000000    1.0000000325280
     302.00000000000    1.0000000325280
     303.00000000000    1.0000000325280
     304.00000000000    1.0000000325280
     305.00000000000    1.0000000325280
     306.00000000000    1.0000000325280
     307.00000000000    1.0000000325280
     308.00000000000    1.0000000325280
     309.00000000000    1.0000000325280
     310.00000000000    1.0000000325280
     311.00000000000    1.0000000325280
     312.00000000000    1.0000000325280
     313.00000000000    1.0000000325280
     314.00000000000    1.0000000325280
     315.00000000000    1.0000000325280
     316.00000000000    1.0000000325280
     317.00000000000    1.0000000325280
     318.00000000000    1.0000000325280
     319.00000000000    1.0000000325280
     320.00000000000    1.0000000325280
     321.00000000000    1.0000000325280
     322.00000000000    1.0000000325280
     323.00000000000    1.0000000325280
     324.00000000000    1.0000000325280
     325.00000000000    1.0000000325280
     326.00000000000    1.0000000325280
     327.00000000000    1.0000000325280
     328.00000000000    1.0000000325280
     329.00000000000    1.0000000325280
     330.00000000000    1.0000000325280
     331.00000000000    1.0000000325280
     332.00000000000    1.0000000325280
     333.00000000000    1.0000000325280
     334.00000000000    1.0000000325280
     335.00000000000    1.0000000325280
     336.00000000000    1.0000000325280
     337.00000000000    1.0000000325280
     338.00000000000    1.0000000325280
     339.00000000000    1.0000000325280
     340.00000000000    1.0000000325280
     341.00000000000    1.0000000325280
     342.00000000000    1.0000000325280
     343.00000000000    1.0000000325280
     344.00000000000    1.0000000325280
     345.00000000000    1.0000000325280
     346.00000000000    1.0000000325280
     347.00000000000    1.0000000325280
     348.00000000000    1.0000000325280
     349.00000000000    1.0000000325280
     350.00000000000    1.0000000325280
     351.00000000000    1.0000000325280
     352.00000000000    1.0000000325280
     353.00000000000    1.0000000325280
     354.00000000000    1.0000000325280
     355.00000000000    1.0000000325280
     356.00000000000    1.0000000325280
     357.00000000000    1.0000000325280
     358.00000000000    1.0000000325280
     359.00000000000    1.0000000325280
     360.00000000000    1.0000000325280
     361.00000000000    1.0000000325280
     362.00000000000    1.0000000325280
     363.00000000000    1.0000000325280
     364.00000000000    1.0000000325280
     365.00000000000    1.0000000325280
     366.00000000000    1.0000000325280
     367.00000000000    1.0000000325280
     368.00000000000    1.0000000325280
     369.00000000000    1.0000000325280
     370.00000000000    1.0000000325280
     371.00000000000    1.0000000325280
     372.00000000000    1.0000000325280
     373.00000000000    1.0000000325280
     374.00000000000    1.0000000325280
     375.00000000000    1.0000000325280
     376.00000000000    1.0000000325280
     377.00000000000    1.0000000325280
     378.00000000000    1.0000000325280
     379.00000000000    1.0000000325280
     380.00000000000    1.0000000325280
     381.00000000000    1.0000000325280
     382.00000000000    1.0000000325280
     383.00000000000    1.0000000325280
     384.00000000000    1.0000000325280
     385.00000000000    1.0000000325280
     386.00000000000    1.0000000325280
     387.00000000000    1.0000000325280
     388.00000000000    1.0000000325280
     389.00000000000    1.0000000325280
     390.00000000000    1.0000000325280
     391.00000000000    1.0000000325280
     392.00000000000    1.0000000325280
     393.00000000000    1.0000000325280
     394.00000000000    1.0000000325280
     395.00000000000    1.0000000325280
     396.00000000000    1.0000000325280
     397.00000000000    1.0000000325280
     398.00000000000    1.0000000325280
     399.00000000000    1.0000000325280
     400.00000000000    1.0000000325280
     401.00000000000    1.0000000325280
     402.00000000000    1.0000000325280
     403.00000000000    1.0000000325280
     404.00000000000    1.0000000325280
     405.00000000000    1.0000000325280
     406.00000000000    1.0000000325280
     407.00000000000    1.0000000325280
     408.00000000000    1.0000000325280
     409.00000000000    1.0000000325280
     410.00000000000    1.0000000325280
     411.00000000000    1.0000000325280
     412.00000000000    1.0000000325280
     413.00000000000    1.0000000325280
     414.00000000000    1.0000000325280
     415.00000000000    1.0000000325280
     416.00000000000    1.0000000325280
     417.00000000000    1.0000000325280
     418.00000000000    1.0000000325280
     419.00000000000    1.0000000325280
     420.00000000000    1.0000000325280
     421.00000000000    1.0000000325280
     422.00000000000    1.0000000325280
     423.00000000000    1.0000000325280
     424.00000000000    1.0000000325280
     425.00000000000    1.0000000325280
     426.00000000000    1.0000000325280
     427.00000000000    1.0000000325280
     428.00000000000    1.0000000325280
     429.00000000000    1.0000000325280
     430.00000000000    1.0000000325280
     431.00000000000    1.0000000325280
     432.00000000000    1.0000000325280
     433.00000000000    1.0000000325280
     434.00000000000    1.0000000325280
     435.00000000000    1.0000000325280
     436.00000000000    1.0000000325280
     437.00000000000    1.0000000325280
     438.00000000000    1.0000000325280
     439.00000000000    1.0000000325280
     440.00000000000    1.0000000325280
     441.00000000000    1.0000000325280
     442.00000000000    1.0000000325280
     443.00000000000    1.0000000325280
     444.00000000000    1.0000000325280
     445.00000000000    1.0000000325280
     446.00000000000    1.0000000325280
     447.00000000000    1.0000000325280
     448.00000000000    1.0000000325280
     449.00000000000    1.0000000325280
     450.00000000000    1.0000000325280
     451.00000000000    1.0000000325280
     452.00000000000    1.0000000325280
     453.00000000000    1.0000000325280
     454.00000000000    1.0000000325280
     455.00000000000    1.0000000325280
     456.00000000000    1.0000000325280
     457.00000000000    1.0000000325280
     458.00000000000    1.0000000325280
     459.00000000000    1.0000000325280
     460.00000000000    1.0000000325280
     461.00000000000    1.0000000325280
     462.00000000000    1.0000000325280
     463.00000000000    1.0000000325280
     464.00000000000    1.0000000325280
     465.00000000000    1.0000000325280
     466.00000000000    1.0000000325280
     467.00000000000    1.0000000325280
     468.00000000000    1.0000000325280
     469.00000000000    1.0000000325280
     470.00000000000    1.0000000325280
     471.00000000000    1.0000000325280
     472.00000000000    1.0000000325280
     473.00000000000    1.0000000325280
     474.00000000000    1.0000000325280
     475.00000000000    1.0000000325280
     476.00000000000    1.0000000325280
     477.00000000000    1.0000000325280
     478.00000000000    1.0000000325280
     479.00000000000    1.0000000325280
     480.00000000000    1.0000000325280
     481.00000000000    1.0000000325280
     482.00000000000    1.0000000325280
     483.00000000000    1.0000000325280
     484.00000000000    1.0000000325280
     485.00000000000    1.0000000325280
     486.00000000000    1.0000000325280
     487.00000000000    1.0000000325280
     488.00000000000    1.0000000325280
     489.00000000000    1.0000000325280
     490.00000000000    1.0000000325280
     491.00000000000    1.0000000325280
     492.00000000000    1.0000000325280
     493.00000000000    1.0000000325280
     494.00000000000    1.0000000325280
     495.00000000000    1.0000000325280
     496.00000000000    1.0000000325280
     497.00000000000    1.0000000325280
     498.00000000000    1.0000000325280
     499.00000000000    1.0000000325280
     500.00000000000    1.0000000325280
