    -500.00000000000    1.0000000325280
    -499.00000000000    1.0000000325280
    -498.00000000000    1.0000000325280
    -497.00000000000    1.0000000325280
    -496.00000000000    1.0000000325280
    -495.00000000000    1.0000000325280
    -494.00000000000    1.0000000325280
    -493.00000000000    1.0000000325280
    -492.00000000000    1.0000000325280
    -491.00000000000    1.0000000325280
    -490.00000000000    1.0000000325280
    -489.00000000000    1.0000000325280
    -488.00000000000    1.0000000325280
    -487.00000000000    1.0000000325280
    -486.00000000000    1.0000000325280
    -485.00000000000    1.0000000325280
    -484.00000000000    1.0000000325280
    -483.00000000000    1.0000000325280
    -482.00000000000    1.0000000325280
    -481.00000000000    1.0000000325280
    -480.00000000000    1.0000000325280
    -479.00000000000    1.0000000325280
    -478.00000000000    1.0000000325280
    -477.00000000000    1.0000000325280
    -476.00000000000    1.0000000325280
    -475.00000000000    1.0000000325280
    -474.00000000000    1.0000000325280
    -473.00000000000    1.0000000325280
    -472.00000000000    1.0000000325280
    -471.00000000000    1.0000000325280
    -470.00000000000    1.0000000325280
    -469.00000000000    1.0000000325280
    -468.00000000000    1.0000000325280
    -467.00000000000    1.0000000325280
    -466.00000000000    1.0000000325280
    -465.00000000000    1.0000000325280
    -464.00000000000    1.0000000325280
    -463.00000000000    1.0000000325280
    -462.00000000000    1.0000000325280
    -461.00000000000    1.0000000325280
    -460.00000000000    1.0000000325280
    -459.00000000000    1.0000000325280
    -458.00000000000    1.0000000325280
    -457.00000000000    1.0000000325280
    -456.00000000000    1.0000000325280
    -455.00000000000    1.0000000325280
    -454.00000000000    1.0000000325280
    -453.00000000000    1.0000000325280
    -452.00000000000    1.0000000325280
    -451.00000000000    1.0000000325280
    -450.00000000000    1.0000000325280
    -449.00000000000    1.0000000325280
    -448.00000000000    1.0000000325280
    -447.00000000000    1.0000000325280
    -446.00000000000    1.0000000325280
    -445.00000000000    1.0000000325280
    -444.00000000000    1.0000000325280
    -443.00000000000    1.0000000325280
    -442.00000000000    1.0000000325280
    -441.00000000000    1.0000000325280
    -440.00000000000    1.0000000325280
    -439.00000000000    1.0000000325280
    -438.00000000000    1.0000000325280
    -437.00000000000    1.0000000325280
    -436.00000000000    1.0000000325280
    -435.00000000000    1.0000000325280
    -434.00000000000    1.0000000325280
    -433.00000000000    1.0000000325280
    -432.00000000000    1.0000000325280
    -431.00000000000    1.0000000325280
    -430.00000000000    1.0000000325280
    -429.00000000000    1.0000000325280
    -428.00000000000    1.0000000325280
    -427.00000000000    1.0000000325280
    -426.00000000000    1.0000000325280
    -425.00000000000    1.0000000325280
    -424.00000000000    1.0000000325280
    -423.00000000000    1.0000000325280
    -422.00000000000    1.0000000325280
    -421.00000000000    1.0000000325280
    -420.00000000000    1.0000000325280
    -419.00000000000    1.0000000325280
    -418.00000000000    1.0000000325280
    -417.00000000000    1.0000000325280
    -416.00000000000    1.0000000325280
    -415.00000000000    1.0000000325280
    -414.00000000000    1.0000000325280
    -413.00000000000    1.0000000325280
    -412.00000000000    1.0000000325280
    -411.00000000000    1.0000000325280
    -410.00000000000    1.0000000325280
    -409.00000000000    1.0000000325280
    -408.00000000000    1.0000000325280
    -407.00000000000    1.0000000325280
    -406.00000000000    1.0000000325280
    -405.00000000000    1.0000000325280
    -404.00000000000    1.0000000325280
    -403.00000000000    1.0000000325280
    -402.00000000000    1.0000000325280
    -401.00000000000    1.0000000325280
    -400.00000000000    1.0000000325280
    -399.00000000000    1.0000000325280
    -398.00000000000    1.0000000325280
    -397.00000000000    1.0000000325280
    -396.00000000000    1.0000000325280
    -395.00000000000    1.0000000325280
    -394.00000000000    1.0000000325280
    -393.00000000000    1.0000000325280
    -392.00000000000    1.0000000325280
    -391.00000000000    1.0000000325280
    -390.00000000000    1.0000000325280
    -389.00000000000    1.0000000325280
    -388.00000000000    1.0000000325280
    -387.00000000000    1.0000000325280
    -386.00000000000    1.0000000325280
    -385.00000000000    1.0000000325280
    -384.00000000000    1.0000000325280
    -383.00000000000    1.0000000325280
    -382.00000000000    1.0000000325280
    -381.00000000000    1.0000000325280
    -380.00000000000    1.0000000325280
    -379.00000000000    1.0000000325280
    -378.00000000000    1.0000000325280
    -377.00000000000    1.0000000325280
    -376.00000000000    1.0000000325280
    -375.00000000000    1.0000000325280
    -374.00000000000    1.0000000325280
    -373.00000000000    1.0000000325280
    -372.00000000000    1.0000000325280
    -371.00000000000    1.0000000325280
    -370.00000000000    1.0000000325280
    -369.00000000000    1.0000000325280
    -368.00000000000    1.0000000325280
    -367.00000000000    1.0000000325280
    -366.00000000000    1.0000000325280
    -365.00000000000    1.0000000325280
    -364.00000000000    1.0000000325280
    -363.00000000000    1.0000000325280
    -362.00000000000    1.0000000325280
    -361.00000000000    1.0000000325280
    -360.00000000000    1.0000000325280
    -359.00000000000    1.0000000325280
    -358.00000000000    1.0000000325280
    -357.00000000000    1.0000000325280
    -356.00000000000    1.0000000325280
    -355.00000000000    1.0000000325280
    -354.00000000000    1.0000000325280
    -353.00000000000    1.0000000325280
    -352.00000000000    1.0000000325280
    -351.00000000000    1.0000000325280
    -350.00000000000    1.0000000325280
    -349.00000000000    1.0000000325280
    -348.00000000000    1.0000000325280
    -347.00000000000    1.0000000325280
    -346.00000000000    1.0000000325280
    -345.00000000000    1.0000000325280
    -344.00000000000    1.0000000325280
    -343.00000000000    1.0000000325280
    -342.00000000000    1.0000000325280
    -341.00000000000    1.0000000325280
    -340.00000000000    1.0000000325280
    -339.00000000000    1.0000000325280
    -338.00000000000    1.0000000325280
    -337.00000000000    1.0000000325280
    -336.00000000000    1.0000000325280
    -335.00000000000    1.0000000325280
    -334.00000000000    1.0000000325280
    -333.00000000000    1.0000000325280
    -332.00000000000    1.0000000325280
    -331.00000000000    1.0000000325280
    -330.00000000000    1.0000000325280
    -329.00000000000    1.0000000325280
    -328.00000000000    1.0000000325280
    -327.00000000000    1.0000000325280
    -326.00000000000    1.0000000325280
    -325.00000000000    1.0000000325280
    -324.00000000000    1.0000000325280
    -323.00000000000    1.0000000325280
    -322.00000000000    1.0000000325280
    -321.00000000000    1.0000000325280
    -320.00000000000    1.0000000325280
    -319.00000000000    1.0000000325280
    -318.00000000000    1.0000000325280
    -317.00000000000    1.0000000325280
    -316.00000000000    1.0000000325280
    -315.00000000000    1.0000000325280
    -314.00000000000    1.0000000325280
    -313.00000000000    1.0000000325280
    -312.00000000000    1.0000000325280
    -311.00000000000    1.0000000325280
    -310.00000000000    1.0000000325280
    -309.00000000000    1.0000000325280
    -308.00000000000    1.0000000325280
    -307.00000000000    1.0000000325280
    -306.00000000000    1.0000000325280
    -305.00000000000    1.0000000325280
    -304.00000000000    1.0000000325280
    -303.00000000000    1.0000000325280
    -302.00000000000    1.0000000325280
    -301.00000000000    1.0000000325280
    -300.00000000000    1.0000000325280
    -299.00000000000    1.0000000325280
    -298.00000000000    1.0000000325280
    -297.00000000000    1.0000000325280
    -296.00000000000    1.0000000325280
    -295.00000000000    1.0000000325280
    -294.00000000000    1.0000000325280
    -293.00000000000    1.0000000325280
    -292.00000000000    1.0000000325280
    -291.00000000000    1.0000000325280
    -290.00000000000    1.0000000325280
    -289.00000000000    1.0000000325280
    -288.00000000000    1.0000000325280
    -287.00000000000    1.0000000325280
    -286.00000000000    1.0000000325280
    -285.00000000000    1.0000000325280
    -284.00000000000    1.0000000325280
    -283.00000000000    1.0000000325280
    -282.00000000000    1.0000000325280
    -281.00000000000    1.0000000325280
    -280.00000000000    1.0000000325280
    -279.00000000000    1.0000000325280
    -278.00000000000    1.0000000325280
    -277.00000000000    1.0000000325280
    -276.00000000000    1.0000000325280
    -275.00000000000    1.0000000325279
    -274.00000000000    1.0000000325275
    -273.00000000000    1.0000000325263
    -272.00000000000    1.0000000325219
    -271.00000000000    1.0000000325068
    -270.00000000000    1.0000000324575
    -269.00000000000    1.0000000323028
    -268.00000000000    1.0000000318388
    -267.00000000000    1.0000000305075
    -266.00000000000    1.0000000268514
    -265.00000000000    1.0000000172409
    -264.00000000000   0.99999999306061
    -263.00000000000   0.99999993482053
    -262.00000000000   0.99999980052140
    -261.00000000000   0.99999950399080
    -260.00000000000   0.99999887698379
    -259.00000000000   0.99999760713484
    -258.00000000000   0.99999514342889
    -257.00000000000   0.99999056332531
    -256.00000000000   0.99998240279785
    -255.00000000000   0.99996846347211
    -254.00000000000   0.99994562901493
    -253.00000000000   0.99990974221799
    -252.00000000000   0.99985560778617
    -251.00000000000   0.99977718475375
    -250.00000000000   0.99966800920047
    -249.00000000000   0.99952184089725
    -248.00000000000   0.99933346448555
    -247.00000000000   0.99909951423125
    -246.00000000000   0.99881915376582
    -245.00000000000   0.99849444743582
    -244.00000000000   0.99813031413631
    -243.00000000000   0.99773404630296
    -242.00000000000   0.99731447929546
    -241.00000000000   0.99688097728904
    -240.00000000000   0.99644243570438
    -239.00000000000   0.99600647889293
    -238.00000000000   0.99557896644655
    -237.00000000000   0.99516383688198
    -236.00000000000   0.99476324109131
    -235.00000000000   0.99437786976435
    -234.00000000000   0.99400736574029
    -233.00000000000   0.99365072823931
    -232.00000000000   0.99330664822425
    -231.00000000000   0.99297374900359
    -230.00000000000   0.99265073380121
    -229.00000000000   0.99233645825481
    -228.00000000000   0.99202995134241
    -227.00000000000   0.99173040639879
    -226.00000000000   0.99143715849339
    -225.00000000000   0.99114965846346
    -224.00000000000   0.99086744898687
    -223.00000000000   0.99059014477419
    -222.00000000000   0.99031741710597
    -221.00000000000   0.99004898211783
    -220.00000000000   0.98978459201322
    -219.00000000000   0.98952402844692
    -218.00000000000   0.98926709748012
    -217.00000000000   0.98901362566869
    -216.00000000000   0.98876345697608
    -215.00000000000   0.98851645029611
    -214.00000000000   0.98827247743609
    -213.00000000000   0.98803142145379
    -212.00000000000   0.98779317527151
    -211.00000000000   0.98755764051022
    -210.00000000000   0.98732472650090
    -209.00000000000   0.98709434944018
    -208.00000000000   0.98686643166444
    -207.00000000000   0.98664090102229
    -206.00000000000   0.98641769032902
    -205.00000000000   0.98619673689016
    -204.00000000000   0.98597798208343
    -203.00000000000   0.98576137099045
    -202.00000000000   0.98554685207095
    -201.00000000000   0.98533437687359
    -200.00000000000   0.98512389977847
    -199.00000000000   0.98491537776688
    -198.00000000000   0.98470877021513
    -197.00000000000   0.98450403870915
    -196.00000000000   0.98430114687740
    -195.00000000000   0.98410006023996
    -194.00000000000   0.98390074607184
    -193.00000000000   0.98370317327892
    -192.00000000000   0.98350731228502
    -191.00000000000   0.98331313492907
    -190.00000000000   0.98312061437105
    -189.00000000000   0.98292972500607
    -188.00000000000   0.98274044238542
    -187.00000000000   0.98255274314420
    -186.00000000000   0.98236660493470
    -185.00000000000   0.98218200636500
    -184.00000000000   0.98199892694229
    -183.00000000000   0.98181734702058
    -182.00000000000   0.98163724775218
    -181.00000000000   0.98145861104282
    -180.00000000000   0.98128141950999
    -179.00000000000   0.98110565644418
    -178.00000000000   0.98093130577289
    -177.00000000000   0.98075835202703
    -176.00000000000   0.98058678030968
    -175.00000000000   0.98041657626684
    -174.00000000000   0.98024772606013
    -173.00000000000   0.98008021634126
    -172.00000000000   0.97991403422814
    -171.00000000000   0.97974916728239
    -170.00000000000   0.97958560348836
    -169.00000000000   0.97942333123335
    -168.00000000000   0.97926233928907
    -167.00000000000   0.97910261679411
    -166.00000000000   0.97894415323754
    -165.00000000000   0.97878693844338
    -164.00000000000   0.97863096255601
    -163.00000000000   0.97847621602631
    -162.00000000000   0.97832268959871
    -161.00000000000   0.97817037429879
    -160.00000000000   0.97801926142167
    -159.00000000000   0.97786934252096
    -158.00000000000   0.97772060939832
    -157.00000000000   0.97757305409355
    -156.00000000000   0.97742666887519
    -155.00000000000   0.97728144623162
    -154.00000000000   0.97713737886255
    -153.00000000000   0.97699445967105
    -152.00000000000   0.97685268175581
    -151.00000000000   0.97671203840396
    -150.00000000000   0.97657252308403
    -149.00000000000   0.97643412943947
    -148.00000000000   0.97629685128227
    -147.00000000000   0.97616068258701
    -146.00000000000   0.97602561748517
    -145.00000000000   0.97589165025961
    -144.00000000000   0.97575877533940
    -143.00000000000   0.97562698729484
    -142.00000000000   0.97549628083272
    -141.00000000000   0.97536665079173
    -140.00000000000   0.97523809213816
    -139.00000000000   0.97511059996171
    -138.00000000000   0.97498416947151
    -137.00000000000   0.97485879599229
    -136.00000000000   0.97473447496078
    -135.00000000000   0.97461120192212
    -134.00000000000   0.97448897252657
    -133.00000000000   0.97436778252624
    -132.00000000000   0.97424762777202
    -131.00000000000   0.97412850421062
    -130.00000000000   0.97401040788166
    -129.00000000000   0.97389333491502
    -128.00000000000   0.97377728152810
    -127.00000000000   0.97366224402339
    -126.00000000000   0.97354821878597
    -125.00000000000   0.97343520228116
    -124.00000000000   0.97332319105234
    -123.00000000000   0.97321218171868
    -122.00000000000   0.97310217097312
    -121.00000000000   0.97299315558036
    -120.00000000000   0.97288513237485
    -119.00000000000   0.97277809825901
    -118.00000000000   0.97267205020135
    -117.00000000000   0.97256698523481
    -116.00000000000   0.97246290045500
    -115.00000000000   0.97235979301865
    -114.00000000000   0.97225766014203
    -113.00000000000   0.97215649909940
    -112.00000000000   0.97205630722164
    -111.00000000000   0.97195708189476
    -110.00000000000   0.97185882055860
    -109.00000000000   0.97176152070548
    -108.00000000000   0.97166517987898
    -107.00000000000   0.97156979567266
    -106.00000000000   0.97147536572890
   -105.000000000000   0.97138188773776
   -104.000000000000   0.97128935943586
   -103.000000000000   0.97119777860531
   -102.000000000000   0.97110714307269
   -101.000000000000   0.97101745070800
   -100.000000000000   0.97092869942372
    -99.000000000000   0.97084088717389
    -98.000000000000   0.97075401195314
    -97.000000000000   0.97066807179584
    -96.000000000000   0.97058306477526
    -95.000000000000   0.97049898900268
    -94.000000000000   0.97041584262667
    -93.000000000000   0.97033362383223
    -92.000000000000   0.97025233084009
    -91.000000000000   0.97017196190593
    -90.000000000000   0.97009251531974
    -89.000000000000   0.97001398940503
    -88.000000000000   0.96993638251827
    -87.000000000000   0.96985969304814
    -86.000000000000   0.96978391941498
    -85.000000000000   0.96970906007014
    -84.000000000000   0.96963511349538
    -83.000000000000   0.96956207820231
    -82.000000000000   0.96948995273186
    -81.000000000000   0.96941873565365
    -80.000000000000   0.96934842556558
    -79.000000000000   0.96927902109321
    -78.000000000000   0.96921052088933
    -77.000000000000   0.96914292363345
    -76.000000000000   0.96907622803136
    -75.000000000000   0.96901043281462
    -74.000000000000   0.96894553674018
    -73.000000000000   0.96888153858990
    -72.000000000000   0.96881843717016
    -71.000000000000   0.96875623131145
    -70.000000000000   0.96869491986797
    -69.000000000000   0.96863450171726
    -68.000000000000   0.96857497575980
    -67.000000000000   0.96851634091868
    -66.000000000000   0.96845859613922
    -65.000000000000   0.96840174038865
    -64.000000000000   0.96834577265577
    -63.000000000000   0.96829069195062
    -62.000000000000   0.96823649730420
    -61.000000000000   0.96818318776809
    -60.000000000000   0.96813076241424
    -59.000000000000   0.96807922033464
    -58.000000000000   0.96802856064103
    -57.000000000000   0.96797878246466
    -56.000000000000   0.96792988495598
    -55.000000000000   0.96788186728445
    -54.000000000000   0.96783472863823
    -53.000000000000   0.96778846822396
    -52.000000000000   0.96774308526653
    -51.000000000000   0.96769857900886
    -50.000000000000   0.96765494871165
    -49.000000000000   0.96761219365318
    -48.000000000000   0.96757031312911
    -47.000000000000   0.96752930645227
    -46.000000000000   0.96748917295246
    -45.000000000000   0.96744991197624
    -44.000000000000   0.96741152288682
    -43.000000000000   0.96737400506378
    -42.000000000000   0.96733735790295
    -41.000000000000   0.96730158081625
    -40.000000000000   0.96726667323151
    -39.000000000000   0.96723263459232
    -38.000000000000   0.96719946435783
    -37.000000000000   0.96716716200269
    -36.000000000000   0.96713572701685
    -35.000000000000   0.96710515890541
    -34.000000000000   0.96707545718852
    -33.000000000000   0.96704662140124
    -32.000000000000   0.96701865109343
    -31.000000000000   0.96699154582958
    -30.000000000000   0.96696530518873
    -29.000000000000   0.96693992876438
    -28.000000000000   0.96691541616437
    -27.000000000000   0.96689176701072
    -26.000000000000   0.96686898093958
    -25.000000000000   0.96684705760118
    -24.000000000000   0.96682599665966
    -23.000000000000   0.96680579779299
    -22.000000000000   0.96678646069292
    -21.000000000000   0.96676798506493
    -20.000000000000   0.96675037062807
    -19.000000000000   0.96673361711492
    -18.000000000000   0.96671772427156
    -17.000000000000   0.96670269185749
    -16.000000000000   0.96668851964553
    -15.000000000000   0.96667520742176
    -14.000000000000   0.96666275498554
    -13.000000000000   0.96665116214941
    -12.000000000000   0.96664042873904
    -11.000000000000   0.96663055459313
   -10.0000000000000   0.96662153956351
    -9.0000000000000   0.96661338351501
    -8.0000000000000   0.96660608632540
    -7.0000000000000   0.96659964788540
    -6.0000000000000   0.96659406809866
    -5.0000000000000   0.96658934688178
    -4.0000000000000   0.96658548416414
    -3.0000000000000   0.96658247988802
    -2.0000000000000   0.96658033400854
    -1.0000000000000   0.96657904649369
   0.   0.96657861732422
     1.0000000000000   0.96657904649369
     2.0000000000000   0.96658033400854
     3.0000000000000   0.96658247988802
     4.0000000000000   0.96658548416414
     5.0000000000000   0.96658934688178
     6.0000000000000   0.96659406809866
     7.0000000000000   0.96659964788540
     8.0000000000000   0.96660608632540
     9.0000000000000   0.96661338351501
    10.0000000000000   0.96662153956351
     11.000000000000   0.96663055459313
     12.000000000000   0.96664042873904
     13.000000000000   0.96665116214941
     14.000000000000   0.96666275498554
     15.000000000000   0.96667520742176
     16.000000000000   0.96668851964553
     17.000000000000   0.96670269185749
     18.000000000000   0.96671772427156
     19.000000000000   0.96673361711492
     20.000000000000   0.96675037062807
     21.000000000000   0.96676798506493
     22.000000000000   0.96678646069292
     23.000000000000   0.96680579779299
     24.000000000000   0.96682599665966
     25.000000000000   0.96684705760118
     26.000000000000   0.96686898093958
     27.000000000000   0.96689176701072
     28.000000000000   0.96691541616437
     29.000000000000   0.96693992876438
     30.000000000000   0.96696530518873
     31.000000000000   0.96699154582958
     32.000000000000   0.96701865109343
     33.000000000000   0.96704662140124
     34.000000000000   0.96707545718852
     35.000000000000   0.96710515890541
     36.000000000000   0.96713572701685
     37.000000000000   0.96716716200269
     38.000000000000   0.96719946435783
     39.000000000000   0.96723263459232
     40.000000000000   0.96726667323151
     41.000000000000   0.96730158081625
     42.000000000000   0.96733735790295
     43.000000000000   0.96737400506378
     44.000000000000   0.96741152288682
     45.000000000000   0.96744991197624
     46.000000000000   0.96748917295246
     47.000000000000   0.96752930645227
     48.000000000000   0.96757031312911
     49.000000000000   0.96761219365318
     50.000000000000   0.96765494871165
     51.000000000000   0.96769857900886
     52.000000000000   0.96774308526653
     53.000000000000   0.96778846822396
     54.000000000000   0.96783472863823
     55.000000000000   0.96788186728445
     56.000000000000   0.96792988495598
     57.000000000000   0.96797878246466
     58.000000000000   0.96802856064103
     59.000000000000   0.96807922033464
     60.000000000000   0.96813076241424
     61.000000000000   0.96818318776809
     62.000000000000   0.96823649730420
     63.000000000000   0.96829069195062
     64.000000000000   0.96834577265577
     65.000000000000   0.96840174038865
     66.000000000000   0.96845859613922
     67.000000000000   0.96851634091868
     68.000000000000   0.96857497575980
     69.000000000000   0.96863450171726
     70.000000000000   0.96869491986797
     71.000000000000   0.96875623131145
     72.000000000000   0.96881843717016
     73.000000000000   0.96888153858990
     74.000000000000   0.96894553674018
     75.000000000000   0.96901043281462
     76.000000000000   0.96907622803136
     77.000000000000   0.96914292363345
     78.000000000000   0.96921052088933
     79.000000000000   0.96927902109321
     80.000000000000   0.96934842556558
     81.000000000000   0.96941873565365
     82.000000000000   0.96948995273186
     83.000000000000   0.96956207820231
     84.000000000000   0.96963511349537
     85.000000000000   0.96970906007014
     86.000000000000   0.96978391941498
     87.000000000000   0.96985969304814
     88.000000000000   0.96993638251827
     89.000000000000   0.97001398940503
     90.000000000000   0.97009251531974
     91.000000000000   0.97017196190593
     92.000000000000   0.97025233084009
     93.000000000000   0.97033362383223
     94.000000000000   0.97041584262667
     95.000000000000   0.97049898900268
     96.000000000000   0.97058306477526
     97.000000000000   0.97066807179584
     98.000000000000   0.97075401195314
     99.000000000000   0.97084088717389
    100.000000000000   0.97092869942372
    101.000000000000   0.97101745070800
    102.000000000000   0.97110714307269
    103.000000000000   0.97119777860531
    104.000000000000   0.97128935943586
    105.000000000000   0.97138188773776
     106.00000000000   0.97147536572890
     107.00000000000   0.97156979567266
     108.00000000000   0.97166517987898
     109.00000000000   0.97176152070548
     110.00000000000   0.97185882055860
     111.00000000000   0.97195708189476
     112.00000000000   0.97205630722164
     113.00000000000   0.97215649909940
     114.00000000000   0.97225766014203
     115.00000000000   0.97235979301865
     116.00000000000   0.97246290045500
     117.00000000000   0.97256698523481
     118.00000000000   0.97267205020135
     119.00000000000   0.97277809825901
     120.00000000000   0.97288513237485
     121.00000000000   0.97299315558036
     122.00000000000   0.97310217097312
     123.00000000000   0.97321218171868
     124.00000000000   0.97332319105234
     125.00000000000   0.97343520228116
     126.00000000000   0.97354821878597
     127.00000000000   0.97366224402339
     128.00000000000   0.97377728152810
     129.00000000000   0.97389333491502
     130.00000000000   0.97401040788166
     131.00000000000   0.97412850421062
     132.00000000000   0.97424762777202
     133.00000000000   0.97436778252624
     134.00000000000   0.97448897252657
     135.00000000000   0.97461120192212
     136.00000000000   0.97473447496078
     137.00000000000   0.97485879599229
     138.00000000000   0.97498416947151
     139.00000000000   0.97511059996171
     140.00000000000   0.97523809213816
     141.00000000000   0.97536665079173
     142.00000000000   0.97549628083272
     143.00000000000   0.97562698729484
     144.00000000000   0.97575877533940
     145.00000000000   0.97589165025961
     146.00000000000   0.97602561748517
     147.00000000000   0.97616068258701
     148.00000000000   0.97629685128226
     149.00000000000   0.97643412943947
     150.00000000000   0.97657252308403
     151.00000000000   0.97671203840396
     152.00000000000   0.97685268175581
     153.00000000000   0.97699445967105
     154.00000000000   0.97713737886255
     155.00000000000   0.97728144623162
     156.00000000000   0.97742666887519
     157.00000000000   0.97757305409355
     158.00000000000   0.97772060939832
     159.00000000000   0.97786934252096
     160.00000000000   0.97801926142167
     161.00000000000   0.97817037429879
     162.00000000000   0.97832268959871
     163.00000000000   0.97847621602631
     164.00000000000   0.97863096255601
     165.00000000000   0.97878693844338
     166.00000000000   0.97894415323754
     167.00000000000   0.97910261679411
     168.00000000000   0.97926233928907
     169.00000000000   0.97942333123335
     170.00000000000   0.97958560348836
     171.00000000000   0.97974916728239
     172.00000000000   0.97991403422814
     173.00000000000   0.98008021634126
     174.00000000000   0.98024772606013
     175.00000000000   0.98041657626684
     176.00000000000   0.98058678030968
     177.00000000000   0.98075835202703
     178.00000000000   0.98093130577289
     179.00000000000   0.98110565644418
     180.00000000000   0.98128141950999
     181.00000000000   0.98145861104282
     182.00000000000   0.98163724775218
     183.00000000000   0.98181734702058
     184.00000000000   0.98199892694229
     185.00000000000   0.98218200636500
     186.00000000000   0.98236660493470
     187.00000000000   0.98255274314420
     188.00000000000   0.98274044238542
     189.00000000000   0.98292972500607
     190.00000000000   0.98312061437105
     191.00000000000   0.98331313492907
     192.00000000000   0.98350731228502
     193.00000000000   0.98370317327892
     194.00000000000   0.98390074607184
     195.00000000000   0.98410006023996
     196.00000000000   0.98430114687740
     197.00000000000   0.98450403870915
     198.00000000000   0.98470877021513
     199.00000000000   0.98491537776688
     200.00000000000   0.98512389977847
     201.00000000000   0.98533437687359
     202.00000000000   0.98554685207095
     203.00000000000   0.98576137099045
     204.00000000000   0.98597798208343
     205.00000000000   0.98619673689016
     206.00000000000   0.98641769032902
     207.00000000000   0.98664090102229
     208.00000000000   0.98686643166444
     209.00000000000   0.98709434944017
     210.00000000000   0.98732472650090
     211.00000000000   0.98755764051022
     212.00000000000   0.98779317527151
     213.00000000000   0.98803142145379
     214.00000000000   0.98827247743609
     215.00000000000   0.98851645029611
     216.00000000000   0.98876345697608
     217.00000000000   0.98901362566869
     218.00000000000   0.98926709748012
     219.00000000000   0.98952402844692
     220.00000000000   0.98978459201322
     221.00000000000   0.99004898211783
     222.00000000000   0.99031741710597
     223.00000000000   0.99059014477419
     224.00000000000   0.99086744898687
     225.00000000000   0.99114965846346
     226.00000000000   0.99143715849339
     227.00000000000   0.99173040639879
     228.00000000000   0.99202995134241
     229.00000000000   0.99233645825481
     230.00000000000   0.99265073380121
     231.00000000000   0.99297374900359
     232.00000000000   0.99330664822425
     233.00000000000   0.99365072823931
     234.00000000000   0.99400736574029
     235.00000000000   0.99437786976435
     236.00000000000   0.99476324109131
     237.00000000000   0.99516383688198
     238.00000000000   0.99557896644655
     239.00000000000   0.99600647889293
     240.00000000000   0.99644243570438
     241.00000000000   0.99688097728904
     242.00000000000   0.99731447929546
     243.00000000000   0.99773404630296
     244.00000000000   0.99813031413631
     245.00000000000   0.99849444743582
     246.00000000000   0.99881915376582
     247.00000000000   0.99909951423125
     248.00000000000   0.99933346448555
     249.00000000000   0.99952184089725
     250.00000000000   0.99966800920047
     251.00000000000   0.99977718475375
     252.00000000000   0.99985560778617
     253.00000000000   0.99990974221799
     254.00000000000   0.99994562901493
     255.00000000000   0.99996846347211
     256.00000000000   0.99998240279785
     257.00000000000   0.99999056332531
     258.00000000000   0.99999514342889
     259.00000000000   0.99999760713484
     260.00000000000   0.99999887698379
     261.00000000000   0.99999950399080
     262.00000000000   0.99999980052140
     263.00000000000   0.99999993482053
     264.00000000000   0.99999999306061
     265.00000000000    1.0000000172409
     266.00000000000    1.0000000268514
     267.00000000000    1.0000000305075
     268.00000000000    1.0000000318388
     269.00000000000    1.0000000323028
     270.00000000000    1.0000000324575
     271.00000000000    1.0000000325068
     272.00000000000    1.0000000325219
     273.00000000000    1.0000000325263
     274.00000000000    1.0000000325275
     275.00000000000    1.0000000325279
     276.00000000000    1.0000000325280
     277.00000000000    1.0000000325280
     278.00000000000    1.0000000325280
     279.00000000000    1.0000000325280
     280.00000000000    1.0000000325280
     281.00000000000    1.0000000325280
     282.00000000000    1.0000000325280
     283.00000000000    1.0000000325280
     284.00000000000    1.0000000325280
     285.00000000000    1.0000000325280
     286.00000000000    1.0000000325280
     287.00000000000    1.0000000325280
     288.00000000000    1.0000000325280
     289.00000000000    1.0000000325280
     290.00000000000    1.0000000325280
     291.00000000000    1.0000000325280
     292.00000000000    1.0000000325280
     293.00000000000    1.0000000325280
     294.00000000000    1.0000000325280
     295.00000000000    1.0000000325280
     296.00000000000    1.0000000325280
     297.00000000000    1.0000000325280
     298.00000000000    1.0000000325280
     299.00000000000    1.0000000325280
     300.00000000000    1.0000000325280
     301.00000000000    1.0000000325280
     302.00000000000    1.0000000325280
     303.00000000000    1.0000000325280
     304.00000000000    1.0000000325280
     305.00000000000    1.0000000325280
     306.00000000000    1.0000000325280
     307.00000000000    1.0000000325280
     308.00000000000    1.0000000325280
     309.00000000000    1.0000000325280
     310.00000000000    1.0000000325280
     311.00000000000    1.0000000325280
     312.00000000000    1.0000000325280
     313.00000000000    1.0000000325280
     314.00000000000    1.0000000325280
     315.00000000000    1.0000000325280
     316.00000000000    1.0000000325280
     317.00000000000    1.0000000325280
     318.00000000000    1.0000000325280
     319.00000000000    1.0000000325280
     320.00000000000    1.0000000325280
     321.00000000000    1.0000000325280
     322.00000000000    1.0000000325280
     323.00000000000    1.0000000325280
     324.00000000000    1.0000000325280
     325.00000000000    1.0000000325280
     326.00000000000    1.0000000325280
     327.00000000000    1.0000000325280
     328.00000000000    1.0000000325280
     329.00000000000    1.0000000325280
     330.00000000000    1.0000000325280
     331.00000000000    1.0000000325280
     332.00000000000    1.0000000325280
     333.00000000000    1.0000000325280
     334.00000000000    1.0000000325280
     335.00000000000    1.0000000325280
     336.00000000000    1.0000000325280
     337.00000000000    1.0000000325280
     338.00000000000    1.0000000325280
     339.00000000000    1.0000000325280
     340.00000000000    1.0000000325280
     341.00000000000    1.0000000325280
     342.00000000000    1.0000000325280
     343.00000000000    1.0000000325280
     344.00000000000    1.0000000325280
     345.00000000000    1.0000000325280
     346.00000000000    1.0000000325280
     347.00000000000    1.0000000325280
     348.00000000000    1.0000000325280
     349.00000000000    1.0000000325280
     350.00000000000    1.0000000325280
     351.00000000000    1.0000000325280
     352.00000000000    1.0000000325280
     353.00000000000    1.0000000325280
     354.00000000000    1.0000000325280
     355.00000000000    1.0000000325280
     356.00000000000    1.0000000325280
     357.00000000000    1.0000000325280
     358.00000000000    1.0000000325280
     359.00000000000    1.0000000325280
     360.00000000000    1.0000000325280
     361.00000000000    1.0000000325280
     362.00000000000    1.0000000325280
     363.00000000000    1.0000000325280
     364.00000000000    1.0000000325280
     365.00000000000    1.0000000325280
     366.00000000000    1.0000000325280
     367.00000000000    1.0000000325280
     368.00000000000    1.0000000325280
     369.00000000000    1.0000000325280
     370.00000000000    1.0000000325280
     371.00000000000    1.0000000325280
     372.00000000000    1.0000000325280
     373.00000000000    1.0000000325280
     374.00000000000    1.0000000325280
     375.00000000000    1.0000000325280
     376.00000000000    1.0000000325280
     377.00000000000    1.0000000325280
     378.00000000000    1.0000000325280
     379.00000000000    1.0000000325280
     380.00000000000    1.0000000325280
     381.00000000000    1.0000000325280
     382.00000000000    1.0000000325280
     383.00000000000    1.0000000325280
     384.00000000000    1.0000000325280
     385.00000000000    1.0000000325280
     386.00000000000    1.0000000325280
     387.00000000000    1.0000000325280
     388.00000000000    1.0000000325280
     389.00000000000    1.0000000325280
     390.00000000000    1.0000000325280
     391.00000000000    1.0000000325280
     392.00000000000    1.0000000325280
     393.00000000000    1.0000000325280
     394.00000000000    1.0000000325280
     395.00000000000    1.0000000325280
     396.00000000000    1.0000000325280
     397.00000000000    1.0000000325280
     398.00000000000    1.0000000325280
     399.00000000000    1.0000000325280
     400.00000000000    1.0000000325280
     401.00000000000    1.0000000325280
     402.00000000000    1.0000000325280
     403.00000000000    1.0000000325280
     404.00000000000    1.0000000325280
     405.00000000000    1.0000000325280
     406.00000000000    1.0000000325280
     407.00000000000    1.0000000325280
     408.00000000000    1.0000000325280
     409.00000000000    1.0000000325280
     410.00000000000    1.0000000325280
     411.00000000000    1.0000000325280
     412.00000000000    1.0000000325280
     413.00000000000    1.0000000325280
     414.00000000000    1.0000000325280
     415.00000000000    1.0000000325280
     416.00000000000    1.0000000325280
     417.00000000000    1.0000000325280
     418.00000000000    1.0000000325280
     419.00000000000    1.0000000325280
     420.00000000000    1.0000000325280
     421.00000000000    1.0000000325280
     422.00000000000    1.0000000325280
     423.00000000000    1.0000000325280
     424.00000000000    1.0000000325280
     425.00000000000    1.0000000325280
     426.00000000000    1.0000000325280
     427.00000000000    1.0000000325280
     428.00000000000    1.0000000325280
     429.00000000000    1.0000000325280
     430.00000000000    1.0000000325280
     431.00000000000    1.0000000325280
     432.00000000000    1.0000000325280
     433.00000000000    1.0000000325280
     434.00000000000    1.0000000325280
     435.00000000000    1.0000000325280
     436.00000000000    1.0000000325280
     437.00000000000    1.0000000325280
     438.00000000000    1.0000000325280
     439.00000000000    1.0000000325280
     440.00000000000    1.0000000325280
     441.00000000000    1.0000000325280
     442.00000000000    1.0000000325280
     443.00000000000    1.0000000325280
     444.00000000000    1.0000000325280
     445.00000000000    1.0000000325280
     446.00000000000    1.0000000325280
     447.00000000000    1.0000000325280
     448.00000000000    1.0000000325280
     449.00000000000    1.0000000325280
     450.00000000000    1.0000000325280
     451.00000000000    1.0000000325280
     452.00000000000    1.0000000325280
     453.00000000000    1.0000000325280
     454.00000000000    1.0000000325280
     455.00000000000    1.0000000325280
     456.00000000000    1.0000000325280
     457.00000000000    1.0000000325280
     458.00000000000    1.0000000325280
     459.00000000000    1.0000000325280
     460.00000000000    1.0000000325280
     461.00000000000    1.0000000325280
     462.00000000000    1.0000000325280
     463.00000000000    1.0000000325280
     464.00000000000    1.0000000325280
     465.00000000000    1.0000000325280
     466.00000000000    1.0000000325280
     467.00000000000    1.0000000325280
     468.00000000000    1.0000000325280
     469.00000000000    1.0000000325280
     470.00000000000    1.0000000325280
     471.00000000000    1.0000000325280
     472.00000000000    1.0000000325280
     473.00000000000    1.0000000325280
     474.00000000000    1.0000000325280
     475.00000000000    1.0000000325280
     476.00000000000    1.0000000325280
     477.00000000000    1.0000000325280
     478.00000000000    1.0000000325280
     479.00000000000    1.0000000325280
     480.00000000000    1.0000000325280
     481.00000000000    1.0000000325280
     482.00000000000    1.0000000325280
     483.00000000000    1.0000000325280
     484.00000000000    1.0000000325280
     485.00000000000    1.0000000325280
     486.00000000000    1.0000000325280
     487.00000000000    1.0000000325280
     488.00000000000    1.0000000325280
     489.00000000000    1.0000000325280
     490.00000000000    1.0000000325280
     491.00000000000    1.0000000325280
     492.00000000000    1.0000000325280
     493.00000000000    1.0000000325280
     494.00000000000    1.0000000325280
     495.00000000000    1.0000000325280
     496.00000000000    1.0000000325280
     497.00000000000    1.0000000325280
     498.00000000000    1.0000000325280
     499.00000000000    1.0000000325280
     500.00000000000    1.0000000325280
