    -500.00000000000    1.0000000325280
    -499.00000000000    1.0000000325280
    -498.00000000000    1.0000000325280
    -497.00000000000    1.0000000325280
    -496.00000000000    1.0000000325280
    -495.00000000000    1.0000000325280
    -494.00000000000    1.0000000325280
    -493.00000000000    1.0000000325280
    -492.00000000000    1.0000000325280
    -491.00000000000    1.0000000325280
    -490.00000000000    1.0000000325280
    -489.00000000000    1.0000000325280
    -488.00000000000    1.0000000325280
    -487.00000000000    1.0000000325280
    -486.00000000000    1.0000000325280
    -485.00000000000    1.0000000325280
    -484.00000000000    1.0000000325280
    -483.00000000000    1.0000000325280
    -482.00000000000    1.0000000325280
    -481.00000000000    1.0000000325280
    -480.00000000000    1.0000000325280
    -479.00000000000    1.0000000325280
    -478.00000000000    1.0000000325280
    -477.00000000000    1.0000000325280
    -476.00000000000    1.0000000325280
    -475.00000000000    1.0000000325280
    -474.00000000000    1.0000000325280
    -473.00000000000    1.0000000325280
    -472.00000000000    1.0000000325280
    -471.00000000000    1.0000000325280
    -470.00000000000    1.0000000325280
    -469.00000000000    1.0000000325280
    -468.00000000000    1.0000000325280
    -467.00000000000    1.0000000325280
    -466.00000000000    1.0000000325280
    -465.00000000000    1.0000000325280
    -464.00000000000    1.0000000325280
    -463.00000000000    1.0000000325280
    -462.00000000000    1.0000000325280
    -461.00000000000    1.0000000325280
    -460.00000000000    1.0000000325280
    -459.00000000000    1.0000000325280
    -458.00000000000    1.0000000325280
    -457.00000000000    1.0000000325280
    -456.00000000000    1.0000000325280
    -455.00000000000    1.0000000325280
    -454.00000000000    1.0000000325280
    -453.00000000000    1.0000000325280
    -452.00000000000    1.0000000325280
    -451.00000000000    1.0000000325280
    -450.00000000000    1.0000000325280
    -449.00000000000    1.0000000325280
    -448.00000000000    1.0000000325280
    -447.00000000000    1.0000000325280
    -446.00000000000    1.0000000325280
    -445.00000000000    1.0000000325280
    -444.00000000000    1.0000000325280
    -443.00000000000    1.0000000325280
    -442.00000000000    1.0000000325280
    -441.00000000000    1.0000000325280
    -440.00000000000    1.0000000325280
    -439.00000000000    1.0000000325280
    -438.00000000000    1.0000000325280
    -437.00000000000    1.0000000325280
    -436.00000000000    1.0000000325280
    -435.00000000000    1.0000000325280
    -434.00000000000    1.0000000325280
    -433.00000000000    1.0000000325280
    -432.00000000000    1.0000000325280
    -431.00000000000    1.0000000325280
    -430.00000000000    1.0000000325280
    -429.00000000000    1.0000000325280
    -428.00000000000    1.0000000325280
    -427.00000000000    1.0000000325280
    -426.00000000000    1.0000000325280
    -425.00000000000    1.0000000325280
    -424.00000000000    1.0000000325280
    -423.00000000000    1.0000000325280
    -422.00000000000    1.0000000325280
    -421.00000000000    1.0000000325280
    -420.00000000000    1.0000000325280
    -419.00000000000    1.0000000325280
    -418.00000000000    1.0000000325280
    -417.00000000000    1.0000000325280
    -416.00000000000    1.0000000325280
    -415.00000000000    1.0000000325280
    -414.00000000000    1.0000000325280
    -413.00000000000    1.0000000325280
    -412.00000000000    1.0000000325280
    -411.00000000000    1.0000000325280
    -410.00000000000    1.0000000325280
    -409.00000000000    1.0000000325280
    -408.00000000000    1.0000000325280
    -407.00000000000    1.0000000325280
    -406.00000000000    1.0000000325280
    -405.00000000000    1.0000000325280
    -404.00000000000    1.0000000325280
    -403.00000000000    1.0000000325280
    -402.00000000000    1.0000000325280
    -401.00000000000    1.0000000325280
    -400.00000000000    1.0000000325280
    -399.00000000000    1.0000000325280
    -398.00000000000    1.0000000325280
    -397.00000000000    1.0000000325280
    -396.00000000000    1.0000000325280
    -395.00000000000    1.0000000325280
    -394.00000000000    1.0000000325280
    -393.00000000000    1.0000000325280
    -392.00000000000    1.0000000325280
    -391.00000000000    1.0000000325280
    -390.00000000000    1.0000000325280
    -389.00000000000    1.0000000325280
    -388.00000000000    1.0000000325280
    -387.00000000000    1.0000000325280
    -386.00000000000    1.0000000325280
    -385.00000000000    1.0000000325280
    -384.00000000000    1.0000000325280
    -383.00000000000    1.0000000325280
    -382.00000000000    1.0000000325280
    -381.00000000000    1.0000000325280
    -380.00000000000    1.0000000325280
    -379.00000000000    1.0000000325280
    -378.00000000000    1.0000000325280
    -377.00000000000    1.0000000325280
    -376.00000000000    1.0000000325280
    -375.00000000000    1.0000000325280
    -374.00000000000    1.0000000325280
    -373.00000000000    1.0000000325280
    -372.00000000000    1.0000000325280
    -371.00000000000    1.0000000325280
    -370.00000000000    1.0000000325280
    -369.00000000000    1.0000000325280
    -368.00000000000    1.0000000325280
    -367.00000000000    1.0000000325280
    -366.00000000000    1.0000000325280
    -365.00000000000    1.0000000325280
    -364.00000000000    1.0000000325280
    -363.00000000000    1.0000000325280
    -362.00000000000    1.0000000325280
    -361.00000000000    1.0000000325280
    -360.00000000000    1.0000000325280
    -359.00000000000    1.0000000325280
    -358.00000000000    1.0000000325280
    -357.00000000000    1.0000000325280
    -356.00000000000    1.0000000325280
    -355.00000000000    1.0000000325280
    -354.00000000000    1.0000000325280
    -353.00000000000    1.0000000325280
    -352.00000000000    1.0000000325280
    -351.00000000000    1.0000000325280
    -350.00000000000    1.0000000325280
    -349.00000000000    1.0000000325280
    -348.00000000000    1.0000000325280
    -347.00000000000    1.0000000325280
    -346.00000000000    1.0000000325280
    -345.00000000000    1.0000000325280
    -344.00000000000    1.0000000325280
    -343.00000000000    1.0000000325280
    -342.00000000000    1.0000000325280
    -341.00000000000    1.0000000325280
    -340.00000000000    1.0000000325280
    -339.00000000000    1.0000000325280
    -338.00000000000    1.0000000325280
    -337.00000000000    1.0000000325280
    -336.00000000000    1.0000000325280
    -335.00000000000    1.0000000325280
    -334.00000000000    1.0000000325280
    -333.00000000000    1.0000000325280
    -332.00000000000    1.0000000325280
    -331.00000000000    1.0000000325280
    -330.00000000000    1.0000000325280
    -329.00000000000    1.0000000325280
    -328.00000000000    1.0000000325280
    -327.00000000000    1.0000000325280
    -326.00000000000    1.0000000325280
    -325.00000000000    1.0000000325280
    -324.00000000000    1.0000000325280
    -323.00000000000    1.0000000325280
    -322.00000000000    1.0000000325280
    -321.00000000000    1.0000000325280
    -320.00000000000    1.0000000325280
    -319.00000000000    1.0000000325280
    -318.00000000000    1.0000000325280
    -317.00000000000    1.0000000325280
    -316.00000000000    1.0000000325280
    -315.00000000000    1.0000000325280
    -314.00000000000    1.0000000325280
    -313.00000000000    1.0000000325280
    -312.00000000000    1.0000000325280
    -311.00000000000    1.0000000325280
    -310.00000000000    1.0000000325280
    -309.00000000000    1.0000000325280
    -308.00000000000    1.0000000325280
    -307.00000000000    1.0000000325280
    -306.00000000000    1.0000000325280
    -305.00000000000    1.0000000325280
    -304.00000000000    1.0000000325280
    -303.00000000000    1.0000000325280
    -302.00000000000    1.0000000325280
    -301.00000000000    1.0000000325280
    -300.00000000000    1.0000000325280
    -299.00000000000    1.0000000325280
    -298.00000000000    1.0000000325280
    -297.00000000000    1.0000000325280
    -296.00000000000    1.0000000325280
    -295.00000000000    1.0000000325280
    -294.00000000000    1.0000000325280
    -293.00000000000    1.0000000325280
    -292.00000000000    1.0000000325280
    -291.00000000000    1.0000000325280
    -290.00000000000    1.0000000325280
    -289.00000000000    1.0000000325280
    -288.00000000000    1.0000000325280
    -287.00000000000    1.0000000325280
    -286.00000000000    1.0000000325280
    -285.00000000000    1.0000000325280
    -284.00000000000    1.0000000325280
    -283.00000000000    1.0000000325280
    -282.00000000000    1.0000000325280
    -281.00000000000    1.0000000325280
    -280.00000000000    1.0000000325280
    -279.00000000000    1.0000000325280
    -278.00000000000    1.0000000325280
    -277.00000000000    1.0000000325280
    -276.00000000000    1.0000000325280
    -275.00000000000    1.0000000325280
    -274.00000000000    1.0000000325280
    -273.00000000000    1.0000000325280
    -272.00000000000    1.0000000325280
    -271.00000000000    1.0000000325280
    -270.00000000000    1.0000000325280
    -269.00000000000    1.0000000325280
    -268.00000000000    1.0000000325280
    -267.00000000000    1.0000000325280
    -266.00000000000    1.0000000325280
    -265.00000000000    1.0000000325280
    -264.00000000000    1.0000000325280
    -263.00000000000    1.0000000325280
    -262.00000000000    1.0000000325280
    -261.00000000000    1.0000000325280
    -260.00000000000    1.0000000325280
    -259.00000000000    1.0000000325280
    -258.00000000000    1.0000000325280
    -257.00000000000    1.0000000325280
    -256.00000000000    1.0000000325280
    -255.00000000000    1.0000000325280
    -254.00000000000    1.0000000325280
    -253.00000000000    1.0000000325280
    -252.00000000000    1.0000000325280
    -251.00000000000    1.0000000325280
    -250.00000000000    1.0000000325280
    -249.00000000000    1.0000000325280
    -248.00000000000    1.0000000325280
    -247.00000000000    1.0000000325280
    -246.00000000000    1.0000000325280
    -245.00000000000    1.0000000325280
    -244.00000000000    1.0000000325280
    -243.00000000000    1.0000000325280
    -242.00000000000    1.0000000325280
    -241.00000000000    1.0000000325280
    -240.00000000000    1.0000000325280
    -239.00000000000    1.0000000325280
    -238.00000000000    1.0000000325280
    -237.00000000000    1.0000000325280
    -236.00000000000    1.0000000325280
    -235.00000000000    1.0000000325280
    -234.00000000000    1.0000000325280
    -233.00000000000    1.0000000325280
    -232.00000000000    1.0000000325280
    -231.00000000000    1.0000000325278
    -230.00000000000    1.0000000325274
    -229.00000000000    1.0000000325257
    -228.00000000000    1.0000000325197
    -227.00000000000    1.0000000324992
    -226.00000000000    1.0000000324322
    -225.00000000000    1.0000000322219
    -224.00000000000    1.0000000315911
    -223.00000000000    1.0000000297809
    -222.00000000000    1.0000000248085
    -221.00000000000    1.0000000117356
    -220.00000000000   0.99999997883711
    -219.00000000000   0.99999989958131
    -218.00000000000   0.99999971677893
    -217.00000000000   0.99999931305575
    -216.00000000000   0.99999845917212
    -215.00000000000   0.99999672936505
    -214.00000000000   0.99999337228453
    -213.00000000000   0.99998712941481
    -212.00000000000   0.99997600254403
    -211.00000000000   0.99995698942988
    -210.00000000000   0.99992583133441
    -209.00000000000   0.99987684250635
    -208.00000000000   0.99980291040776
    -207.00000000000   0.99969575431916
    -206.00000000000   0.99954649860800
    -205.00000000000   0.99934655306887
    -204.00000000000   0.99908870683249
    -203.00000000000   0.99876825806710
    -202.00000000000   0.99838394968464
    -201.00000000000   0.99793848742395
    -200.00000000000   0.99743848974669
    -199.00000000000   0.99689384358596
    -198.00000000000   0.99631657984827
    -197.00000000000   0.99571949352041
    -196.00000000000   0.99511478060561
    -195.00000000000   0.99451293630932
    -194.00000000000   0.99392207079328
    -193.00000000000   0.99334768391328
    -192.00000000000   0.99279283611404
    -191.00000000000   0.99225858635711
    -190.00000000000   0.99174454907685
    -189.00000000000   0.99124944319676
    -188.00000000000   0.99077154974041
    -187.00000000000   0.99030904186705
    -186.00000000000   0.98986018883750
    -185.00000000000   0.98942345774174
    -184.00000000000   0.98899754461541
    -183.00000000000   0.98858136429027
    -182.00000000000   0.98817402113503
    -181.00000000000   0.98777477478364
    -180.00000000000   0.98738300829029
    -179.00000000000   0.98699820164460
    -178.00000000000   0.98661991103631
    -177.00000000000   0.98624775311510
    -176.00000000000   0.98588139316844
    -175.00000000000   0.98552053621205
    -174.00000000000   0.98516492019254
    -173.00000000000   0.98481431071490
    -172.00000000000   0.98446849688032
    -171.00000000000   0.98412728794587
    -170.00000000000   0.98379051060428
    -169.00000000000   0.98345800674085
    -168.00000000000   0.98312963156383
    -167.00000000000   0.98280525203150
    -166.00000000000   0.98248474551828
    -165.00000000000   0.98216799867526
    -164.00000000000   0.98185490645066
    -163.00000000000   0.98154537124279
    -162.00000000000   0.98123930216377
    -161.00000000000   0.98093661439633
    -160.00000000000   0.98063722862943
    -159.00000000000   0.98034107056099
    -158.00000000000   0.98004807045803
    -157.00000000000   0.97975816276615
    -156.00000000000   0.97947128576170
    -155.00000000000   0.97918738124096
    -154.00000000000   0.97890639424151
    -153.00000000000   0.97862827279182
    -152.00000000000   0.97835296768556
    -151.00000000000   0.97808043227769
    -150.00000000000   0.97781062229974
    -149.00000000000   0.97754349569216
    -148.00000000000   0.97727901245179
    -147.00000000000   0.97701713449275
    -146.00000000000   0.97675782551947
    -145.00000000000   0.97650105091040
    -144.00000000000   0.97624677761139
    -143.00000000000   0.97599497403782
    -142.00000000000   0.97574560998450
    -141.00000000000   0.97549865654270
    -140.00000000000   0.97525408602353
    -139.00000000000   0.97501187188711
    -138.00000000000   0.97477198867711
    -137.00000000000   0.97453441195997
    -136.00000000000   0.97429911826856
    -135.00000000000   0.97406608504976
    -134.00000000000   0.97383529061580
    -133.00000000000   0.97360671409880
    -132.00000000000   0.97338033540849
    -131.00000000000   0.97315613519266
    -130.00000000000   0.97293409480024
    -129.00000000000   0.97271419624676
    -128.00000000000   0.97249642218195
    -127.00000000000   0.97228075585945
    -126.00000000000   0.97206718110832
    -125.00000000000   0.97185568230631
    -124.00000000000   0.97164624435476
    -123.00000000000   0.97143885265491
    -122.00000000000   0.97123349308569
    -121.00000000000   0.97103015198272
    -120.00000000000   0.97082881611853
    -119.00000000000   0.97062947268388
    -118.00000000000   0.97043210927015
    -117.00000000000   0.97023671385263
    -116.00000000000   0.97004327477479
    -115.00000000000   0.96985178073334
    -114.00000000000   0.96966222076407
    -113.00000000000   0.96947458422848
    -112.00000000000   0.96928886080108
    -111.00000000000   0.96910504045730
    -110.00000000000   0.96892311346203
    -109.00000000000   0.96874307035879
    -108.00000000000   0.96856490195934
    -107.00000000000   0.96838859933386
    -106.00000000000   0.96821415380157
   -105.000000000000   0.96804155692185
   -104.000000000000   0.96787080048568
   -103.000000000000   0.96770187650761
   -102.000000000000   0.96753477721800
   -101.000000000000   0.96736949505564
   -100.000000000000   0.96720602266074
    -99.000000000000   0.96704435286822
    -98.000000000000   0.96688447870126
    -97.000000000000   0.96672639336516
    -96.000000000000   0.96657009024152
    -95.000000000000   0.96641556288258
    -94.000000000000   0.96626280500586
    -93.000000000000   0.96611181048903
    -92.000000000000   0.96596257336496
    -91.000000000000   0.96581508781702
    -90.000000000000   0.96566934817453
    -89.000000000000   0.96552534890844
    -88.000000000000   0.96538308462717
    -87.000000000000   0.96524255007258
    -86.000000000000   0.96510374011619
    -85.000000000000   0.96496664975546
    -84.000000000000   0.96483127411026
    -83.000000000000   0.96469760841947
    -82.000000000000   0.96456564803773
    -81.000000000000   0.96443538843231
    -80.000000000000   0.96430682518003
    -79.000000000000   0.96417995396444
    -78.000000000000   0.96405477057296
    -77.000000000000   0.96393127089425
    -76.000000000000   0.96380945091554
    -75.000000000000   0.96368930672023
    -74.000000000000   0.96357083448544
    -73.000000000000   0.96345403047968
    -72.000000000000   0.96333889106069
    -71.000000000000   0.96322541267322
    -70.000000000000   0.96311359184701
    -69.000000000000   0.96300342519477
    -68.000000000000   0.96289490941026
    -67.000000000000   0.96278804126647
    -66.000000000000   0.96268281761375
    -65.000000000000   0.96257923537819
    -64.000000000000   0.96247729155987
    -63.000000000000   0.96237698323128
    -62.000000000000   0.96227830753579
    -61.000000000000   0.96218126168612
    -60.000000000000   0.96208584296292
    -59.000000000000   0.96199204871336
    -58.000000000000   0.96189987634978
    -57.000000000000   0.96180932334842
    -56.000000000000   0.96172038724813
    -55.000000000000   0.96163306564916
    -54.000000000000   0.96154735621201
    -53.000000000000   0.96146325665628
    -52.000000000000   0.96138076475961
    -51.000000000000   0.96129987835657
    -50.000000000000   0.96122059533768
    -49.000000000000   0.96114291364843
    -48.000000000000   0.96106683128832
    -47.000000000000   0.96099234630993
    -46.000000000000   0.96091945681805
    -45.000000000000   0.96084816096883
    -44.000000000000   0.96077845696895
    -43.000000000000   0.96071034307481
    -42.000000000000   0.96064381759178
    -41.000000000000   0.96057887887346
    -40.000000000000   0.96051552532094
    -39.000000000000   0.96045375538215
    -38.000000000000   0.96039356755115
    -37.000000000000   0.96033496036754
    -36.000000000000   0.96027793241579
    -35.000000000000   0.96022248232468
    -34.000000000000   0.96016860876673
    -33.000000000000   0.96011631045762
    -32.000000000000   0.96006558615571
    -31.000000000000   0.96001643466146
    -30.000000000000   0.95996885481700
    -29.000000000000   0.95992284550566
    -28.000000000000   0.95987840565147
    -27.000000000000   0.95983553421877
    -26.000000000000   0.95979423021179
    -25.000000000000   0.95975449267425
    -24.000000000000   0.95971632068896
    -23.000000000000   0.95967971337750
    -22.000000000000   0.95964466989985
    -21.000000000000   0.95961118945407
    -20.000000000000   0.95957927127596
    -19.000000000000   0.95954891463881
    -18.000000000000   0.95952011885309
    -17.000000000000   0.95949288326618
    -16.000000000000   0.95946720726215
    -15.000000000000   0.95944309026148
    -14.000000000000   0.95942053172087
    -13.000000000000   0.95939953113303
    -12.000000000000   0.95938008802648
    -11.000000000000   0.95936220196536
   -10.0000000000000   0.95934587254931
    -9.0000000000000   0.95933109941326
    -8.0000000000000   0.95931788222732
    -7.0000000000000   0.95930622069666
    -6.0000000000000   0.95929611456141
    -5.0000000000000   0.95928756359653
    -4.0000000000000   0.95928056761175
    -3.0000000000000   0.95927512645149
    -2.0000000000000   0.95927123999479
    -1.0000000000000   0.95926890815531
   0.   0.95926813088123
     1.0000000000000   0.95926890815531
     2.0000000000000   0.95927123999479
     3.0000000000000   0.95927512645148
     4.0000000000000   0.95928056761175
     5.0000000000000   0.95928756359653
     6.0000000000000   0.95929611456141
     7.0000000000000   0.95930622069666
     8.0000000000000   0.95931788222732
     9.0000000000000   0.95933109941326
    10.0000000000000   0.95934587254931
     11.000000000000   0.95936220196536
     12.000000000000   0.95938008802648
     13.000000000000   0.95939953113303
     14.000000000000   0.95942053172087
     15.000000000000   0.95944309026148
     16.000000000000   0.95946720726215
     17.000000000000   0.95949288326618
     18.000000000000   0.95952011885309
     19.000000000000   0.95954891463881
     20.000000000000   0.95957927127596
     21.000000000000   0.95961118945407
     22.000000000000   0.95964466989985
     23.000000000000   0.95967971337750
     24.000000000000   0.95971632068896
     25.000000000000   0.95975449267425
     26.000000000000   0.95979423021179
     27.000000000000   0.95983553421877
     28.000000000000   0.95987840565147
     29.000000000000   0.95992284550566
     30.000000000000   0.95996885481700
     31.000000000000   0.96001643466146
     32.000000000000   0.96006558615571
     33.000000000000   0.96011631045762
     34.000000000000   0.96016860876673
     35.000000000000   0.96022248232468
     36.000000000000   0.96027793241579
     37.000000000000   0.96033496036754
     38.000000000000   0.96039356755115
     39.000000000000   0.96045375538215
     40.000000000000   0.96051552532094
     41.000000000000   0.96057887887346
     42.000000000000   0.96064381759178
     43.000000000000   0.96071034307481
     44.000000000000   0.96077845696895
     45.000000000000   0.96084816096883
     46.000000000000   0.96091945681805
     47.000000000000   0.96099234630993
     48.000000000000   0.96106683128832
     49.000000000000   0.96114291364843
     50.000000000000   0.96122059533768
     51.000000000000   0.96129987835657
     52.000000000000   0.96138076475961
     53.000000000000   0.96146325665628
     54.000000000000   0.96154735621201
     55.000000000000   0.96163306564916
     56.000000000000   0.96172038724813
     57.000000000000   0.96180932334842
     58.000000000000   0.96189987634978
     59.000000000000   0.96199204871336
     60.000000000000   0.96208584296292
     61.000000000000   0.96218126168612
     62.000000000000   0.96227830753579
     63.000000000000   0.96237698323128
     64.000000000000   0.96247729155987
     65.000000000000   0.96257923537819
     66.000000000000   0.96268281761375
     67.000000000000   0.96278804126647
     68.000000000000   0.96289490941026
     69.000000000000   0.96300342519477
     70.000000000000   0.96311359184701
     71.000000000000   0.96322541267322
     72.000000000000   0.96333889106069
     73.000000000000   0.96345403047968
     74.000000000000   0.96357083448544
     75.000000000000   0.96368930672023
     76.000000000000   0.96380945091554
     77.000000000000   0.96393127089425
     78.000000000000   0.96405477057296
     79.000000000000   0.96417995396444
     80.000000000000   0.96430682518003
     81.000000000000   0.96443538843231
     82.000000000000   0.96456564803773
     83.000000000000   0.96469760841947
     84.000000000000   0.96483127411026
     85.000000000000   0.96496664975546
     86.000000000000   0.96510374011619
     87.000000000000   0.96524255007258
     88.000000000000   0.96538308462717
     89.000000000000   0.96552534890844
     90.000000000000   0.96566934817453
     91.000000000000   0.96581508781702
     92.000000000000   0.96596257336496
     93.000000000000   0.96611181048903
     94.000000000000   0.96626280500586
     95.000000000000   0.96641556288258
     96.000000000000   0.96657009024152
     97.000000000000   0.96672639336516
     98.000000000000   0.96688447870126
     99.000000000000   0.96704435286822
    100.000000000000   0.96720602266074
    101.000000000000   0.96736949505564
    102.000000000000   0.96753477721800
    103.000000000000   0.96770187650761
    104.000000000000   0.96787080048568
    105.000000000000   0.96804155692185
     106.00000000000   0.96821415380157
     107.00000000000   0.96838859933386
     108.00000000000   0.96856490195934
     109.00000000000   0.96874307035879
     110.00000000000   0.96892311346203
     111.00000000000   0.96910504045730
     112.00000000000   0.96928886080108
     113.00000000000   0.96947458422848
     114.00000000000   0.96966222076407
     115.00000000000   0.96985178073334
     116.00000000000   0.97004327477479
     117.00000000000   0.97023671385263
     118.00000000000   0.97043210927015
     119.00000000000   0.97062947268388
     120.00000000000   0.97082881611853
     121.00000000000   0.97103015198272
     122.00000000000   0.97123349308569
     123.00000000000   0.97143885265491
     124.00000000000   0.97164624435476
     125.00000000000   0.97185568230631
     126.00000000000   0.97206718110832
     127.00000000000   0.97228075585945
     128.00000000000   0.97249642218195
     129.00000000000   0.97271419624676
     130.00000000000   0.97293409480024
     131.00000000000   0.97315613519266
     132.00000000000   0.97338033540849
     133.00000000000   0.97360671409880
     134.00000000000   0.97383529061580
     135.00000000000   0.97406608504976
     136.00000000000   0.97429911826856
     137.00000000000   0.97453441195997
     138.00000000000   0.97477198867711
     139.00000000000   0.97501187188711
     140.00000000000   0.97525408602353
     141.00000000000   0.97549865654271
     142.00000000000   0.97574560998450
     143.00000000000   0.97599497403782
     144.00000000000   0.97624677761139
     145.00000000000   0.97650105091040
     146.00000000000   0.97675782551947
     147.00000000000   0.97701713449275
     148.00000000000   0.97727901245179
     149.00000000000   0.97754349569216
     150.00000000000   0.97781062229974
     151.00000000000   0.97808043227769
     152.00000000000   0.97835296768556
     153.00000000000   0.97862827279182
     154.00000000000   0.97890639424151
     155.00000000000   0.97918738124096
     156.00000000000   0.97947128576170
     157.00000000000   0.97975816276615
     158.00000000000   0.98004807045803
     159.00000000000   0.98034107056099
     160.00000000000   0.98063722862943
     161.00000000000   0.98093661439633
     162.00000000000   0.98123930216377
     163.00000000000   0.98154537124279
     164.00000000000   0.98185490645066
     165.00000000000   0.98216799867526
     166.00000000000   0.98248474551828
     167.00000000000   0.98280525203150
     168.00000000000   0.98312963156383
     169.00000000000   0.98345800674085
     170.00000000000   0.98379051060428
     171.00000000000   0.98412728794587
     172.00000000000   0.98446849688032
     173.00000000000   0.98481431071489
     174.00000000000   0.98516492019254
     175.00000000000   0.98552053621205
     176.00000000000   0.98588139316844
     177.00000000000   0.98624775311510
     178.00000000000   0.98661991103631
     179.00000000000   0.98699820164460
     180.00000000000   0.98738300829029
     181.00000000000   0.98777477478364
     182.00000000000   0.98817402113503
     183.00000000000   0.98858136429027
     184.00000000000   0.98899754461541
     185.00000000000   0.98942345774174
     186.00000000000   0.98986018883750
     187.00000000000   0.99030904186705
     188.00000000000   0.99077154974041
     189.00000000000   0.99124944319676
     190.00000000000   0.99174454907685
     191.00000000000   0.99225858635711
     192.00000000000   0.99279283611404
     193.00000000000   0.99334768391328
     194.00000000000   0.99392207079328
     195.00000000000   0.99451293630932
     196.00000000000   0.99511478060561
     197.00000000000   0.99571949352041
     198.00000000000   0.99631657984827
     199.00000000000   0.99689384358595
     200.00000000000   0.99743848974669
     201.00000000000   0.99793848742395
     202.00000000000   0.99838394968464
     203.00000000000   0.99876825806710
     204.00000000000   0.99908870683249
     205.00000000000   0.99934655306887
     206.00000000000   0.99954649860800
     207.00000000000   0.99969575431916
     208.00000000000   0.99980291040776
     209.00000000000   0.99987684250635
     210.00000000000   0.99992583133441
     211.00000000000   0.99995698942988
     212.00000000000   0.99997600254403
     213.00000000000   0.99998712941481
     214.00000000000   0.99999337228453
     215.00000000000   0.99999672936505
     216.00000000000   0.99999845917212
     217.00000000000   0.99999931305575
     218.00000000000   0.99999971677893
     219.00000000000   0.99999989958131
     220.00000000000   0.99999997883711
     221.00000000000    1.0000000117356
     222.00000000000    1.0000000248085
     223.00000000000    1.0000000297809
     224.00000000000    1.0000000315911
     225.00000000000    1.0000000322219
     226.00000000000    1.0000000324322
     227.00000000000    1.0000000324992
     228.00000000000    1.0000000325197
     229.00000000000    1.0000000325257
     230.00000000000    1.0000000325274
     231.00000000000    1.0000000325278
     232.00000000000    1.0000000325280
     233.00000000000    1.0000000325280
     234.00000000000    1.0000000325280
     235.00000000000    1.0000000325280
     236.00000000000    1.0000000325280
     237.00000000000    1.0000000325280
     238.00000000000    1.0000000325280
     239.00000000000    1.0000000325280
     240.00000000000    1.0000000325280
     241.00000000000    1.0000000325280
     242.00000000000    1.0000000325280
     243.00000000000    1.0000000325280
     244.00000000000    1.0000000325280
     245.00000000000    1.0000000325280
     246.00000000000    1.0000000325280
     247.00000000000    1.0000000325280
     248.00000000000    1.0000000325280
     249.00000000000    1.0000000325280
     250.00000000000    1.0000000325280
     251.00000000000    1.0000000325280
     252.00000000000    1.0000000325280
     253.00000000000    1.0000000325280
     254.00000000000    1.0000000325280
     255.00000000000    1.0000000325280
     256.00000000000    1.0000000325280
     257.00000000000    1.0000000325280
     258.00000000000    1.0000000325280
     259.00000000000    1.0000000325280
     260.00000000000    1.0000000325280
     261.00000000000    1.0000000325280
     262.00000000000    1.0000000325280
     263.00000000000    1.0000000325280
     264.00000000000    1.0000000325280
     265.00000000000    1.0000000325280
     266.00000000000    1.0000000325280
     267.00000000000    1.0000000325280
     268.00000000000    1.0000000325280
     269.00000000000    1.0000000325280
     270.00000000000    1.0000000325280
     271.00000000000    1.0000000325280
     272.00000000000    1.0000000325280
     273.00000000000    1.0000000325280
     274.00000000000    1.0000000325280
     275.00000000000    1.0000000325280
     276.00000000000    1.0000000325280
     277.00000000000    1.0000000325280
     278.00000000000    1.0000000325280
     279.00000000000    1.0000000325280
     280.00000000000    1.0000000325280
     281.00000000000    1.0000000325280
     282.00000000000    1.0000000325280
     283.00000000000    1.0000000325280
     284.00000000000    1.0000000325280
     285.00000000000    1.0000000325280
     286.00000000000    1.0000000325280
     287.00000000000    1.0000000325280
     288.00000000000    1.0000000325280
     289.00000000000    1.0000000325280
     290.00000000000    1.0000000325280
     291.00000000000    1.0000000325280
     292.00000000000    1.0000000325280
     293.00000000000    1.0000000325280
     294.00000000000    1.0000000325280
     295.00000000000    1.0000000325280
     296.00000000000    1.0000000325280
     297.00000000000    1.0000000325280
     298.00000000000    1.0000000325280
     299.00000000000    1.0000000325280
     300.00000000000    1.0000000325280
     301.00000000000    1.0000000325280
     302.00000000000    1.0000000325280
     303.00000000000    1.0000000325280
     304.00000000000    1.0000000325280
     305.00000000000    1.0000000325280
     306.00000000000    1.0000000325280
     307.00000000000    1.0000000325280
     308.00000000000    1.0000000325280
     309.00000000000    1.0000000325280
     310.00000000000    1.0000000325280
     311.00000000000    1.0000000325280
     312.00000000000    1.0000000325280
     313.00000000000    1.0000000325280
     314.00000000000    1.0000000325280
     315.00000000000    1.0000000325280
     316.00000000000    1.0000000325280
     317.00000000000    1.0000000325280
     318.00000000000    1.0000000325280
     319.00000000000    1.0000000325280
     320.00000000000    1.0000000325280
     321.00000000000    1.0000000325280
     322.00000000000    1.0000000325280
     323.00000000000    1.0000000325280
     324.00000000000    1.0000000325280
     325.00000000000    1.0000000325280
     326.00000000000    1.0000000325280
     327.00000000000    1.0000000325280
     328.00000000000    1.0000000325280
     329.00000000000    1.0000000325280
     330.00000000000    1.0000000325280
     331.00000000000    1.0000000325280
     332.00000000000    1.0000000325280
     333.00000000000    1.0000000325280
     334.00000000000    1.0000000325280
     335.00000000000    1.0000000325280
     336.00000000000    1.0000000325280
     337.00000000000    1.0000000325280
     338.00000000000    1.0000000325280
     339.00000000000    1.0000000325280
     340.00000000000    1.0000000325280
     341.00000000000    1.0000000325280
     342.00000000000    1.0000000325280
     343.00000000000    1.0000000325280
     344.00000000000    1.0000000325280
     345.00000000000    1.0000000325280
     346.00000000000    1.0000000325280
     347.00000000000    1.0000000325280
     348.00000000000    1.0000000325280
     349.00000000000    1.0000000325280
     350.00000000000    1.0000000325280
     351.00000000000    1.0000000325280
     352.00000000000    1.0000000325280
     353.00000000000    1.0000000325280
     354.00000000000    1.0000000325280
     355.00000000000    1.0000000325280
     356.00000000000    1.0000000325280
     357.00000000000    1.0000000325280
     358.00000000000    1.0000000325280
     359.00000000000    1.0000000325280
     360.00000000000    1.0000000325280
     361.00000000000    1.0000000325280
     362.00000000000    1.0000000325280
     363.00000000000    1.0000000325280
     364.00000000000    1.0000000325280
     365.00000000000    1.0000000325280
     366.00000000000    1.0000000325280
     367.00000000000    1.0000000325280
     368.00000000000    1.0000000325280
     369.00000000000    1.0000000325280
     370.00000000000    1.0000000325280
     371.00000000000    1.0000000325280
     372.00000000000    1.0000000325280
     373.00000000000    1.0000000325280
     374.00000000000    1.0000000325280
     375.00000000000    1.0000000325280
     376.00000000000    1.0000000325280
     377.00000000000    1.0000000325280
     378.00000000000    1.0000000325280
     379.00000000000    1.0000000325280
     380.00000000000    1.0000000325280
     381.00000000000    1.0000000325280
     382.00000000000    1.0000000325280
     383.00000000000    1.0000000325280
     384.00000000000    1.0000000325280
     385.00000000000    1.0000000325280
     386.00000000000    1.0000000325280
     387.00000000000    1.0000000325280
     388.00000000000    1.0000000325280
     389.00000000000    1.0000000325280
     390.00000000000    1.0000000325280
     391.00000000000    1.0000000325280
     392.00000000000    1.0000000325280
     393.00000000000    1.0000000325280
     394.00000000000    1.0000000325280
     395.00000000000    1.0000000325280
     396.00000000000    1.0000000325280
     397.00000000000    1.0000000325280
     398.00000000000    1.0000000325280
     399.00000000000    1.0000000325280
     400.00000000000    1.0000000325280
     401.00000000000    1.0000000325280
     402.00000000000    1.0000000325280
     403.00000000000    1.0000000325280
     404.00000000000    1.0000000325280
     405.00000000000    1.0000000325280
     406.00000000000    1.0000000325280
     407.00000000000    1.0000000325280
     408.00000000000    1.0000000325280
     409.00000000000    1.0000000325280
     410.00000000000    1.0000000325280
     411.00000000000    1.0000000325280
     412.00000000000    1.0000000325280
     413.00000000000    1.0000000325280
     414.00000000000    1.0000000325280
     415.00000000000    1.0000000325280
     416.00000000000    1.0000000325280
     417.00000000000    1.0000000325280
     418.00000000000    1.0000000325280
     419.00000000000    1.0000000325280
     420.00000000000    1.0000000325280
     421.00000000000    1.0000000325280
     422.00000000000    1.0000000325280
     423.00000000000    1.0000000325280
     424.00000000000    1.0000000325280
     425.00000000000    1.0000000325280
     426.00000000000    1.0000000325280
     427.00000000000    1.0000000325280
     428.00000000000    1.0000000325280
     429.00000000000    1.0000000325280
     430.00000000000    1.0000000325280
     431.00000000000    1.0000000325280
     432.00000000000    1.0000000325280
     433.00000000000    1.0000000325280
     434.00000000000    1.0000000325280
     435.00000000000    1.0000000325280
     436.00000000000    1.0000000325280
     437.00000000000    1.0000000325280
     438.00000000000    1.0000000325280
     439.00000000000    1.0000000325280
     440.00000000000    1.0000000325280
     441.00000000000    1.0000000325280
     442.00000000000    1.0000000325280
     443.00000000000    1.0000000325280
     444.00000000000    1.0000000325280
     445.00000000000    1.0000000325280
     446.00000000000    1.0000000325280
     447.00000000000    1.0000000325280
     448.00000000000    1.0000000325280
     449.00000000000    1.0000000325280
     450.00000000000    1.0000000325280
     451.00000000000    1.0000000325280
     452.00000000000    1.0000000325280
     453.00000000000    1.0000000325280
     454.00000000000    1.0000000325280
     455.00000000000    1.0000000325280
     456.00000000000    1.0000000325280
     457.00000000000    1.0000000325280
     458.00000000000    1.0000000325280
     459.00000000000    1.0000000325280
     460.00000000000    1.0000000325280
     461.00000000000    1.0000000325280
     462.00000000000    1.0000000325280
     463.00000000000    1.0000000325280
     464.00000000000    1.0000000325280
     465.00000000000    1.0000000325280
     466.00000000000    1.0000000325280
     467.00000000000    1.0000000325280
     468.00000000000    1.0000000325280
     469.00000000000    1.0000000325280
     470.00000000000    1.0000000325280
     471.00000000000    1.0000000325280
     472.00000000000    1.0000000325280
     473.00000000000    1.0000000325280
     474.00000000000    1.0000000325280
     475.00000000000    1.0000000325280
     476.00000000000    1.0000000325280
     477.00000000000    1.0000000325280
     478.00000000000    1.0000000325280
     479.00000000000    1.0000000325280
     480.00000000000    1.0000000325280
     481.00000000000    1.0000000325280
     482.00000000000    1.0000000325280
     483.00000000000    1.0000000325280
     484.00000000000    1.0000000325280
     485.00000000000    1.0000000325280
     486.00000000000    1.0000000325280
     487.00000000000    1.0000000325280
     488.00000000000    1.0000000325280
     489.00000000000    1.0000000325280
     490.00000000000    1.0000000325280
     491.00000000000    1.0000000325280
     492.00000000000    1.0000000325280
     493.00000000000    1.0000000325280
     494.00000000000    1.0000000325280
     495.00000000000    1.0000000325280
     496.00000000000    1.0000000325280
     497.00000000000    1.0000000325280
     498.00000000000    1.0000000325280
     499.00000000000    1.0000000325280
     500.00000000000    1.0000000325280
