    -500.00000000000    1.0000000325280
    -499.00000000000    1.0000000325280
    -498.00000000000    1.0000000325280
    -497.00000000000    1.0000000325280
    -496.00000000000    1.0000000325280
    -495.00000000000    1.0000000325280
    -494.00000000000    1.0000000325280
    -493.00000000000    1.0000000325280
    -492.00000000000    1.0000000325280
    -491.00000000000    1.0000000325280
    -490.00000000000    1.0000000325280
    -489.00000000000    1.0000000325280
    -488.00000000000    1.0000000325280
    -487.00000000000    1.0000000325280
    -486.00000000000    1.0000000325280
    -485.00000000000    1.0000000325280
    -484.00000000000    1.0000000325280
    -483.00000000000    1.0000000325280
    -482.00000000000    1.0000000325280
    -481.00000000000    1.0000000325280
    -480.00000000000    1.0000000325280
    -479.00000000000    1.0000000325280
    -478.00000000000    1.0000000325280
    -477.00000000000    1.0000000325280
    -476.00000000000    1.0000000325280
    -475.00000000000    1.0000000325280
    -474.00000000000    1.0000000325280
    -473.00000000000    1.0000000325280
    -472.00000000000    1.0000000325280
    -471.00000000000    1.0000000325280
    -470.00000000000    1.0000000325280
    -469.00000000000    1.0000000325280
    -468.00000000000    1.0000000325280
    -467.00000000000    1.0000000325280
    -466.00000000000    1.0000000325280
    -465.00000000000    1.0000000325280
    -464.00000000000    1.0000000325280
    -463.00000000000    1.0000000325280
    -462.00000000000    1.0000000325280
    -461.00000000000    1.0000000325280
    -460.00000000000    1.0000000325280
    -459.00000000000    1.0000000325280
    -458.00000000000    1.0000000325280
    -457.00000000000    1.0000000325280
    -456.00000000000    1.0000000325280
    -455.00000000000    1.0000000325280
    -454.00000000000    1.0000000325280
    -453.00000000000    1.0000000325280
    -452.00000000000    1.0000000325280
    -451.00000000000    1.0000000325280
    -450.00000000000    1.0000000325280
    -449.00000000000    1.0000000325280
    -448.00000000000    1.0000000325280
    -447.00000000000    1.0000000325280
    -446.00000000000    1.0000000325280
    -445.00000000000    1.0000000325280
    -444.00000000000    1.0000000325280
    -443.00000000000    1.0000000325280
    -442.00000000000    1.0000000325280
    -441.00000000000    1.0000000325280
    -440.00000000000    1.0000000325280
    -439.00000000000    1.0000000325280
    -438.00000000000    1.0000000325280
    -437.00000000000    1.0000000325280
    -436.00000000000    1.0000000325280
    -435.00000000000    1.0000000325280
    -434.00000000000    1.0000000325280
    -433.00000000000    1.0000000325280
    -432.00000000000    1.0000000325280
    -431.00000000000    1.0000000325280
    -430.00000000000    1.0000000325280
    -429.00000000000    1.0000000325280
    -428.00000000000    1.0000000325280
    -427.00000000000    1.0000000325280
    -426.00000000000    1.0000000325280
    -425.00000000000    1.0000000325280
    -424.00000000000    1.0000000325280
    -423.00000000000    1.0000000325280
    -422.00000000000    1.0000000325280
    -421.00000000000    1.0000000325280
    -420.00000000000    1.0000000325280
    -419.00000000000    1.0000000325280
    -418.00000000000    1.0000000325280
    -417.00000000000    1.0000000325280
    -416.00000000000    1.0000000325280
    -415.00000000000    1.0000000325280
    -414.00000000000    1.0000000325280
    -413.00000000000    1.0000000325280
    -412.00000000000    1.0000000325280
    -411.00000000000    1.0000000325280
    -410.00000000000    1.0000000325280
    -409.00000000000    1.0000000325280
    -408.00000000000    1.0000000325280
    -407.00000000000    1.0000000325280
    -406.00000000000    1.0000000325280
    -405.00000000000    1.0000000325280
    -404.00000000000    1.0000000325280
    -403.00000000000    1.0000000325280
    -402.00000000000    1.0000000325280
    -401.00000000000    1.0000000325280
    -400.00000000000    1.0000000325280
    -399.00000000000    1.0000000325280
    -398.00000000000    1.0000000325280
    -397.00000000000    1.0000000325280
    -396.00000000000    1.0000000325280
    -395.00000000000    1.0000000325280
    -394.00000000000    1.0000000325280
    -393.00000000000    1.0000000325280
    -392.00000000000    1.0000000325280
    -391.00000000000    1.0000000325280
    -390.00000000000    1.0000000325280
    -389.00000000000    1.0000000325280
    -388.00000000000    1.0000000325280
    -387.00000000000    1.0000000325280
    -386.00000000000    1.0000000325280
    -385.00000000000    1.0000000325280
    -384.00000000000    1.0000000325280
    -383.00000000000    1.0000000325280
    -382.00000000000    1.0000000325280
    -381.00000000000    1.0000000325280
    -380.00000000000    1.0000000325280
    -379.00000000000    1.0000000325280
    -378.00000000000    1.0000000325280
    -377.00000000000    1.0000000325280
    -376.00000000000    1.0000000325280
    -375.00000000000    1.0000000325280
    -374.00000000000    1.0000000325280
    -373.00000000000    1.0000000325280
    -372.00000000000    1.0000000325280
    -371.00000000000    1.0000000325280
    -370.00000000000    1.0000000325280
    -369.00000000000    1.0000000325280
    -368.00000000000    1.0000000325280
    -367.00000000000    1.0000000325280
    -366.00000000000    1.0000000325280
    -365.00000000000    1.0000000325280
    -364.00000000000    1.0000000325280
    -363.00000000000    1.0000000325280
    -362.00000000000    1.0000000325280
    -361.00000000000    1.0000000325280
    -360.00000000000    1.0000000325280
    -359.00000000000    1.0000000325280
    -358.00000000000    1.0000000325280
    -357.00000000000    1.0000000325280
    -356.00000000000    1.0000000325280
    -355.00000000000    1.0000000325280
    -354.00000000000    1.0000000325280
    -353.00000000000    1.0000000325280
    -352.00000000000    1.0000000325280
    -351.00000000000    1.0000000325280
    -350.00000000000    1.0000000325280
    -349.00000000000    1.0000000325280
    -348.00000000000    1.0000000325280
    -347.00000000000    1.0000000325280
    -346.00000000000    1.0000000325280
    -345.00000000000    1.0000000325280
    -344.00000000000    1.0000000325280
    -343.00000000000    1.0000000325280
    -342.00000000000    1.0000000325280
    -341.00000000000    1.0000000325280
    -340.00000000000    1.0000000325280
    -339.00000000000    1.0000000325280
    -338.00000000000    1.0000000325280
    -337.00000000000    1.0000000325280
    -336.00000000000    1.0000000325280
    -335.00000000000    1.0000000325280
    -334.00000000000    1.0000000325280
    -333.00000000000    1.0000000325280
    -332.00000000000    1.0000000325280
    -331.00000000000    1.0000000325280
    -330.00000000000    1.0000000325280
    -329.00000000000    1.0000000325280
    -328.00000000000    1.0000000325280
    -327.00000000000    1.0000000325280
    -326.00000000000    1.0000000325280
    -325.00000000000    1.0000000325280
    -324.00000000000    1.0000000325280
    -323.00000000000    1.0000000325280
    -322.00000000000    1.0000000325280
    -321.00000000000    1.0000000325280
    -320.00000000000    1.0000000325280
    -319.00000000000    1.0000000325280
    -318.00000000000    1.0000000325280
    -317.00000000000    1.0000000325280
    -316.00000000000    1.0000000325280
    -315.00000000000    1.0000000325280
    -314.00000000000    1.0000000325280
    -313.00000000000    1.0000000325280
    -312.00000000000    1.0000000325280
    -311.00000000000    1.0000000325280
    -310.00000000000    1.0000000325280
    -309.00000000000    1.0000000325280
    -308.00000000000    1.0000000325280
    -307.00000000000    1.0000000325280
    -306.00000000000    1.0000000325280
    -305.00000000000    1.0000000325280
    -304.00000000000    1.0000000325280
    -303.00000000000    1.0000000325280
    -302.00000000000    1.0000000325280
    -301.00000000000    1.0000000325280
    -300.00000000000    1.0000000325280
    -299.00000000000    1.0000000325280
    -298.00000000000    1.0000000325280
    -297.00000000000    1.0000000325280
    -296.00000000000    1.0000000325280
    -295.00000000000    1.0000000325280
    -294.00000000000    1.0000000325280
    -293.00000000000    1.0000000325280
    -292.00000000000    1.0000000325280
    -291.00000000000    1.0000000325280
    -290.00000000000    1.0000000325280
    -289.00000000000    1.0000000325280
    -288.00000000000    1.0000000325280
    -287.00000000000    1.0000000325280
    -286.00000000000    1.0000000325280
    -285.00000000000    1.0000000325280
    -284.00000000000    1.0000000325280
    -283.00000000000    1.0000000325280
    -282.00000000000    1.0000000325280
    -281.00000000000    1.0000000325280
    -280.00000000000    1.0000000325280
    -279.00000000000    1.0000000325280
    -278.00000000000    1.0000000325280
    -277.00000000000    1.0000000325280
    -276.00000000000    1.0000000325280
    -275.00000000000    1.0000000325280
    -274.00000000000    1.0000000325280
    -273.00000000000    1.0000000325280
    -272.00000000000    1.0000000325280
    -271.00000000000    1.0000000325280
    -270.00000000000    1.0000000325280
    -269.00000000000    1.0000000325280
    -268.00000000000    1.0000000325280
    -267.00000000000    1.0000000325280
    -266.00000000000    1.0000000325280
    -265.00000000000    1.0000000325279
    -264.00000000000    1.0000000325275
    -263.00000000000    1.0000000325262
    -262.00000000000    1.0000000325215
    -261.00000000000    1.0000000325054
    -260.00000000000    1.0000000324528
    -259.00000000000    1.0000000322877
    -258.00000000000    1.0000000317929
    -257.00000000000    1.0000000303727
    -256.00000000000    1.0000000264723
    -255.00000000000    1.0000000162195
    -254.00000000000   0.99999999042198
    -253.00000000000   0.99999992828389
    -252.00000000000   0.99999978498934
    -251.00000000000   0.99999946858115
    -250.00000000000   0.99999879950783
    -249.00000000000   0.99999744438717
    -248.00000000000   0.99999481508185
    -247.00000000000   0.99998992680803
    -246.00000000000   0.99998121659929
    -245.00000000000   0.99996633723200
    -244.00000000000   0.99994196090494
    -243.00000000000   0.99990364756996
    -242.00000000000   0.99984584732784
    -241.00000000000   0.99976210519477
    -240.00000000000   0.99964551178422
    -239.00000000000   0.99948939328222
    -238.00000000000   0.99928816682622
    -237.00000000000   0.99903822163569
    -236.00000000000   0.99873864596586
    -235.00000000000   0.99839162536380
    -234.00000000000   0.99800239546689
    -233.00000000000   0.99757873047545
    -232.00000000000   0.99713005789917
    -231.00000000000   0.99666637661626
    -230.00000000000   0.99619719166334
    -229.00000000000   0.99573065662816
    -228.00000000000   0.99527304492863
    -227.00000000000   0.99482858102094
    -226.00000000000   0.99439958105755
    -225.00000000000   0.99398680098942
    -224.00000000000   0.99358987583497
    -223.00000000000   0.99320775078518
    -222.00000000000   0.99283903920206
    -221.00000000000   0.99248227973871
    -220.00000000000   0.99213609428685
    -219.00000000000   0.99179926581721
    -218.00000000000   0.99147076112856
    -217.00000000000   0.99114972159503
    -216.00000000000   0.99083543927444
    -215.00000000000   0.99052732937426
    -214.00000000000   0.99022490483797
    -213.00000000000   0.98992775528695
    -212.00000000000   0.98963553057231
    -211.00000000000   0.98934792830831
    -210.00000000000   0.98906468451898
    -209.00000000000   0.98878556659397
    -208.00000000000   0.98851036791697
    -207.00000000000   0.98823890370039
    -206.00000000000   0.98797100769788
    -205.00000000000   0.98770652956633
    -204.00000000000   0.98744533271798
    -203.00000000000   0.98718729254928
    -202.00000000000   0.98693229496490
    -201.00000000000   0.98668023513602
    -200.00000000000   0.98643101644741
    -199.00000000000   0.98618454959807
    -198.00000000000   0.98594075182812
    -197.00000000000   0.98569954625038
    -196.00000000000   0.98546086126934
    -195.00000000000   0.98522463007362
    -194.00000000000   0.98499079019073
    -193.00000000000   0.98475928309472
    -192.00000000000   0.98453005385919
    -191.00000000000   0.98430305084925
    -190.00000000000   0.98407822544715
    -189.00000000000   0.98385553180712
    -188.00000000000   0.98363492663565
    -187.00000000000   0.98341636899402
    -186.00000000000   0.98319982012028
    -185.00000000000   0.98298524326853
    -184.00000000000   0.98277260356324
    -183.00000000000   0.98256186786706
    -182.00000000000   0.98235300466061
    -181.00000000000   0.98214598393279
    -180.00000000000   0.98194077708072
    -179.00000000000   0.98173735681803
    -178.00000000000   0.98153569709088
    -177.00000000000   0.98133577300079
    -176.00000000000   0.98113756073364
    -175.00000000000   0.98094103749429
    -174.00000000000   0.98074618144620
    -173.00000000000   0.98055297165563
    -172.00000000000   0.98036138804003
    -171.00000000000   0.98017141132020
    -170.00000000000   0.97998302297583
    -169.00000000000   0.97979620520430
    -168.00000000000   0.97961094088223
    -167.00000000000   0.97942721352978
    -166.00000000000   0.97924500727725
    -165.00000000000   0.97906430683399
    -164.00000000000   0.97888509745930
    -163.00000000000   0.97870736493518
    -162.00000000000   0.97853109554089
    -161.00000000000   0.97835627602902
    -160.00000000000   0.97818289360310
    -159.00000000000   0.97801093589651
    -158.00000000000   0.97784039095271
    -157.00000000000   0.97767124720664
    -156.00000000000   0.97750349346715
    -155.00000000000   0.97733711890050
    -154.00000000000   0.97717211301478
    -153.00000000000   0.97700846564518
    -152.00000000000   0.97684616694013
    -151.00000000000   0.97668520734816
    -150.00000000000   0.97652557760545
    -149.00000000000   0.97636726872412
    -148.00000000000   0.97621027198104
    -147.00000000000   0.97605457890734
    -146.00000000000   0.97590018127832
    -145.00000000000   0.97574707110401
    -144.00000000000   0.97559524062012
    -143.00000000000   0.97544468227947
    -142.00000000000   0.97529538874381
    -141.00000000000   0.97514735287613
    -140.00000000000   0.97500056773322
    -139.00000000000   0.97485502655864
    -138.00000000000   0.97471072277607
    -137.00000000000   0.97456764998287
    -136.00000000000   0.97442580194402
    -135.00000000000   0.97428517258630
    -134.00000000000   0.97414575599273
    -133.00000000000   0.97400754639728
    -132.00000000000   0.97387053817979
    -131.00000000000   0.97373472586115
    -130.00000000000   0.97360010409864
    -129.00000000000   0.97346666768149
    -128.00000000000   0.97333441152668
    -127.00000000000   0.97320333067483
    -126.00000000000   0.97307342028631
    -125.00000000000   0.97294467563752
    -124.00000000000   0.97281709211731
    -123.00000000000   0.97269066522354
    -122.00000000000   0.97256539055977
    -121.00000000000   0.97244126383212
    -120.00000000000   0.97231828084621
    -119.00000000000   0.97219643750426
    -118.00000000000   0.97207572980228
    -117.00000000000   0.97195615382736
    -116.00000000000   0.97183770575507
    -115.00000000000   0.97172038184702
    -114.00000000000   0.97160417844840
    -113.00000000000   0.97148909198567
    -112.00000000000   0.97137511896440
    -111.00000000000   0.97126225596704
    -110.00000000000   0.97115049965094
    -109.00000000000   0.97103984674629
    -108.00000000000   0.97093029405424
    -107.00000000000   0.97082183844505
    -106.00000000000   0.97071447685631
   -105.000000000000   0.97060820629118
   -104.000000000000   0.97050302381679
   -103.000000000000   0.97039892656260
   -102.000000000000   0.97029591171885
   -101.000000000000   0.97019397653509
   -100.000000000000   0.97009311831873
    -99.000000000000   0.96999333443363
    -98.000000000000   0.96989462229876
    -97.000000000000   0.96979697938692
    -96.000000000000   0.96970040322344
    -95.000000000000   0.96960489138501
    -94.000000000000   0.96951044149845
    -93.000000000000   0.96941705123963
    -92.000000000000   0.96932471833231
    -91.000000000000   0.96923344054713
    -90.000000000000   0.96914321570053
    -89.000000000000   0.96905404165376
    -88.000000000000   0.96896591631196
    -87.000000000000   0.96887883762315
    -86.000000000000   0.96879280357738
    -85.000000000000   0.96870781220583
    -84.000000000000   0.96862386157993
    -83.000000000000   0.96854094981061
    -82.000000000000   0.96845907504741
    -81.000000000000   0.96837823547778
    -80.000000000000   0.96829842932628
    -79.000000000000   0.96821965485387
    -78.000000000000   0.96814191035721
    -77.000000000000   0.96806519416796
    -76.000000000000   0.96798950465213
    -75.000000000000   0.96791484020942
    -74.000000000000   0.96784119927261
    -73.000000000000   0.96776858030695
    -72.000000000000   0.96769698180955
    -71.000000000000   0.96762640230886
    -70.000000000000   0.96755684036406
    -69.000000000000   0.96748829456455
    -68.000000000000   0.96742076352943
    -67.000000000000   0.96735424590699
    -66.000000000000   0.96728874037422
    -65.000000000000   0.96722424563632
    -64.000000000000   0.96716076042626
    -63.000000000000   0.96709828350431
    -62.000000000000   0.96703681365762
    -61.000000000000   0.96697634969979
    -60.000000000000   0.96691689047044
    -59.000000000000   0.96685843483487
    -58.000000000000   0.96680098168358
    -57.000000000000   0.96674452993200
    -56.000000000000   0.96668907852003
    -55.000000000000   0.96663462641177
    -54.000000000000   0.96658117259509
    -53.000000000000   0.96652871608138
    -52.000000000000   0.96647725590517
    -51.000000000000   0.96642679112384
    -50.000000000000   0.96637732081733
    -49.000000000000   0.96632884408779
    -48.000000000000   0.96628136005937
    -47.000000000000   0.96623486787786
    -46.000000000000   0.96618936671051
    -45.000000000000   0.96614485574570
    -44.000000000000   0.96610133419271
    -43.000000000000   0.96605880128148
    -42.000000000000   0.96601725626238
    -41.000000000000   0.96597669840595
    -40.000000000000   0.96593712700272
    -39.000000000000   0.96589854136295
    -38.000000000000   0.96586094081648
    -37.000000000000   0.96582432471245
    -36.000000000000   0.96578869241918
    -35.000000000000   0.96575404332395
    -34.000000000000   0.96572037683282
    -33.000000000000   0.96568769237045
    -32.000000000000   0.96565598937994
    -31.000000000000   0.96562526732266
    -30.000000000000   0.96559552567812
    -29.000000000000   0.96556676394377
    -28.000000000000   0.96553898163490
    -27.000000000000   0.96551217828448
    -26.000000000000   0.96548635344303
    -25.000000000000   0.96546150667847
    -24.000000000000   0.96543763757606
    -23.000000000000   0.96541474573820
    -22.000000000000   0.96539283078439
    -21.000000000000   0.96537189235106
    -20.000000000000   0.96535193009153
    -19.000000000000   0.96533294367585
    -18.000000000000   0.96531493279075
    -17.000000000000   0.96529789713956
    -16.000000000000   0.96528183644209
    -15.000000000000   0.96526675043457
    -14.000000000000   0.96525263886958
    -13.000000000000   0.96523950151598
    -12.000000000000   0.96522733815885
    -11.000000000000   0.96521614859943
   -10.0000000000000   0.96520593265504
    -9.0000000000000   0.96519669015906
    -8.0000000000000   0.96518842096090
    -7.0000000000000   0.96518112492591
    -6.0000000000000   0.96517480193535
    -5.0000000000000   0.96516945188642
    -4.0000000000000   0.96516507469215
    -3.0000000000000   0.96516167028143
    -2.0000000000000   0.96515923859897
    -1.0000000000000   0.96515777960529
   0.   0.96515729327669
     1.0000000000000   0.96515777960529
     2.0000000000000   0.96515923859897
     3.0000000000000   0.96516167028143
     4.0000000000000   0.96516507469215
     5.0000000000000   0.96516945188642
     6.0000000000000   0.96517480193535
     7.0000000000000   0.96518112492591
     8.0000000000000   0.96518842096090
     9.0000000000000   0.96519669015906
    10.0000000000000   0.96520593265504
     11.000000000000   0.96521614859943
     12.000000000000   0.96522733815885
     13.000000000000   0.96523950151598
     14.000000000000   0.96525263886958
     15.000000000000   0.96526675043457
     16.000000000000   0.96528183644209
     17.000000000000   0.96529789713956
     18.000000000000   0.96531493279075
     19.000000000000   0.96533294367585
     20.000000000000   0.96535193009153
     21.000000000000   0.96537189235106
     22.000000000000   0.96539283078439
     23.000000000000   0.96541474573820
     24.000000000000   0.96543763757606
     25.000000000000   0.96546150667847
     26.000000000000   0.96548635344303
     27.000000000000   0.96551217828448
     28.000000000000   0.96553898163490
     29.000000000000   0.96556676394377
     30.000000000000   0.96559552567812
     31.000000000000   0.96562526732266
     32.000000000000   0.96565598937994
     33.000000000000   0.96568769237045
     34.000000000000   0.96572037683282
     35.000000000000   0.96575404332395
     36.000000000000   0.96578869241918
     37.000000000000   0.96582432471245
     38.000000000000   0.96586094081648
     39.000000000000   0.96589854136295
     40.000000000000   0.96593712700272
     41.000000000000   0.96597669840595
     42.000000000000   0.96601725626238
     43.000000000000   0.96605880128148
     44.000000000000   0.96610133419271
     45.000000000000   0.96614485574570
     46.000000000000   0.96618936671051
     47.000000000000   0.96623486787786
     48.000000000000   0.96628136005936
     49.000000000000   0.96632884408779
     50.000000000000   0.96637732081733
     51.000000000000   0.96642679112384
     52.000000000000   0.96647725590517
     53.000000000000   0.96652871608138
     54.000000000000   0.96658117259509
     55.000000000000   0.96663462641177
     56.000000000000   0.96668907852003
     57.000000000000   0.96674452993200
     58.000000000000   0.96680098168358
     59.000000000000   0.96685843483487
     60.000000000000   0.96691689047044
     61.000000000000   0.96697634969979
     62.000000000000   0.96703681365762
     63.000000000000   0.96709828350431
     64.000000000000   0.96716076042626
     65.000000000000   0.96722424563632
     66.000000000000   0.96728874037422
     67.000000000000   0.96735424590699
     68.000000000000   0.96742076352943
     69.000000000000   0.96748829456455
     70.000000000000   0.96755684036406
     71.000000000000   0.96762640230886
     72.000000000000   0.96769698180955
     73.000000000000   0.96776858030695
     74.000000000000   0.96784119927261
     75.000000000000   0.96791484020942
     76.000000000000   0.96798950465213
     77.000000000000   0.96806519416796
     78.000000000000   0.96814191035721
     79.000000000000   0.96821965485387
     80.000000000000   0.96829842932628
     81.000000000000   0.96837823547778
     82.000000000000   0.96845907504741
     83.000000000000   0.96854094981061
     84.000000000000   0.96862386157993
     85.000000000000   0.96870781220583
     86.000000000000   0.96879280357738
     87.000000000000   0.96887883762315
     88.000000000000   0.96896591631196
     89.000000000000   0.96905404165376
     90.000000000000   0.96914321570053
     91.000000000000   0.96923344054713
     92.000000000000   0.96932471833231
     93.000000000000   0.96941705123963
     94.000000000000   0.96951044149845
     95.000000000000   0.96960489138501
     96.000000000000   0.96970040322344
     97.000000000000   0.96979697938692
     98.000000000000   0.96989462229876
     99.000000000000   0.96999333443363
    100.000000000000   0.97009311831873
    101.000000000000   0.97019397653509
    102.000000000000   0.97029591171885
    103.000000000000   0.97039892656260
    104.000000000000   0.97050302381679
    105.000000000000   0.97060820629118
     106.00000000000   0.97071447685631
     107.00000000000   0.97082183844505
     108.00000000000   0.97093029405424
     109.00000000000   0.97103984674629
     110.00000000000   0.97115049965094
     111.00000000000   0.97126225596704
     112.00000000000   0.97137511896440
     113.00000000000   0.97148909198567
     114.00000000000   0.97160417844840
     115.00000000000   0.97172038184702
     116.00000000000   0.97183770575507
     117.00000000000   0.97195615382736
     118.00000000000   0.97207572980228
     119.00000000000   0.97219643750426
     120.00000000000   0.97231828084621
     121.00000000000   0.97244126383212
     122.00000000000   0.97256539055977
     123.00000000000   0.97269066522354
     124.00000000000   0.97281709211731
     125.00000000000   0.97294467563752
     126.00000000000   0.97307342028631
     127.00000000000   0.97320333067483
     128.00000000000   0.97333441152668
     129.00000000000   0.97346666768149
     130.00000000000   0.97360010409864
     131.00000000000   0.97373472586115
     132.00000000000   0.97387053817979
     133.00000000000   0.97400754639728
     134.00000000000   0.97414575599273
     135.00000000000   0.97428517258630
     136.00000000000   0.97442580194402
     137.00000000000   0.97456764998287
     138.00000000000   0.97471072277607
     139.00000000000   0.97485502655864
     140.00000000000   0.97500056773322
     141.00000000000   0.97514735287613
     142.00000000000   0.97529538874381
     143.00000000000   0.97544468227947
     144.00000000000   0.97559524062012
     145.00000000000   0.97574707110401
     146.00000000000   0.97590018127832
     147.00000000000   0.97605457890734
     148.00000000000   0.97621027198104
     149.00000000000   0.97636726872412
     150.00000000000   0.97652557760545
     151.00000000000   0.97668520734816
     152.00000000000   0.97684616694013
     153.00000000000   0.97700846564518
     154.00000000000   0.97717211301478
     155.00000000000   0.97733711890050
     156.00000000000   0.97750349346715
     157.00000000000   0.97767124720664
     158.00000000000   0.97784039095271
     159.00000000000   0.97801093589650
     160.00000000000   0.97818289360310
     161.00000000000   0.97835627602902
     162.00000000000   0.97853109554089
     163.00000000000   0.97870736493518
     164.00000000000   0.97888509745930
     165.00000000000   0.97906430683399
     166.00000000000   0.97924500727725
     167.00000000000   0.97942721352978
     168.00000000000   0.97961094088223
     169.00000000000   0.97979620520430
     170.00000000000   0.97998302297583
     171.00000000000   0.98017141132020
     172.00000000000   0.98036138804003
     173.00000000000   0.98055297165563
     174.00000000000   0.98074618144620
     175.00000000000   0.98094103749429
     176.00000000000   0.98113756073364
     177.00000000000   0.98133577300079
     178.00000000000   0.98153569709088
     179.00000000000   0.98173735681803
     180.00000000000   0.98194077708072
     181.00000000000   0.98214598393279
     182.00000000000   0.98235300466061
     183.00000000000   0.98256186786706
     184.00000000000   0.98277260356324
     185.00000000000   0.98298524326853
     186.00000000000   0.98319982012028
     187.00000000000   0.98341636899402
     188.00000000000   0.98363492663565
     189.00000000000   0.98385553180712
     190.00000000000   0.98407822544715
     191.00000000000   0.98430305084925
     192.00000000000   0.98453005385919
     193.00000000000   0.98475928309472
     194.00000000000   0.98499079019073
     195.00000000000   0.98522463007362
     196.00000000000   0.98546086126934
     197.00000000000   0.98569954625038
     198.00000000000   0.98594075182812
     199.00000000000   0.98618454959807
     200.00000000000   0.98643101644741
     201.00000000000   0.98668023513602
     202.00000000000   0.98693229496490
     203.00000000000   0.98718729254928
     204.00000000000   0.98744533271798
     205.00000000000   0.98770652956633
     206.00000000000   0.98797100769788
     207.00000000000   0.98823890370039
     208.00000000000   0.98851036791697
     209.00000000000   0.98878556659397
     210.00000000000   0.98906468451898
     211.00000000000   0.98934792830831
     212.00000000000   0.98963553057231
     213.00000000000   0.98992775528695
     214.00000000000   0.99022490483797
     215.00000000000   0.99052732937426
     216.00000000000   0.99083543927444
     217.00000000000   0.99114972159503
     218.00000000000   0.99147076112856
     219.00000000000   0.99179926581721
     220.00000000000   0.99213609428685
     221.00000000000   0.99248227973871
     222.00000000000   0.99283903920206
     223.00000000000   0.99320775078518
     224.00000000000   0.99358987583497
     225.00000000000   0.99398680098942
     226.00000000000   0.99439958105755
     227.00000000000   0.99482858102094
     228.00000000000   0.99527304492863
     229.00000000000   0.99573065662816
     230.00000000000   0.99619719166334
     231.00000000000   0.99666637661626
     232.00000000000   0.99713005789917
     233.00000000000   0.99757873047545
     234.00000000000   0.99800239546689
     235.00000000000   0.99839162536380
     236.00000000000   0.99873864596586
     237.00000000000   0.99903822163569
     238.00000000000   0.99928816682622
     239.00000000000   0.99948939328222
     240.00000000000   0.99964551178422
     241.00000000000   0.99976210519477
     242.00000000000   0.99984584732784
     243.00000000000   0.99990364756995
     244.00000000000   0.99994196090494
     245.00000000000   0.99996633723200
     246.00000000000   0.99998121659929
     247.00000000000   0.99998992680803
     248.00000000000   0.99999481508185
     249.00000000000   0.99999744438717
     250.00000000000   0.99999879950783
     251.00000000000   0.99999946858114
     252.00000000000   0.99999978498934
     253.00000000000   0.99999992828389
     254.00000000000   0.99999999042198
     255.00000000000    1.0000000162195
     256.00000000000    1.0000000264723
     257.00000000000    1.0000000303727
     258.00000000000    1.0000000317929
     259.00000000000    1.0000000322877
     260.00000000000    1.0000000324528
     261.00000000000    1.0000000325054
     262.00000000000    1.0000000325215
     263.00000000000    1.0000000325262
     264.00000000000    1.0000000325275
     265.00000000000    1.0000000325279
     266.00000000000    1.0000000325280
     267.00000000000    1.0000000325280
     268.00000000000    1.0000000325280
     269.00000000000    1.0000000325280
     270.00000000000    1.0000000325280
     271.00000000000    1.0000000325280
     272.00000000000    1.0000000325280
     273.00000000000    1.0000000325280
     274.00000000000    1.0000000325280
     275.00000000000    1.0000000325280
     276.00000000000    1.0000000325280
     277.00000000000    1.0000000325280
     278.00000000000    1.0000000325280
     279.00000000000    1.0000000325280
     280.00000000000    1.0000000325280
     281.00000000000    1.0000000325280
     282.00000000000    1.0000000325280
     283.00000000000    1.0000000325280
     284.00000000000    1.0000000325280
     285.00000000000    1.0000000325280
     286.00000000000    1.0000000325280
     287.00000000000    1.0000000325280
     288.00000000000    1.0000000325280
     289.00000000000    1.0000000325280
     290.00000000000    1.0000000325280
     291.00000000000    1.0000000325280
     292.00000000000    1.0000000325280
     293.00000000000    1.0000000325280
     294.00000000000    1.0000000325280
     295.00000000000    1.0000000325280
     296.00000000000    1.0000000325280
     297.00000000000    1.0000000325280
     298.00000000000    1.0000000325280
     299.00000000000    1.0000000325280
     300.00000000000    1.0000000325280
     301.00000000000    1.0000000325280
     302.00000000000    1.0000000325280
     303.00000000000    1.0000000325280
     304.00000000000    1.0000000325280
     305.00000000000    1.0000000325280
     306.00000000000    1.0000000325280
     307.00000000000    1.0000000325280
     308.00000000000    1.0000000325280
     309.00000000000    1.0000000325280
     310.00000000000    1.0000000325280
     311.00000000000    1.0000000325280
     312.00000000000    1.0000000325280
     313.00000000000    1.0000000325280
     314.00000000000    1.0000000325280
     315.00000000000    1.0000000325280
     316.00000000000    1.0000000325280
     317.00000000000    1.0000000325280
     318.00000000000    1.0000000325280
     319.00000000000    1.0000000325280
     320.00000000000    1.0000000325280
     321.00000000000    1.0000000325280
     322.00000000000    1.0000000325280
     323.00000000000    1.0000000325280
     324.00000000000    1.0000000325280
     325.00000000000    1.0000000325280
     326.00000000000    1.0000000325280
     327.00000000000    1.0000000325280
     328.00000000000    1.0000000325280
     329.00000000000    1.0000000325280
     330.00000000000    1.0000000325280
     331.00000000000    1.0000000325280
     332.00000000000    1.0000000325280
     333.00000000000    1.0000000325280
     334.00000000000    1.0000000325280
     335.00000000000    1.0000000325280
     336.00000000000    1.0000000325280
     337.00000000000    1.0000000325280
     338.00000000000    1.0000000325280
     339.00000000000    1.0000000325280
     340.00000000000    1.0000000325280
     341.00000000000    1.0000000325280
     342.00000000000    1.0000000325280
     343.00000000000    1.0000000325280
     344.00000000000    1.0000000325280
     345.00000000000    1.0000000325280
     346.00000000000    1.0000000325280
     347.00000000000    1.0000000325280
     348.00000000000    1.0000000325280
     349.00000000000    1.0000000325280
     350.00000000000    1.0000000325280
     351.00000000000    1.0000000325280
     352.00000000000    1.0000000325280
     353.00000000000    1.0000000325280
     354.00000000000    1.0000000325280
     355.00000000000    1.0000000325280
     356.00000000000    1.0000000325280
     357.00000000000    1.0000000325280
     358.00000000000    1.0000000325280
     359.00000000000    1.0000000325280
     360.00000000000    1.0000000325280
     361.00000000000    1.0000000325280
     362.00000000000    1.0000000325280
     363.00000000000    1.0000000325280
     364.00000000000    1.0000000325280
     365.00000000000    1.0000000325280
     366.00000000000    1.0000000325280
     367.00000000000    1.0000000325280
     368.00000000000    1.0000000325280
     369.00000000000    1.0000000325280
     370.00000000000    1.0000000325280
     371.00000000000    1.0000000325280
     372.00000000000    1.0000000325280
     373.00000000000    1.0000000325280
     374.00000000000    1.0000000325280
     375.00000000000    1.0000000325280
     376.00000000000    1.0000000325280
     377.00000000000    1.0000000325280
     378.00000000000    1.0000000325280
     379.00000000000    1.0000000325280
     380.00000000000    1.0000000325280
     381.00000000000    1.0000000325280
     382.00000000000    1.0000000325280
     383.00000000000    1.0000000325280
     384.00000000000    1.0000000325280
     385.00000000000    1.0000000325280
     386.00000000000    1.0000000325280
     387.00000000000    1.0000000325280
     388.00000000000    1.0000000325280
     389.00000000000    1.0000000325280
     390.00000000000    1.0000000325280
     391.00000000000    1.0000000325280
     392.00000000000    1.0000000325280
     393.00000000000    1.0000000325280
     394.00000000000    1.0000000325280
     395.00000000000    1.0000000325280
     396.00000000000    1.0000000325280
     397.00000000000    1.0000000325280
     398.00000000000    1.0000000325280
     399.00000000000    1.0000000325280
     400.00000000000    1.0000000325280
     401.00000000000    1.0000000325280
     402.00000000000    1.0000000325280
     403.00000000000    1.0000000325280
     404.00000000000    1.0000000325280
     405.00000000000    1.0000000325280
     406.00000000000    1.0000000325280
     407.00000000000    1.0000000325280
     408.00000000000    1.0000000325280
     409.00000000000    1.0000000325280
     410.00000000000    1.0000000325280
     411.00000000000    1.0000000325280
     412.00000000000    1.0000000325280
     413.00000000000    1.0000000325280
     414.00000000000    1.0000000325280
     415.00000000000    1.0000000325280
     416.00000000000    1.0000000325280
     417.00000000000    1.0000000325280
     418.00000000000    1.0000000325280
     419.00000000000    1.0000000325280
     420.00000000000    1.0000000325280
     421.00000000000    1.0000000325280
     422.00000000000    1.0000000325280
     423.00000000000    1.0000000325280
     424.00000000000    1.0000000325280
     425.00000000000    1.0000000325280
     426.00000000000    1.0000000325280
     427.00000000000    1.0000000325280
     428.00000000000    1.0000000325280
     429.00000000000    1.0000000325280
     430.00000000000    1.0000000325280
     431.00000000000    1.0000000325280
     432.00000000000    1.0000000325280
     433.00000000000    1.0000000325280
     434.00000000000    1.0000000325280
     435.00000000000    1.0000000325280
     436.00000000000    1.0000000325280
     437.00000000000    1.0000000325280
     438.00000000000    1.0000000325280
     439.00000000000    1.0000000325280
     440.00000000000    1.0000000325280
     441.00000000000    1.0000000325280
     442.00000000000    1.0000000325280
     443.00000000000    1.0000000325280
     444.00000000000    1.0000000325280
     445.00000000000    1.0000000325280
     446.00000000000    1.0000000325280
     447.00000000000    1.0000000325280
     448.00000000000    1.0000000325280
     449.00000000000    1.0000000325280
     450.00000000000    1.0000000325280
     451.00000000000    1.0000000325280
     452.00000000000    1.0000000325280
     453.00000000000    1.0000000325280
     454.00000000000    1.0000000325280
     455.00000000000    1.0000000325280
     456.00000000000    1.0000000325280
     457.00000000000    1.0000000325280
     458.00000000000    1.0000000325280
     459.00000000000    1.0000000325280
     460.00000000000    1.0000000325280
     461.00000000000    1.0000000325280
     462.00000000000    1.0000000325280
     463.00000000000    1.0000000325280
     464.00000000000    1.0000000325280
     465.00000000000    1.0000000325280
     466.00000000000    1.0000000325280
     467.00000000000    1.0000000325280
     468.00000000000    1.0000000325280
     469.00000000000    1.0000000325280
     470.00000000000    1.0000000325280
     471.00000000000    1.0000000325280
     472.00000000000    1.0000000325280
     473.00000000000    1.0000000325280
     474.00000000000    1.0000000325280
     475.00000000000    1.0000000325280
     476.00000000000    1.0000000325280
     477.00000000000    1.0000000325280
     478.00000000000    1.0000000325280
     479.00000000000    1.0000000325280
     480.00000000000    1.0000000325280
     481.00000000000    1.0000000325280
     482.00000000000    1.0000000325280
     483.00000000000    1.0000000325280
     484.00000000000    1.0000000325280
     485.00000000000    1.0000000325280
     486.00000000000    1.0000000325280
     487.00000000000    1.0000000325280
     488.00000000000    1.0000000325280
     489.00000000000    1.0000000325280
     490.00000000000    1.0000000325280
     491.00000000000    1.0000000325280
     492.00000000000    1.0000000325280
     493.00000000000    1.0000000325280
     494.00000000000    1.0000000325280
     495.00000000000    1.0000000325280
     496.00000000000    1.0000000325280
     497.00000000000    1.0000000325280
     498.00000000000    1.0000000325280
     499.00000000000    1.0000000325280
     500.00000000000    1.0000000325280
