    -500.00000000000    1.0000000325280
    -499.00000000000    1.0000000325280
    -498.00000000000    1.0000000325280
    -497.00000000000    1.0000000325280
    -496.00000000000    1.0000000325280
    -495.00000000000    1.0000000325280
    -494.00000000000    1.0000000325280
    -493.00000000000    1.0000000325280
    -492.00000000000    1.0000000325280
    -491.00000000000    1.0000000325280
    -490.00000000000    1.0000000325280
    -489.00000000000    1.0000000325280
    -488.00000000000    1.0000000325280
    -487.00000000000    1.0000000325280
    -486.00000000000    1.0000000325280
    -485.00000000000    1.0000000325280
    -484.00000000000    1.0000000325280
    -483.00000000000    1.0000000325280
    -482.00000000000    1.0000000325280
    -481.00000000000    1.0000000325280
    -480.00000000000    1.0000000325280
    -479.00000000000    1.0000000325280
    -478.00000000000    1.0000000325280
    -477.00000000000    1.0000000325280
    -476.00000000000    1.0000000325280
    -475.00000000000    1.0000000325280
    -474.00000000000    1.0000000325280
    -473.00000000000    1.0000000325280
    -472.00000000000    1.0000000325280
    -471.00000000000    1.0000000325280
    -470.00000000000    1.0000000325280
    -469.00000000000    1.0000000325280
    -468.00000000000    1.0000000325280
    -467.00000000000    1.0000000325280
    -466.00000000000    1.0000000325280
    -465.00000000000    1.0000000325280
    -464.00000000000    1.0000000325280
    -463.00000000000    1.0000000325280
    -462.00000000000    1.0000000325280
    -461.00000000000    1.0000000325280
    -460.00000000000    1.0000000325280
    -459.00000000000    1.0000000325280
    -458.00000000000    1.0000000325280
    -457.00000000000    1.0000000325280
    -456.00000000000    1.0000000325280
    -455.00000000000    1.0000000325280
    -454.00000000000    1.0000000325280
    -453.00000000000    1.0000000325280
    -452.00000000000    1.0000000325280
    -451.00000000000    1.0000000325280
    -450.00000000000    1.0000000325280
    -449.00000000000    1.0000000325280
    -448.00000000000    1.0000000325280
    -447.00000000000    1.0000000325280
    -446.00000000000    1.0000000325280
    -445.00000000000    1.0000000325280
    -444.00000000000    1.0000000325280
    -443.00000000000    1.0000000325280
    -442.00000000000    1.0000000325280
    -441.00000000000    1.0000000325280
    -440.00000000000    1.0000000325280
    -439.00000000000    1.0000000325280
    -438.00000000000    1.0000000325280
    -437.00000000000    1.0000000325280
    -436.00000000000    1.0000000325280
    -435.00000000000    1.0000000325280
    -434.00000000000    1.0000000325280
    -433.00000000000    1.0000000325280
    -432.00000000000    1.0000000325280
    -431.00000000000    1.0000000325280
    -430.00000000000    1.0000000325280
    -429.00000000000    1.0000000325280
    -428.00000000000    1.0000000325280
    -427.00000000000    1.0000000325280
    -426.00000000000    1.0000000325280
    -425.00000000000    1.0000000325280
    -424.00000000000    1.0000000325280
    -423.00000000000    1.0000000325280
    -422.00000000000    1.0000000325280
    -421.00000000000    1.0000000325280
    -420.00000000000    1.0000000325280
    -419.00000000000    1.0000000325280
    -418.00000000000    1.0000000325280
    -417.00000000000    1.0000000325280
    -416.00000000000    1.0000000325280
    -415.00000000000    1.0000000325280
    -414.00000000000    1.0000000325280
    -413.00000000000    1.0000000325280
    -412.00000000000    1.0000000325280
    -411.00000000000    1.0000000325280
    -410.00000000000    1.0000000325280
    -409.00000000000    1.0000000325280
    -408.00000000000    1.0000000325280
    -407.00000000000    1.0000000325280
    -406.00000000000    1.0000000325280
    -405.00000000000    1.0000000325280
    -404.00000000000    1.0000000325280
    -403.00000000000    1.0000000325280
    -402.00000000000    1.0000000325280
    -401.00000000000    1.0000000325280
    -400.00000000000    1.0000000325280
    -399.00000000000    1.0000000325280
    -398.00000000000    1.0000000325280
    -397.00000000000    1.0000000325280
    -396.00000000000    1.0000000325280
    -395.00000000000    1.0000000325280
    -394.00000000000    1.0000000325280
    -393.00000000000    1.0000000325280
    -392.00000000000    1.0000000325280
    -391.00000000000    1.0000000325280
    -390.00000000000    1.0000000325280
    -389.00000000000    1.0000000325280
    -388.00000000000    1.0000000325280
    -387.00000000000    1.0000000325280
    -386.00000000000    1.0000000325280
    -385.00000000000    1.0000000325280
    -384.00000000000    1.0000000325280
    -383.00000000000    1.0000000325280
    -382.00000000000    1.0000000325280
    -381.00000000000    1.0000000325280
    -380.00000000000    1.0000000325280
    -379.00000000000    1.0000000325280
    -378.00000000000    1.0000000325280
    -377.00000000000    1.0000000325280
    -376.00000000000    1.0000000325280
    -375.00000000000    1.0000000325280
    -374.00000000000    1.0000000325280
    -373.00000000000    1.0000000325280
    -372.00000000000    1.0000000325280
    -371.00000000000    1.0000000325280
    -370.00000000000    1.0000000325280
    -369.00000000000    1.0000000325280
    -368.00000000000    1.0000000325280
    -367.00000000000    1.0000000325280
    -366.00000000000    1.0000000325280
    -365.00000000000    1.0000000325280
    -364.00000000000    1.0000000325280
    -363.00000000000    1.0000000325280
    -362.00000000000    1.0000000325280
    -361.00000000000    1.0000000325280
    -360.00000000000    1.0000000325280
    -359.00000000000    1.0000000325280
    -358.00000000000    1.0000000325280
    -357.00000000000    1.0000000325280
    -356.00000000000    1.0000000325280
    -355.00000000000    1.0000000325280
    -354.00000000000    1.0000000325280
    -353.00000000000    1.0000000325280
    -352.00000000000    1.0000000325280
    -351.00000000000    1.0000000325280
    -350.00000000000    1.0000000325280
    -349.00000000000    1.0000000325280
    -348.00000000000    1.0000000325280
    -347.00000000000    1.0000000325280
    -346.00000000000    1.0000000325280
    -345.00000000000    1.0000000325280
    -344.00000000000    1.0000000325280
    -343.00000000000    1.0000000325280
    -342.00000000000    1.0000000325280
    -341.00000000000    1.0000000325280
    -340.00000000000    1.0000000325280
    -339.00000000000    1.0000000325280
    -338.00000000000    1.0000000325280
    -337.00000000000    1.0000000325280
    -336.00000000000    1.0000000325280
    -335.00000000000    1.0000000325280
    -334.00000000000    1.0000000325280
    -333.00000000000    1.0000000325280
    -332.00000000000    1.0000000325280
    -331.00000000000    1.0000000325280
    -330.00000000000    1.0000000325280
    -329.00000000000    1.0000000325280
    -328.00000000000    1.0000000325280
    -327.00000000000    1.0000000325280
    -326.00000000000    1.0000000325280
    -325.00000000000    1.0000000325280
    -324.00000000000    1.0000000325280
    -323.00000000000    1.0000000325280
    -322.00000000000    1.0000000325280
    -321.00000000000    1.0000000325280
    -320.00000000000    1.0000000325280
    -319.00000000000    1.0000000325280
    -318.00000000000    1.0000000325280
    -317.00000000000    1.0000000325280
    -316.00000000000    1.0000000325280
    -315.00000000000    1.0000000325280
    -314.00000000000    1.0000000325280
    -313.00000000000    1.0000000325280
    -312.00000000000    1.0000000325280
    -311.00000000000    1.0000000325280
    -310.00000000000    1.0000000325280
    -309.00000000000    1.0000000325280
    -308.00000000000    1.0000000325280
    -307.00000000000    1.0000000325280
    -306.00000000000    1.0000000325280
    -305.00000000000    1.0000000325280
    -304.00000000000    1.0000000325280
    -303.00000000000    1.0000000325280
    -302.00000000000    1.0000000325280
    -301.00000000000    1.0000000325280
    -300.00000000000    1.0000000325280
    -299.00000000000    1.0000000325280
    -298.00000000000    1.0000000325280
    -297.00000000000    1.0000000325280
    -296.00000000000    1.0000000325280
    -295.00000000000    1.0000000325280
    -294.00000000000    1.0000000325280
    -293.00000000000    1.0000000325280
    -292.00000000000    1.0000000325280
    -291.00000000000    1.0000000325280
    -290.00000000000    1.0000000325280
    -289.00000000000    1.0000000325280
    -288.00000000000    1.0000000325280
    -287.00000000000    1.0000000325280
    -286.00000000000    1.0000000325280
    -285.00000000000    1.0000000325280
    -284.00000000000    1.0000000325280
    -283.00000000000    1.0000000325280
    -282.00000000000    1.0000000325280
    -281.00000000000    1.0000000325280
    -280.00000000000    1.0000000325280
    -279.00000000000    1.0000000325280
    -278.00000000000    1.0000000325280
    -277.00000000000    1.0000000325280
    -276.00000000000    1.0000000325280
    -275.00000000000    1.0000000325280
    -274.00000000000    1.0000000325280
    -273.00000000000    1.0000000325280
    -272.00000000000    1.0000000325280
    -271.00000000000    1.0000000325280
    -270.00000000000    1.0000000325280
    -269.00000000000    1.0000000325280
    -268.00000000000    1.0000000325280
    -267.00000000000    1.0000000325280
    -266.00000000000    1.0000000325280
    -265.00000000000    1.0000000325280
    -264.00000000000    1.0000000325280
    -263.00000000000    1.0000000325280
    -262.00000000000    1.0000000325280
    -261.00000000000    1.0000000325280
    -260.00000000000    1.0000000325280
    -259.00000000000    1.0000000325280
    -258.00000000000    1.0000000325280
    -257.00000000000    1.0000000325280
    -256.00000000000    1.0000000325280
    -255.00000000000    1.0000000325280
    -254.00000000000    1.0000000325280
    -253.00000000000    1.0000000325280
    -252.00000000000    1.0000000325280
    -251.00000000000    1.0000000325280
    -250.00000000000    1.0000000325280
    -249.00000000000    1.0000000325280
    -248.00000000000    1.0000000325280
    -247.00000000000    1.0000000325280
    -246.00000000000    1.0000000325280
    -245.00000000000    1.0000000325280
    -244.00000000000    1.0000000325280
    -243.00000000000    1.0000000325280
    -242.00000000000    1.0000000325280
    -241.00000000000    1.0000000325280
    -240.00000000000    1.0000000325280
    -239.00000000000    1.0000000325280
    -238.00000000000    1.0000000325280
    -237.00000000000    1.0000000325280
    -236.00000000000    1.0000000325280
    -235.00000000000    1.0000000325280
    -234.00000000000    1.0000000325280
    -233.00000000000    1.0000000325280
    -232.00000000000    1.0000000325280
    -231.00000000000    1.0000000325280
    -230.00000000000    1.0000000325280
    -229.00000000000    1.0000000325280
    -228.00000000000    1.0000000325280
    -227.00000000000    1.0000000325280
    -226.00000000000    1.0000000325280
    -225.00000000000    1.0000000325280
    -224.00000000000    1.0000000325280
    -223.00000000000    1.0000000325279
    -222.00000000000    1.0000000325278
    -221.00000000000    1.0000000325273
    -220.00000000000    1.0000000325256
    -219.00000000000    1.0000000325191
    -218.00000000000    1.0000000324971
    -217.00000000000    1.0000000324251
    -216.00000000000    1.0000000321993
    -215.00000000000    1.0000000315220
    -214.00000000000    1.0000000295781
    -213.00000000000    1.0000000242383
    -212.00000000000    1.0000000101988
    -211.00000000000   0.99999997486609
    -210.00000000000   0.99999988974158
    -209.00000000000   0.99999969339232
    -208.00000000000   0.99999925972535
    -207.00000000000   0.99999834245334
    -206.00000000000   0.99999648411142
    -205.00000000000   0.99999287732776
    -204.00000000000   0.99998616960568
    -203.00000000000   0.99997421325682
    -202.00000000000   0.99995378101236
    -201.00000000000   0.99992029419846
    -200.00000000000   0.99986763876273
    -199.00000000000   0.99978816460935
    -198.00000000000   0.99967296253225
    -197.00000000000   0.99951247944023
    -196.00000000000   0.99929746399682
    -195.00000000000   0.99902014248657
    -194.00000000000   0.99867543407715
    -193.00000000000   0.99826195857598
    -192.00000000000   0.99778259615738
    -191.00000000000   0.99724443681271
    -190.00000000000   0.99665809102687
    -189.00000000000   0.99603648348011
    -188.00000000000   0.99539337096980
    -187.00000000000   0.99474187694403
    -186.00000000000   0.99409330548519
    -185.00000000000   0.99345640316837
    -184.00000000000   0.99283711386970
    -183.00000000000   0.99223875955181
    -182.00000000000   0.99166250865750
    -181.00000000000   0.99110797324332
    -180.00000000000   0.99057379839118
    -179.00000000000   0.99005815404411
    -178.00000000000   0.98955909017271
    -177.00000000000   0.98907475667115
    -176.00000000000   0.98860351342061
    -175.00000000000   0.98814396439862
    -174.00000000000   0.98769494731879
    -173.00000000000   0.98725550260207
    -172.00000000000   0.98682483684382
    -171.00000000000   0.98640228879666
    -170.00000000000   0.98598730104626
    -169.00000000000   0.98557939782019
    -168.00000000000   0.98517816813421
    -167.00000000000   0.98478325312986
    -166.00000000000   0.98439433652939
    -165.00000000000   0.98401113735264
    -164.00000000000   0.98363340426704
    -163.00000000000   0.98326091112732
    -162.00000000000   0.98289345339554
    -161.00000000000   0.98253084522587
    -160.00000000000   0.98217291706043
    -159.00000000000   0.98181951362545
    -158.00000000000   0.98147049224535
    -157.00000000000   0.98112572141299
    -156.00000000000   0.98078507956832
    -155.00000000000   0.98044845404836
    -154.00000000000   0.98011574017925
    -153.00000000000   0.97978684048696
    -152.00000000000   0.97946166400778
    -151.00000000000   0.97914012568333
    -150.00000000000   0.97882214582746
    -149.00000000000   0.97850764965464
    -148.00000000000   0.97819656686134
    -147.00000000000   0.97788883125313
    -146.00000000000   0.97758438041138
    -145.00000000000   0.97728315539456
    -144.00000000000   0.97698510046977
    -143.00000000000   0.97669016287073
    -142.00000000000   0.97639829257914
    -141.00000000000   0.97610944212665
    -140.00000000000   0.97582356641506
    -139.00000000000   0.97554062255277
    -138.00000000000   0.97526056970565
    -137.00000000000   0.97498336896082
    -136.00000000000   0.97470898320202
    -135.00000000000   0.97443737699521
    -134.00000000000   0.97416851648370
    -133.00000000000   0.97390236929142
    -132.00000000000   0.97363890443405
    -131.00000000000   0.97337809223676
    -130.00000000000   0.97311990425834
    -129.00000000000   0.97286431322092
    -128.00000000000   0.97261129294483
    -127.00000000000   0.97236081828816
    -126.00000000000   0.97211286509058
    -125.00000000000   0.97186741012106
    -124.00000000000   0.97162443102925
    -123.00000000000   0.97138390630000
    -122.00000000000   0.97114581521105
    -121.00000000000   0.97091013779338
    -120.00000000000   0.97067685479414
    -119.00000000000   0.97044594764199
    -118.00000000000   0.97021739841454
    -117.00000000000   0.96999118980779
    -116.00000000000   0.96976730510755
    -115.00000000000   0.96954572816240
    -114.00000000000   0.96932644335839
    -113.00000000000   0.96910943559516
    -112.00000000000   0.96889469026341
    -111.00000000000   0.96868219322376
    -110.00000000000   0.96847193078665
    -109.00000000000   0.96826388969346
    -108.00000000000   0.96805805709864
    -107.00000000000   0.96785442055280
    -106.00000000000   0.96765296798668
   -105.000000000000   0.96745368769603
   -104.000000000000   0.96725656832721
   -103.000000000000   0.96706159886360
   -102.000000000000   0.96686876861264
   -101.000000000000   0.96667806719355
   -100.000000000000   0.96648948452570
    -99.000000000000   0.96630301081749
    -98.000000000000   0.96611863655583
    -97.000000000000   0.96593635249608
    -96.000000000000   0.96575614965250
    -95.000000000000   0.96557801928916
    -94.000000000000   0.96540195291124
    -93.000000000000   0.96522794225678
    -92.000000000000   0.96505597928877
    -91.000000000000   0.96488605618761
    -90.000000000000   0.96471816534393
    -89.000000000000   0.96455229935171
    -88.000000000000   0.96438845100171
    -87.000000000000   0.96422661327518
    -86.000000000000   0.96406677933785
    -85.000000000000   0.96390894253422
    -84.000000000000   0.96375309638200
    -83.000000000000   0.96359923456685
    -82.000000000000   0.96344735093736
    -81.000000000000   0.96329743950019
    -80.000000000000   0.96314949441543
    -79.000000000000   0.96300350999214
    -78.000000000000   0.96285948068412
    -77.000000000000   0.96271740108577
    -76.000000000000   0.96257726592818
    -75.000000000000   0.96243907007534
    -74.000000000000   0.96230280852055
    -73.000000000000   0.96216847638289
    -72.000000000000   0.96203606890390
    -71.000000000000   0.96190558144434
    -70.000000000000   0.96177700948115
    -69.000000000000   0.96165034860440
    -68.000000000000   0.96152559451447
    -67.000000000000   0.96140274301929
    -66.000000000000   0.96128179003171
    -65.000000000000   0.96116273156689
    -64.000000000000   0.96104556373990
    -63.000000000000   0.96093028276335
    -62.000000000000   0.96081688494508
    -61.000000000000   0.96070536668600
    -60.000000000000   0.96059572447795
    -59.000000000000   0.96048795490168
    -58.000000000000   0.96038205462489
    -57.000000000000   0.96027802040033
    -56.000000000000   0.96017584906398
    -55.000000000000   0.96007553753329
    -54.000000000000   0.95997708280552
    -53.000000000000   0.95988048195603
    -52.000000000000   0.95978573213681
    -51.000000000000   0.95969283057486
    -50.000000000000   0.95960177457081
    -49.000000000000   0.95951256149746
    -48.000000000000   0.95942518879844
    -47.000000000000   0.95933965398689
    -46.000000000000   0.95925595464421
    -45.000000000000   0.95917408841882
    -44.000000000000   0.95909405302501
    -43.000000000000   0.95901584624180
    -42.000000000000   0.95893946591184
    -41.000000000000   0.95886490994036
    -40.000000000000   0.95879217629418
    -39.000000000000   0.95872126300071
    -38.000000000000   0.95865216814702
    -37.000000000000   0.95858488987893
    -36.000000000000   0.95851942640018
    -35.000000000000   0.95845577597151
    -34.000000000000   0.95839393690995
    -33.000000000000   0.95833390758798
    -32.000000000000   0.95827568643282
    -31.000000000000   0.95821927192570
    -30.000000000000   0.95816466260119
    -29.000000000000   0.95811185704652
    -28.000000000000   0.95806085390097
    -27.000000000000   0.95801165185528
    -26.000000000000   0.95796424965102
    -25.000000000000   0.95791864608010
    -24.000000000000   0.95787483998420
    -23.000000000000   0.95783283025428
    -22.000000000000   0.95779261583011
    -21.000000000000   0.95775419569981
    -20.000000000000   0.95771756889938
    -19.000000000000   0.95768273451235
    -18.000000000000   0.95764969166934
    -17.000000000000   0.95761843954774
    -16.000000000000   0.95758897737129
    -15.000000000000   0.95756130440982
    -14.000000000000   0.95753541997893
    -13.000000000000   0.95751132343966
    -12.000000000000   0.95748901419830
    -11.000000000000   0.95746849170606
   -10.0000000000000   0.95744975545891
    -9.0000000000000   0.95743280499731
    -8.0000000000000   0.95741763990609
    -7.0000000000000   0.95740425981422
    -6.0000000000000   0.95739266439467
    -5.0000000000000   0.95738285336430
    -4.0000000000000   0.95737482648373
    -3.0000000000000   0.95736858355722
    -2.0000000000000   0.95736412443263
    -1.0000000000000   0.95736144900132
   0.   0.95736055719812
     1.0000000000000   0.95736144900132
     2.0000000000000   0.95736412443263
     3.0000000000000   0.95736858355722
     4.0000000000000   0.95737482648373
     5.0000000000000   0.95738285336430
     6.0000000000000   0.95739266439467
     7.0000000000000   0.95740425981422
     8.0000000000000   0.95741763990609
     9.0000000000000   0.95743280499731
    10.0000000000000   0.95744975545891
     11.000000000000   0.95746849170606
     12.000000000000   0.95748901419830
     13.000000000000   0.95751132343966
     14.000000000000   0.95753541997893
     15.000000000000   0.95756130440982
     16.000000000000   0.95758897737128
     17.000000000000   0.95761843954773
     18.000000000000   0.95764969166934
     19.000000000000   0.95768273451235
     20.000000000000   0.95771756889938
     21.000000000000   0.95775419569981
     22.000000000000   0.95779261583011
     23.000000000000   0.95783283025428
     24.000000000000   0.95787483998420
     25.000000000000   0.95791864608010
     26.000000000000   0.95796424965102
     27.000000000000   0.95801165185528
     28.000000000000   0.95806085390097
     29.000000000000   0.95811185704652
     30.000000000000   0.95816466260119
     31.000000000000   0.95821927192570
     32.000000000000   0.95827568643282
     33.000000000000   0.95833390758798
     34.000000000000   0.95839393690995
     35.000000000000   0.95845577597151
     36.000000000000   0.95851942640018
     37.000000000000   0.95858488987893
     38.000000000000   0.95865216814702
     39.000000000000   0.95872126300071
     40.000000000000   0.95879217629418
     41.000000000000   0.95886490994036
     42.000000000000   0.95893946591184
     43.000000000000   0.95901584624180
     44.000000000000   0.95909405302501
     45.000000000000   0.95917408841882
     46.000000000000   0.95925595464421
     47.000000000000   0.95933965398689
     48.000000000000   0.95942518879844
     49.000000000000   0.95951256149746
     50.000000000000   0.95960177457081
     51.000000000000   0.95969283057486
     52.000000000000   0.95978573213681
     53.000000000000   0.95988048195603
     54.000000000000   0.95997708280552
     55.000000000000   0.96007553753329
     56.000000000000   0.96017584906398
     57.000000000000   0.96027802040033
     58.000000000000   0.96038205462489
     59.000000000000   0.96048795490168
     60.000000000000   0.96059572447795
     61.000000000000   0.96070536668600
     62.000000000000   0.96081688494508
     63.000000000000   0.96093028276335
     64.000000000000   0.96104556373990
     65.000000000000   0.96116273156689
     66.000000000000   0.96128179003171
     67.000000000000   0.96140274301929
     68.000000000000   0.96152559451447
     69.000000000000   0.96165034860440
     70.000000000000   0.96177700948115
     71.000000000000   0.96190558144434
     72.000000000000   0.96203606890390
     73.000000000000   0.96216847638289
     74.000000000000   0.96230280852055
     75.000000000000   0.96243907007534
     76.000000000000   0.96257726592818
     77.000000000000   0.96271740108577
     78.000000000000   0.96285948068412
     79.000000000000   0.96300350999214
     80.000000000000   0.96314949441543
     81.000000000000   0.96329743950019
     82.000000000000   0.96344735093736
     83.000000000000   0.96359923456685
     84.000000000000   0.96375309638200
     85.000000000000   0.96390894253422
     86.000000000000   0.96406677933786
     87.000000000000   0.96422661327518
     88.000000000000   0.96438845100171
     89.000000000000   0.96455229935171
     90.000000000000   0.96471816534393
     91.000000000000   0.96488605618761
     92.000000000000   0.96505597928877
     93.000000000000   0.96522794225678
     94.000000000000   0.96540195291124
     95.000000000000   0.96557801928916
     96.000000000000   0.96575614965250
     97.000000000000   0.96593635249608
     98.000000000000   0.96611863655583
     99.000000000000   0.96630301081749
    100.000000000000   0.96648948452570
    101.000000000000   0.96667806719355
    102.000000000000   0.96686876861264
    103.000000000000   0.96706159886360
    104.000000000000   0.96725656832721
    105.000000000000   0.96745368769603
     106.00000000000   0.96765296798668
     107.00000000000   0.96785442055280
     108.00000000000   0.96805805709864
     109.00000000000   0.96826388969346
     110.00000000000   0.96847193078665
     111.00000000000   0.96868219322376
     112.00000000000   0.96889469026341
     113.00000000000   0.96910943559516
     114.00000000000   0.96932644335839
     115.00000000000   0.96954572816240
     116.00000000000   0.96976730510755
     117.00000000000   0.96999118980779
     118.00000000000   0.97021739841454
     119.00000000000   0.97044594764199
     120.00000000000   0.97067685479414
     121.00000000000   0.97091013779338
     122.00000000000   0.97114581521105
     123.00000000000   0.97138390630000
     124.00000000000   0.97162443102925
     125.00000000000   0.97186741012106
     126.00000000000   0.97211286509058
     127.00000000000   0.97236081828816
     128.00000000000   0.97261129294483
     129.00000000000   0.97286431322092
     130.00000000000   0.97311990425834
     131.00000000000   0.97337809223676
     132.00000000000   0.97363890443405
     133.00000000000   0.97390236929142
     134.00000000000   0.97416851648370
     135.00000000000   0.97443737699521
     136.00000000000   0.97470898320202
     137.00000000000   0.97498336896082
     138.00000000000   0.97526056970565
     139.00000000000   0.97554062255277
     140.00000000000   0.97582356641506
     141.00000000000   0.97610944212665
     142.00000000000   0.97639829257914
     143.00000000000   0.97669016287073
     144.00000000000   0.97698510046977
     145.00000000000   0.97728315539456
     146.00000000000   0.97758438041138
     147.00000000000   0.97788883125313
     148.00000000000   0.97819656686134
     149.00000000000   0.97850764965463
     150.00000000000   0.97882214582746
     151.00000000000   0.97914012568333
     152.00000000000   0.97946166400778
     153.00000000000   0.97978684048696
     154.00000000000   0.98011574017925
     155.00000000000   0.98044845404836
     156.00000000000   0.98078507956832
     157.00000000000   0.98112572141299
     158.00000000000   0.98147049224535
     159.00000000000   0.98181951362545
     160.00000000000   0.98217291706043
     161.00000000000   0.98253084522587
     162.00000000000   0.98289345339554
     163.00000000000   0.98326091112732
     164.00000000000   0.98363340426704
     165.00000000000   0.98401113735263
     166.00000000000   0.98439433652939
     167.00000000000   0.98478325312986
     168.00000000000   0.98517816813421
     169.00000000000   0.98557939782019
     170.00000000000   0.98598730104626
     171.00000000000   0.98640228879666
     172.00000000000   0.98682483684382
     173.00000000000   0.98725550260207
     174.00000000000   0.98769494731879
     175.00000000000   0.98814396439862
     176.00000000000   0.98860351342061
     177.00000000000   0.98907475667115
     178.00000000000   0.98955909017270
     179.00000000000   0.99005815404411
     180.00000000000   0.99057379839118
     181.00000000000   0.99110797324332
     182.00000000000   0.99166250865750
     183.00000000000   0.99223875955181
     184.00000000000   0.99283711386970
     185.00000000000   0.99345640316837
     186.00000000000   0.99409330548519
     187.00000000000   0.99474187694403
     188.00000000000   0.99539337096980
     189.00000000000   0.99603648348011
     190.00000000000   0.99665809102687
     191.00000000000   0.99724443681271
     192.00000000000   0.99778259615738
     193.00000000000   0.99826195857598
     194.00000000000   0.99867543407715
     195.00000000000   0.99902014248657
     196.00000000000   0.99929746399682
     197.00000000000   0.99951247944023
     198.00000000000   0.99967296253225
     199.00000000000   0.99978816460935
     200.00000000000   0.99986763876273
     201.00000000000   0.99992029419846
     202.00000000000   0.99995378101236
     203.00000000000   0.99997421325682
     204.00000000000   0.99998616960568
     205.00000000000   0.99999287732776
     206.00000000000   0.99999648411142
     207.00000000000   0.99999834245334
     208.00000000000   0.99999925972535
     209.00000000000   0.99999969339232
     210.00000000000   0.99999988974158
     211.00000000000   0.99999997486609
     212.00000000000    1.0000000101988
     213.00000000000    1.0000000242383
     214.00000000000    1.0000000295781
     215.00000000000    1.0000000315220
     216.00000000000    1.0000000321993
     217.00000000000    1.0000000324251
     218.00000000000    1.0000000324971
     219.00000000000    1.0000000325191
     220.00000000000    1.0000000325256
     221.00000000000    1.0000000325273
     222.00000000000    1.0000000325278
     223.00000000000    1.0000000325279
     224.00000000000    1.0000000325280
     225.00000000000    1.0000000325280
     226.00000000000    1.0000000325280
     227.00000000000    1.0000000325280
     228.00000000000    1.0000000325280
     229.00000000000    1.0000000325280
     230.00000000000    1.0000000325280
     231.00000000000    1.0000000325280
     232.00000000000    1.0000000325280
     233.00000000000    1.0000000325280
     234.00000000000    1.0000000325280
     235.00000000000    1.0000000325280
     236.00000000000    1.0000000325280
     237.00000000000    1.0000000325280
     238.00000000000    1.0000000325280
     239.00000000000    1.0000000325280
     240.00000000000    1.0000000325280
     241.00000000000    1.0000000325280
     242.00000000000    1.0000000325280
     243.00000000000    1.0000000325280
     244.00000000000    1.0000000325280
     245.00000000000    1.0000000325280
     246.00000000000    1.0000000325280
     247.00000000000    1.0000000325280
     248.00000000000    1.0000000325280
     249.00000000000    1.0000000325280
     250.00000000000    1.0000000325280
     251.00000000000    1.0000000325280
     252.00000000000    1.0000000325280
     253.00000000000    1.0000000325280
     254.00000000000    1.0000000325280
     255.00000000000    1.0000000325280
     256.00000000000    1.0000000325280
     257.00000000000    1.0000000325280
     258.00000000000    1.0000000325280
     259.00000000000    1.0000000325280
     260.00000000000    1.0000000325280
     261.00000000000    1.0000000325280
     262.00000000000    1.0000000325280
     263.00000000000    1.0000000325280
     264.00000000000    1.0000000325280
     265.00000000000    1.0000000325280
     266.00000000000    1.0000000325280
     267.00000000000    1.0000000325280
     268.00000000000    1.0000000325280
     269.00000000000    1.0000000325280
     270.00000000000    1.0000000325280
     271.00000000000    1.0000000325280
     272.00000000000    1.0000000325280
     273.00000000000    1.0000000325280
     274.00000000000    1.0000000325280
     275.00000000000    1.0000000325280
     276.00000000000    1.0000000325280
     277.00000000000    1.0000000325280
     278.00000000000    1.0000000325280
     279.00000000000    1.0000000325280
     280.00000000000    1.0000000325280
     281.00000000000    1.0000000325280
     282.00000000000    1.0000000325280
     283.00000000000    1.0000000325280
     284.00000000000    1.0000000325280
     285.00000000000    1.0000000325280
     286.00000000000    1.0000000325280
     287.00000000000    1.0000000325280
     288.00000000000    1.0000000325280
     289.00000000000    1.0000000325280
     290.00000000000    1.0000000325280
     291.00000000000    1.0000000325280
     292.00000000000    1.0000000325280
     293.00000000000    1.0000000325280
     294.00000000000    1.0000000325280
     295.00000000000    1.0000000325280
     296.00000000000    1.0000000325280
     297.00000000000    1.0000000325280
     298.00000000000    1.0000000325280
     299.00000000000    1.0000000325280
     300.00000000000    1.0000000325280
     301.00000000000    1.0000000325280
     302.00000000000    1.0000000325280
     303.00000000000    1.0000000325280
     304.00000000000    1.0000000325280
     305.00000000000    1.0000000325280
     306.00000000000    1.0000000325280
     307.00000000000    1.0000000325280
     308.00000000000    1.0000000325280
     309.00000000000    1.0000000325280
     310.00000000000    1.0000000325280
     311.00000000000    1.0000000325280
     312.00000000000    1.0000000325280
     313.00000000000    1.0000000325280
     314.00000000000    1.0000000325280
     315.00000000000    1.0000000325280
     316.00000000000    1.0000000325280
     317.00000000000    1.0000000325280
     318.00000000000    1.0000000325280
     319.00000000000    1.0000000325280
     320.00000000000    1.0000000325280
     321.00000000000    1.0000000325280
     322.00000000000    1.0000000325280
     323.00000000000    1.0000000325280
     324.00000000000    1.0000000325280
     325.00000000000    1.0000000325280
     326.00000000000    1.0000000325280
     327.00000000000    1.0000000325280
     328.00000000000    1.0000000325280
     329.00000000000    1.0000000325280
     330.00000000000    1.0000000325280
     331.00000000000    1.0000000325280
     332.00000000000    1.0000000325280
     333.00000000000    1.0000000325280
     334.00000000000    1.0000000325280
     335.00000000000    1.0000000325280
     336.00000000000    1.0000000325280
     337.00000000000    1.0000000325280
     338.00000000000    1.0000000325280
     339.00000000000    1.0000000325280
     340.00000000000    1.0000000325280
     341.00000000000    1.0000000325280
     342.00000000000    1.0000000325280
     343.00000000000    1.0000000325280
     344.00000000000    1.0000000325280
     345.00000000000    1.0000000325280
     346.00000000000    1.0000000325280
     347.00000000000    1.0000000325280
     348.00000000000    1.0000000325280
     349.00000000000    1.0000000325280
     350.00000000000    1.0000000325280
     351.00000000000    1.0000000325280
     352.00000000000    1.0000000325280
     353.00000000000    1.0000000325280
     354.00000000000    1.0000000325280
     355.00000000000    1.0000000325280
     356.00000000000    1.0000000325280
     357.00000000000    1.0000000325280
     358.00000000000    1.0000000325280
     359.00000000000    1.0000000325280
     360.00000000000    1.0000000325280
     361.00000000000    1.0000000325280
     362.00000000000    1.0000000325280
     363.00000000000    1.0000000325280
     364.00000000000    1.0000000325280
     365.00000000000    1.0000000325280
     366.00000000000    1.0000000325280
     367.00000000000    1.0000000325280
     368.00000000000    1.0000000325280
     369.00000000000    1.0000000325280
     370.00000000000    1.0000000325280
     371.00000000000    1.0000000325280
     372.00000000000    1.0000000325280
     373.00000000000    1.0000000325280
     374.00000000000    1.0000000325280
     375.00000000000    1.0000000325280
     376.00000000000    1.0000000325280
     377.00000000000    1.0000000325280
     378.00000000000    1.0000000325280
     379.00000000000    1.0000000325280
     380.00000000000    1.0000000325280
     381.00000000000    1.0000000325280
     382.00000000000    1.0000000325280
     383.00000000000    1.0000000325280
     384.00000000000    1.0000000325280
     385.00000000000    1.0000000325280
     386.00000000000    1.0000000325280
     387.00000000000    1.0000000325280
     388.00000000000    1.0000000325280
     389.00000000000    1.0000000325280
     390.00000000000    1.0000000325280
     391.00000000000    1.0000000325280
     392.00000000000    1.0000000325280
     393.00000000000    1.0000000325280
     394.00000000000    1.0000000325280
     395.00000000000    1.0000000325280
     396.00000000000    1.0000000325280
     397.00000000000    1.0000000325280
     398.00000000000    1.0000000325280
     399.00000000000    1.0000000325280
     400.00000000000    1.0000000325280
     401.00000000000    1.0000000325280
     402.00000000000    1.0000000325280
     403.00000000000    1.0000000325280
     404.00000000000    1.0000000325280
     405.00000000000    1.0000000325280
     406.00000000000    1.0000000325280
     407.00000000000    1.0000000325280
     408.00000000000    1.0000000325280
     409.00000000000    1.0000000325280
     410.00000000000    1.0000000325280
     411.00000000000    1.0000000325280
     412.00000000000    1.0000000325280
     413.00000000000    1.0000000325280
     414.00000000000    1.0000000325280
     415.00000000000    1.0000000325280
     416.00000000000    1.0000000325280
     417.00000000000    1.0000000325280
     418.00000000000    1.0000000325280
     419.00000000000    1.0000000325280
     420.00000000000    1.0000000325280
     421.00000000000    1.0000000325280
     422.00000000000    1.0000000325280
     423.00000000000    1.0000000325280
     424.00000000000    1.0000000325280
     425.00000000000    1.0000000325280
     426.00000000000    1.0000000325280
     427.00000000000    1.0000000325280
     428.00000000000    1.0000000325280
     429.00000000000    1.0000000325280
     430.00000000000    1.0000000325280
     431.00000000000    1.0000000325280
     432.00000000000    1.0000000325280
     433.00000000000    1.0000000325280
     434.00000000000    1.0000000325280
     435.00000000000    1.0000000325280
     436.00000000000    1.0000000325280
     437.00000000000    1.0000000325280
     438.00000000000    1.0000000325280
     439.00000000000    1.0000000325280
     440.00000000000    1.0000000325280
     441.00000000000    1.0000000325280
     442.00000000000    1.0000000325280
     443.00000000000    1.0000000325280
     444.00000000000    1.0000000325280
     445.00000000000    1.0000000325280
     446.00000000000    1.0000000325280
     447.00000000000    1.0000000325280
     448.00000000000    1.0000000325280
     449.00000000000    1.0000000325280
     450.00000000000    1.0000000325280
     451.00000000000    1.0000000325280
     452.00000000000    1.0000000325280
     453.00000000000    1.0000000325280
     454.00000000000    1.0000000325280
     455.00000000000    1.0000000325280
     456.00000000000    1.0000000325280
     457.00000000000    1.0000000325280
     458.00000000000    1.0000000325280
     459.00000000000    1.0000000325280
     460.00000000000    1.0000000325280
     461.00000000000    1.0000000325280
     462.00000000000    1.0000000325280
     463.00000000000    1.0000000325280
     464.00000000000    1.0000000325280
     465.00000000000    1.0000000325280
     466.00000000000    1.0000000325280
     467.00000000000    1.0000000325280
     468.00000000000    1.0000000325280
     469.00000000000    1.0000000325280
     470.00000000000    1.0000000325280
     471.00000000000    1.0000000325280
     472.00000000000    1.0000000325280
     473.00000000000    1.0000000325280
     474.00000000000    1.0000000325280
     475.00000000000    1.0000000325280
     476.00000000000    1.0000000325280
     477.00000000000    1.0000000325280
     478.00000000000    1.0000000325280
     479.00000000000    1.0000000325280
     480.00000000000    1.0000000325280
     481.00000000000    1.0000000325280
     482.00000000000    1.0000000325280
     483.00000000000    1.0000000325280
     484.00000000000    1.0000000325280
     485.00000000000    1.0000000325280
     486.00000000000    1.0000000325280
     487.00000000000    1.0000000325280
     488.00000000000    1.0000000325280
     489.00000000000    1.0000000325280
     490.00000000000    1.0000000325280
     491.00000000000    1.0000000325280
     492.00000000000    1.0000000325280
     493.00000000000    1.0000000325280
     494.00000000000    1.0000000325280
     495.00000000000    1.0000000325280
     496.00000000000    1.0000000325280
     497.00000000000    1.0000000325280
     498.00000000000    1.0000000325280
     499.00000000000    1.0000000325280
     500.00000000000    1.0000000325280
