    -500.00000000000    1.0000000325280
    -499.00000000000    1.0000000325280
    -498.00000000000    1.0000000325280
    -497.00000000000    1.0000000325280
    -496.00000000000    1.0000000325280
    -495.00000000000    1.0000000325280
    -494.00000000000    1.0000000325280
    -493.00000000000    1.0000000325280
    -492.00000000000    1.0000000325280
    -491.00000000000    1.0000000325280
    -490.00000000000    1.0000000325280
    -489.00000000000    1.0000000325280
    -488.00000000000    1.0000000325280
    -487.00000000000    1.0000000325280
    -486.00000000000    1.0000000325280
    -485.00000000000    1.0000000325280
    -484.00000000000    1.0000000325280
    -483.00000000000    1.0000000325280
    -482.00000000000    1.0000000325280
    -481.00000000000    1.0000000325280
    -480.00000000000    1.0000000325280
    -479.00000000000    1.0000000325280
    -478.00000000000    1.0000000325280
    -477.00000000000    1.0000000325280
    -476.00000000000    1.0000000325280
    -475.00000000000    1.0000000325280
    -474.00000000000    1.0000000325280
    -473.00000000000    1.0000000325280
    -472.00000000000    1.0000000325280
    -471.00000000000    1.0000000325280
    -470.00000000000    1.0000000325280
    -469.00000000000    1.0000000325280
    -468.00000000000    1.0000000325280
    -467.00000000000    1.0000000325280
    -466.00000000000    1.0000000325280
    -465.00000000000    1.0000000325280
    -464.00000000000    1.0000000325280
    -463.00000000000    1.0000000325280
    -462.00000000000    1.0000000325280
    -461.00000000000    1.0000000325280
    -460.00000000000    1.0000000325280
    -459.00000000000    1.0000000325280
    -458.00000000000    1.0000000325280
    -457.00000000000    1.0000000325280
    -456.00000000000    1.0000000325280
    -455.00000000000    1.0000000325280
    -454.00000000000    1.0000000325280
    -453.00000000000    1.0000000325280
    -452.00000000000    1.0000000325280
    -451.00000000000    1.0000000325280
    -450.00000000000    1.0000000325280
    -449.00000000000    1.0000000325280
    -448.00000000000    1.0000000325280
    -447.00000000000    1.0000000325280
    -446.00000000000    1.0000000325280
    -445.00000000000    1.0000000325280
    -444.00000000000    1.0000000325280
    -443.00000000000    1.0000000325280
    -442.00000000000    1.0000000325280
    -441.00000000000    1.0000000325280
    -440.00000000000    1.0000000325280
    -439.00000000000    1.0000000325280
    -438.00000000000    1.0000000325280
    -437.00000000000    1.0000000325280
    -436.00000000000    1.0000000325280
    -435.00000000000    1.0000000325280
    -434.00000000000    1.0000000325280
    -433.00000000000    1.0000000325280
    -432.00000000000    1.0000000325280
    -431.00000000000    1.0000000325280
    -430.00000000000    1.0000000325280
    -429.00000000000    1.0000000325280
    -428.00000000000    1.0000000325280
    -427.00000000000    1.0000000325280
    -426.00000000000    1.0000000325280
    -425.00000000000    1.0000000325280
    -424.00000000000    1.0000000325280
    -423.00000000000    1.0000000325280
    -422.00000000000    1.0000000325280
    -421.00000000000    1.0000000325280
    -420.00000000000    1.0000000325280
    -419.00000000000    1.0000000325280
    -418.00000000000    1.0000000325280
    -417.00000000000    1.0000000325280
    -416.00000000000    1.0000000325280
    -415.00000000000    1.0000000325280
    -414.00000000000    1.0000000325280
    -413.00000000000    1.0000000325280
    -412.00000000000    1.0000000325280
    -411.00000000000    1.0000000325280
    -410.00000000000    1.0000000325280
    -409.00000000000    1.0000000325280
    -408.00000000000    1.0000000325280
    -407.00000000000    1.0000000325280
    -406.00000000000    1.0000000325280
    -405.00000000000    1.0000000325280
    -404.00000000000    1.0000000325280
    -403.00000000000    1.0000000325280
    -402.00000000000    1.0000000325280
    -401.00000000000    1.0000000325280
    -400.00000000000    1.0000000325280
    -399.00000000000    1.0000000325280
    -398.00000000000    1.0000000325280
    -397.00000000000    1.0000000325280
    -396.00000000000    1.0000000325280
    -395.00000000000    1.0000000325280
    -394.00000000000    1.0000000325280
    -393.00000000000    1.0000000325280
    -392.00000000000    1.0000000325280
    -391.00000000000    1.0000000325280
    -390.00000000000    1.0000000325280
    -389.00000000000    1.0000000325280
    -388.00000000000    1.0000000325280
    -387.00000000000    1.0000000325280
    -386.00000000000    1.0000000325280
    -385.00000000000    1.0000000325280
    -384.00000000000    1.0000000325280
    -383.00000000000    1.0000000325280
    -382.00000000000    1.0000000325280
    -381.00000000000    1.0000000325280
    -380.00000000000    1.0000000325280
    -379.00000000000    1.0000000325280
    -378.00000000000    1.0000000325280
    -377.00000000000    1.0000000325280
    -376.00000000000    1.0000000325280
    -375.00000000000    1.0000000325280
    -374.00000000000    1.0000000325280
    -373.00000000000    1.0000000325280
    -372.00000000000    1.0000000325280
    -371.00000000000    1.0000000325280
    -370.00000000000    1.0000000325280
    -369.00000000000    1.0000000325280
    -368.00000000000    1.0000000325280
    -367.00000000000    1.0000000325280
    -366.00000000000    1.0000000325280
    -365.00000000000    1.0000000325280
    -364.00000000000    1.0000000325280
    -363.00000000000    1.0000000325280
    -362.00000000000    1.0000000325280
    -361.00000000000    1.0000000325280
    -360.00000000000    1.0000000325280
    -359.00000000000    1.0000000325280
    -358.00000000000    1.0000000325280
    -357.00000000000    1.0000000325280
    -356.00000000000    1.0000000325280
    -355.00000000000    1.0000000325280
    -354.00000000000    1.0000000325280
    -353.00000000000    1.0000000325280
    -352.00000000000    1.0000000325280
    -351.00000000000    1.0000000325280
    -350.00000000000    1.0000000325280
    -349.00000000000    1.0000000325280
    -348.00000000000    1.0000000325280
    -347.00000000000    1.0000000325280
    -346.00000000000    1.0000000325280
    -345.00000000000    1.0000000325280
    -344.00000000000    1.0000000325280
    -343.00000000000    1.0000000325280
    -342.00000000000    1.0000000325280
    -341.00000000000    1.0000000325280
    -340.00000000000    1.0000000325280
    -339.00000000000    1.0000000325280
    -338.00000000000    1.0000000325280
    -337.00000000000    1.0000000325280
    -336.00000000000    1.0000000325280
    -335.00000000000    1.0000000325280
    -334.00000000000    1.0000000325280
    -333.00000000000    1.0000000325280
    -332.00000000000    1.0000000325280
    -331.00000000000    1.0000000325280
    -330.00000000000    1.0000000325280
    -329.00000000000    1.0000000325280
    -328.00000000000    1.0000000325280
    -327.00000000000    1.0000000325280
    -326.00000000000    1.0000000325280
    -325.00000000000    1.0000000325280
    -324.00000000000    1.0000000325280
    -323.00000000000    1.0000000325280
    -322.00000000000    1.0000000325280
    -321.00000000000    1.0000000325280
    -320.00000000000    1.0000000325280
    -319.00000000000    1.0000000325280
    -318.00000000000    1.0000000325280
    -317.00000000000    1.0000000325280
    -316.00000000000    1.0000000325280
    -315.00000000000    1.0000000325280
    -314.00000000000    1.0000000325280
    -313.00000000000    1.0000000325280
    -312.00000000000    1.0000000325280
    -311.00000000000    1.0000000325280
    -310.00000000000    1.0000000325280
    -309.00000000000    1.0000000325280
    -308.00000000000    1.0000000325280
    -307.00000000000    1.0000000325280
    -306.00000000000    1.0000000325280
    -305.00000000000    1.0000000325280
    -304.00000000000    1.0000000325280
    -303.00000000000    1.0000000325280
    -302.00000000000    1.0000000325280
    -301.00000000000    1.0000000325280
    -300.00000000000    1.0000000325280
    -299.00000000000    1.0000000325280
    -298.00000000000    1.0000000325280
    -297.00000000000    1.0000000325280
    -296.00000000000    1.0000000325280
    -295.00000000000    1.0000000325280
    -294.00000000000    1.0000000325280
    -293.00000000000    1.0000000325280
    -292.00000000000    1.0000000325280
    -291.00000000000    1.0000000325280
    -290.00000000000    1.0000000325280
    -289.00000000000    1.0000000325280
    -288.00000000000    1.0000000325280
    -287.00000000000    1.0000000325280
    -286.00000000000    1.0000000325280
    -285.00000000000    1.0000000325280
    -284.00000000000    1.0000000325280
    -283.00000000000    1.0000000325280
    -282.00000000000    1.0000000325280
    -281.00000000000    1.0000000325280
    -280.00000000000    1.0000000325280
    -279.00000000000    1.0000000325280
    -278.00000000000    1.0000000325280
    -277.00000000000    1.0000000325280
    -276.00000000000    1.0000000325280
    -275.00000000000    1.0000000325280
    -274.00000000000    1.0000000325280
    -273.00000000000    1.0000000325280
    -272.00000000000    1.0000000325280
    -271.00000000000    1.0000000325280
    -270.00000000000    1.0000000325280
    -269.00000000000    1.0000000325280
    -268.00000000000    1.0000000325280
    -267.00000000000    1.0000000325280
    -266.00000000000    1.0000000325280
    -265.00000000000    1.0000000325280
    -264.00000000000    1.0000000325280
    -263.00000000000    1.0000000325280
    -262.00000000000    1.0000000325280
    -261.00000000000    1.0000000325280
    -260.00000000000    1.0000000325280
    -259.00000000000    1.0000000325280
    -258.00000000000    1.0000000325280
    -257.00000000000    1.0000000325280
    -256.00000000000    1.0000000325280
    -255.00000000000    1.0000000325280
    -254.00000000000    1.0000000325280
    -253.00000000000    1.0000000325280
    -252.00000000000    1.0000000325280
    -251.00000000000    1.0000000325280
    -250.00000000000    1.0000000325280
    -249.00000000000    1.0000000325280
    -248.00000000000    1.0000000325280
    -247.00000000000    1.0000000325280
    -246.00000000000    1.0000000325280
    -245.00000000000    1.0000000325280
    -244.00000000000    1.0000000325280
    -243.00000000000    1.0000000325280
    -242.00000000000    1.0000000325280
    -241.00000000000    1.0000000325280
    -240.00000000000    1.0000000325280
    -239.00000000000    1.0000000325280
    -238.00000000000    1.0000000325280
    -237.00000000000    1.0000000325280
    -236.00000000000    1.0000000325280
    -235.00000000000    1.0000000325280
    -234.00000000000    1.0000000325280
    -233.00000000000    1.0000000325280
    -232.00000000000    1.0000000325280
    -231.00000000000    1.0000000325280
    -230.00000000000    1.0000000325280
    -229.00000000000    1.0000000325280
    -228.00000000000    1.0000000325280
    -227.00000000000    1.0000000325280
    -226.00000000000    1.0000000325280
    -225.00000000000    1.0000000325280
    -224.00000000000    1.0000000325280
    -223.00000000000    1.0000000325280
    -222.00000000000    1.0000000325280
    -221.00000000000    1.0000000325280
    -220.00000000000    1.0000000325280
    -219.00000000000    1.0000000325280
    -218.00000000000    1.0000000325280
    -217.00000000000    1.0000000325280
    -216.00000000000    1.0000000325280
    -215.00000000000    1.0000000325280
    -214.00000000000    1.0000000325280
    -213.00000000000    1.0000000325280
    -212.00000000000    1.0000000325280
    -211.00000000000    1.0000000325280
    -210.00000000000    1.0000000325280
    -209.00000000000    1.0000000325280
    -208.00000000000    1.0000000325280
    -207.00000000000    1.0000000325280
    -206.00000000000    1.0000000325280
    -205.00000000000    1.0000000325280
    -204.00000000000    1.0000000325280
    -203.00000000000    1.0000000325280
    -202.00000000000    1.0000000325280
    -201.00000000000    1.0000000325280
    -200.00000000000    1.0000000325280
    -199.00000000000    1.0000000325280
    -198.00000000000    1.0000000325280
    -197.00000000000    1.0000000325280
    -196.00000000000    1.0000000325280
    -195.00000000000    1.0000000325280
    -194.00000000000    1.0000000325280
    -193.00000000000    1.0000000325280
    -192.00000000000    1.0000000325280
    -191.00000000000    1.0000000325280
    -190.00000000000    1.0000000325280
    -189.00000000000    1.0000000325280
    -188.00000000000    1.0000000325280
    -187.00000000000    1.0000000325280
    -186.00000000000    1.0000000325280
    -185.00000000000    1.0000000325280
    -184.00000000000    1.0000000325280
    -183.00000000000    1.0000000325280
    -182.00000000000    1.0000000325280
    -181.00000000000    1.0000000325280
    -180.00000000000    1.0000000325280
    -179.00000000000    1.0000000325280
    -178.00000000000    1.0000000325280
    -177.00000000000    1.0000000325280
    -176.00000000000    1.0000000325280
    -175.00000000000    1.0000000325280
    -174.00000000000    1.0000000325280
    -173.00000000000    1.0000000325280
    -172.00000000000    1.0000000325280
    -171.00000000000    1.0000000325280
    -170.00000000000    1.0000000325280
    -169.00000000000    1.0000000325280
    -168.00000000000    1.0000000325280
    -167.00000000000    1.0000000325280
    -166.00000000000    1.0000000325280
    -165.00000000000    1.0000000325280
    -164.00000000000    1.0000000325280
    -163.00000000000    1.0000000325280
    -162.00000000000    1.0000000325280
    -161.00000000000    1.0000000325280
    -160.00000000000    1.0000000325280
    -159.00000000000    1.0000000325280
    -158.00000000000    1.0000000325280
    -157.00000000000    1.0000000325280
    -156.00000000000    1.0000000325280
    -155.00000000000    1.0000000325280
    -154.00000000000    1.0000000325280
    -153.00000000000    1.0000000325280
    -152.00000000000    1.0000000325280
    -151.00000000000    1.0000000325280
    -150.00000000000    1.0000000325280
    -149.00000000000    1.0000000325280
    -148.00000000000    1.0000000325280
    -147.00000000000    1.0000000325280
    -146.00000000000    1.0000000325280
    -145.00000000000    1.0000000325280
    -144.00000000000    1.0000000325280
    -143.00000000000    1.0000000325280
    -142.00000000000    1.0000000325280
    -141.00000000000    1.0000000325280
    -140.00000000000    1.0000000325280
    -139.00000000000    1.0000000325280
    -138.00000000000    1.0000000325280
    -137.00000000000    1.0000000325280
    -136.00000000000    1.0000000325280
    -135.00000000000    1.0000000325280
    -134.00000000000    1.0000000325280
    -133.00000000000    1.0000000325280
    -132.00000000000    1.0000000325280
    -131.00000000000    1.0000000325280
    -130.00000000000    1.0000000325280
    -129.00000000000    1.0000000325280
    -128.00000000000    1.0000000325280
    -127.00000000000    1.0000000325280
    -126.00000000000    1.0000000325280
    -125.00000000000    1.0000000325280
    -124.00000000000    1.0000000325280
    -123.00000000000    1.0000000325280
    -122.00000000000    1.0000000325280
    -121.00000000000    1.0000000325280
    -120.00000000000    1.0000000325280
    -119.00000000000    1.0000000325280
    -118.00000000000    1.0000000325280
    -117.00000000000    1.0000000325280
    -116.00000000000    1.0000000325280
    -115.00000000000    1.0000000325280
    -114.00000000000    1.0000000325280
    -113.00000000000    1.0000000325280
    -112.00000000000    1.0000000325280
    -111.00000000000    1.0000000325280
    -110.00000000000    1.0000000325280
    -109.00000000000    1.0000000325280
    -108.00000000000    1.0000000325280
    -107.00000000000    1.0000000325280
    -106.00000000000    1.0000000325280
   -105.000000000000    1.0000000325280
   -104.000000000000    1.0000000325280
   -103.000000000000    1.0000000325280
   -102.000000000000    1.0000000325280
   -101.000000000000    1.0000000325280
   -100.000000000000    1.0000000325280
    -99.000000000000    1.0000000325280
    -98.000000000000    1.0000000325280
    -97.000000000000    1.0000000325280
    -96.000000000000    1.0000000325280
    -95.000000000000    1.0000000325280
    -94.000000000000    1.0000000325280
    -93.000000000000    1.0000000325279
    -92.000000000000    1.0000000325278
    -91.000000000000    1.0000000325270
    -90.000000000000    1.0000000325241
    -89.000000000000    1.0000000325133
    -88.000000000000    1.0000000324747
    -87.000000000000    1.0000000323421
    -86.000000000000    1.0000000319075
    -85.000000000000    1.0000000305437
    -84.000000000000    1.0000000264484
    -83.000000000000    1.0000000146796
    -82.000000000000   0.99999998230986
    -81.000000000000   0.99999989708974
    -80.000000000000   0.99999968231680
    -79.000000000000   0.99999916411738
    -78.000000000000   0.99999796697650
    -77.000000000000   0.99999531858548
    -76.000000000000   0.99998970716602
    -75.000000000000   0.99997831801297
    -74.000000000000   0.99995617059459
    -73.000000000000   0.99991489766998
    -72.000000000000   0.99984117005481
    -71.000000000000   0.99971488614814
    -70.000000000000   0.99950740915438
    -69.000000000000   0.99918031514383
    -68.000000000000   0.99868524926800
    -67.000000000000   0.99796549400962
    -66.000000000000   0.99695966074447
    -65.000000000000   0.99560750284830
    -64.000000000000   0.99385727792604
    -63.000000000000   0.99167351050814
    -62.000000000000   0.98904362788105
    -61.000000000000   0.98598193929833
    -60.000000000000   0.98252987333630
    -59.000000000000   0.97875219224076
    -58.000000000000   0.97472983548537
    -57.000000000000   0.97055081575825
    -56.000000000000   0.96630095997684
    -55.000000000000   0.96205616205985
    -54.000000000000   0.95787727406411
    -53.000000000000   0.95380801815825
    -52.000000000000   0.94987560002897
    -51.000000000000   0.94609323283028
    -50.000000000000   0.94246361509440
    -49.000000000000   0.93898250900560
    -48.000000000000   0.93564182975388
    -47.000000000000   0.93243196103701
    -46.000000000000   0.92934326476284
    -45.000000000000   0.92636691155627
    -44.000000000000   0.92349522302136
    -43.000000000000   0.92072171262205
    -42.000000000000   0.91804097204533
    -41.000000000000   0.91544850061216
    -40.000000000000   0.91294053256863
    -39.000000000000   0.91051388695097
    -38.000000000000   0.90816584684127
    -37.000000000000   0.90589406608189
    -36.000000000000   0.90369649837827
    -35.000000000000   0.90157134344419
    -34.000000000000   0.89951700570153
    -33.000000000000   0.89753206213773
    -32.000000000000   0.89561523687823
    -31.000000000000   0.89376538075205
    -30.000000000000   0.89198145463727
    -29.000000000000   0.89026251572108
    -28.000000000000   0.88860770604551
    -27.000000000000   0.88701624287271
    -26.000000000000   0.88548741051770
    -25.000000000000   0.88402055337769
    -24.000000000000   0.88261506994688
    -23.000000000000   0.88127040764999
    -22.000000000000   0.87998605836115
    -21.000000000000   0.87876155450097
    -20.000000000000   0.87759646562428
    -19.000000000000   0.87649039542713
    -18.000000000000   0.87544297911396
    -17.000000000000   0.87445388107604
    -16.000000000000   0.87352279284030
    -15.000000000000   0.87264943125426
    -14.000000000000   0.87183353687826
    -13.000000000000   0.87107487256061
    -12.000000000000   0.87037322217493
    -11.000000000000   0.86972838950214
   -10.0000000000000   0.86914019724213
    -9.0000000000000   0.86860848614232
    -8.0000000000000   0.86813311423231
    -7.0000000000000   0.86771395615522
    -6.0000000000000   0.86735090258797
    -5.0000000000000   0.86704385974381
    -4.0000000000000   0.86679274895153
    -3.0000000000000   0.86659750630674
    -2.0000000000000   0.86645808239137
    -1.0000000000000   0.86637444205862
   0.   0.86634656428076
     1.0000000000000   0.86637444205862
     2.0000000000000   0.86645808239137
     3.0000000000000   0.86659750630674
     4.0000000000000   0.86679274895153
     5.0000000000000   0.86704385974381
     6.0000000000000   0.86735090258797
     7.0000000000000   0.86771395615522
     8.0000000000000   0.86813311423231
     9.0000000000000   0.86860848614232
    10.0000000000000   0.86914019724213
     11.000000000000   0.86972838950214
     12.000000000000   0.87037322217493
     13.000000000000   0.87107487256061
     14.000000000000   0.87183353687826
     15.000000000000   0.87264943125426
     16.000000000000   0.87352279284030
     17.000000000000   0.87445388107604
     18.000000000000   0.87544297911396
     19.000000000000   0.87649039542713
     20.000000000000   0.87759646562428
     21.000000000000   0.87876155450097
     22.000000000000   0.87998605836115
     23.000000000000   0.88127040764999
     24.000000000000   0.88261506994688
     25.000000000000   0.88402055337769
     26.000000000000   0.88548741051770
     27.000000000000   0.88701624287271
     28.000000000000   0.88860770604551
     29.000000000000   0.89026251572108
     30.000000000000   0.89198145463727
     31.000000000000   0.89376538075205
     32.000000000000   0.89561523687823
     33.000000000000   0.89753206213773
     34.000000000000   0.89951700570153
     35.000000000000   0.90157134344419
     36.000000000000   0.90369649837827
     37.000000000000   0.90589406608189
     38.000000000000   0.90816584684127
     39.000000000000   0.91051388695097
     40.000000000000   0.91294053256863
     41.000000000000   0.91544850061216
     42.000000000000   0.91804097204533
     43.000000000000   0.92072171262205
     44.000000000000   0.92349522302136
     45.000000000000   0.92636691155627
     46.000000000000   0.92934326476284
     47.000000000000   0.93243196103701
     48.000000000000   0.93564182975388
     49.000000000000   0.93898250900560
     50.000000000000   0.94246361509440
     51.000000000000   0.94609323283028
     52.000000000000   0.94987560002897
     53.000000000000   0.95380801815825
     54.000000000000   0.95787727406411
     55.000000000000   0.96205616205985
     56.000000000000   0.96630095997684
     57.000000000000   0.97055081575825
     58.000000000000   0.97472983548537
     59.000000000000   0.97875219224076
     60.000000000000   0.98252987333630
     61.000000000000   0.98598193929833
     62.000000000000   0.98904362788105
     63.000000000000   0.99167351050814
     64.000000000000   0.99385727792604
     65.000000000000   0.99560750284830
     66.000000000000   0.99695966074447
     67.000000000000   0.99796549400962
     68.000000000000   0.99868524926800
     69.000000000000   0.99918031514383
     70.000000000000   0.99950740915438
     71.000000000000   0.99971488614814
     72.000000000000   0.99984117005481
     73.000000000000   0.99991489766998
     74.000000000000   0.99995617059459
     75.000000000000   0.99997831801297
     76.000000000000   0.99998970716602
     77.000000000000   0.99999531858548
     78.000000000000   0.99999796697650
     79.000000000000   0.99999916411738
     80.000000000000   0.99999968231680
     81.000000000000   0.99999989708974
     82.000000000000   0.99999998230986
     83.000000000000    1.0000000146796
     84.000000000000    1.0000000264484
     85.000000000000    1.0000000305437
     86.000000000000    1.0000000319075
     87.000000000000    1.0000000323421
     88.000000000000    1.0000000324747
     89.000000000000    1.0000000325133
     90.000000000000    1.0000000325241
     91.000000000000    1.0000000325270
     92.000000000000    1.0000000325278
     93.000000000000    1.0000000325279
     94.000000000000    1.0000000325280
     95.000000000000    1.0000000325280
     96.000000000000    1.0000000325280
     97.000000000000    1.0000000325280
     98.000000000000    1.0000000325280
     99.000000000000    1.0000000325280
    100.000000000000    1.0000000325280
    101.000000000000    1.0000000325280
    102.000000000000    1.0000000325280
    103.000000000000    1.0000000325280
    104.000000000000    1.0000000325280
    105.000000000000    1.0000000325280
     106.00000000000    1.0000000325280
     107.00000000000    1.0000000325280
     108.00000000000    1.0000000325280
     109.00000000000    1.0000000325280
     110.00000000000    1.0000000325280
     111.00000000000    1.0000000325280
     112.00000000000    1.0000000325280
     113.00000000000    1.0000000325280
     114.00000000000    1.0000000325280
     115.00000000000    1.0000000325280
     116.00000000000    1.0000000325280
     117.00000000000    1.0000000325280
     118.00000000000    1.0000000325280
     119.00000000000    1.0000000325280
     120.00000000000    1.0000000325280
     121.00000000000    1.0000000325280
     122.00000000000    1.0000000325280
     123.00000000000    1.0000000325280
     124.00000000000    1.0000000325280
     125.00000000000    1.0000000325280
     126.00000000000    1.0000000325280
     127.00000000000    1.0000000325280
     128.00000000000    1.0000000325280
     129.00000000000    1.0000000325280
     130.00000000000    1.0000000325280
     131.00000000000    1.0000000325280
     132.00000000000    1.0000000325280
     133.00000000000    1.0000000325280
     134.00000000000    1.0000000325280
     135.00000000000    1.0000000325280
     136.00000000000    1.0000000325280
     137.00000000000    1.0000000325280
     138.00000000000    1.0000000325280
     139.00000000000    1.0000000325280
     140.00000000000    1.0000000325280
     141.00000000000    1.0000000325280
     142.00000000000    1.0000000325280
     143.00000000000    1.0000000325280
     144.00000000000    1.0000000325280
     145.00000000000    1.0000000325280
     146.00000000000    1.0000000325280
     147.00000000000    1.0000000325280
     148.00000000000    1.0000000325280
     149.00000000000    1.0000000325280
     150.00000000000    1.0000000325280
     151.00000000000    1.0000000325280
     152.00000000000    1.0000000325280
     153.00000000000    1.0000000325280
     154.00000000000    1.0000000325280
     155.00000000000    1.0000000325280
     156.00000000000    1.0000000325280
     157.00000000000    1.0000000325280
     158.00000000000    1.0000000325280
     159.00000000000    1.0000000325280
     160.00000000000    1.0000000325280
     161.00000000000    1.0000000325280
     162.00000000000    1.0000000325280
     163.00000000000    1.0000000325280
     164.00000000000    1.0000000325280
     165.00000000000    1.0000000325280
     166.00000000000    1.0000000325280
     167.00000000000    1.0000000325280
     168.00000000000    1.0000000325280
     169.00000000000    1.0000000325280
     170.00000000000    1.0000000325280
     171.00000000000    1.0000000325280
     172.00000000000    1.0000000325280
     173.00000000000    1.0000000325280
     174.00000000000    1.0000000325280
     175.00000000000    1.0000000325280
     176.00000000000    1.0000000325280
     177.00000000000    1.0000000325280
     178.00000000000    1.0000000325280
     179.00000000000    1.0000000325280
     180.00000000000    1.0000000325280
     181.00000000000    1.0000000325280
     182.00000000000    1.0000000325280
     183.00000000000    1.0000000325280
     184.00000000000    1.0000000325280
     185.00000000000    1.0000000325280
     186.00000000000    1.0000000325280
     187.00000000000    1.0000000325280
     188.00000000000    1.0000000325280
     189.00000000000    1.0000000325280
     190.00000000000    1.0000000325280
     191.00000000000    1.0000000325280
     192.00000000000    1.0000000325280
     193.00000000000    1.0000000325280
     194.00000000000    1.0000000325280
     195.00000000000    1.0000000325280
     196.00000000000    1.0000000325280
     197.00000000000    1.0000000325280
     198.00000000000    1.0000000325280
     199.00000000000    1.0000000325280
     200.00000000000    1.0000000325280
     201.00000000000    1.0000000325280
     202.00000000000    1.0000000325280
     203.00000000000    1.0000000325280
     204.00000000000    1.0000000325280
     205.00000000000    1.0000000325280
     206.00000000000    1.0000000325280
     207.00000000000    1.0000000325280
     208.00000000000    1.0000000325280
     209.00000000000    1.0000000325280
     210.00000000000    1.0000000325280
     211.00000000000    1.0000000325280
     212.00000000000    1.0000000325280
     213.00000000000    1.0000000325280
     214.00000000000    1.0000000325280
     215.00000000000    1.0000000325280
     216.00000000000    1.0000000325280
     217.00000000000    1.0000000325280
     218.00000000000    1.0000000325280
     219.00000000000    1.0000000325280
     220.00000000000    1.0000000325280
     221.00000000000    1.0000000325280
     222.00000000000    1.0000000325280
     223.00000000000    1.0000000325280
     224.00000000000    1.0000000325280
     225.00000000000    1.0000000325280
     226.00000000000    1.0000000325280
     227.00000000000    1.0000000325280
     228.00000000000    1.0000000325280
     229.00000000000    1.0000000325280
     230.00000000000    1.0000000325280
     231.00000000000    1.0000000325280
     232.00000000000    1.0000000325280
     233.00000000000    1.0000000325280
     234.00000000000    1.0000000325280
     235.00000000000    1.0000000325280
     236.00000000000    1.0000000325280
     237.00000000000    1.0000000325280
     238.00000000000    1.0000000325280
     239.00000000000    1.0000000325280
     240.00000000000    1.0000000325280
     241.00000000000    1.0000000325280
     242.00000000000    1.0000000325280
     243.00000000000    1.0000000325280
     244.00000000000    1.0000000325280
     245.00000000000    1.0000000325280
     246.00000000000    1.0000000325280
     247.00000000000    1.0000000325280
     248.00000000000    1.0000000325280
     249.00000000000    1.0000000325280
     250.00000000000    1.0000000325280
     251.00000000000    1.0000000325280
     252.00000000000    1.0000000325280
     253.00000000000    1.0000000325280
     254.00000000000    1.0000000325280
     255.00000000000    1.0000000325280
     256.00000000000    1.0000000325280
     257.00000000000    1.0000000325280
     258.00000000000    1.0000000325280
     259.00000000000    1.0000000325280
     260.00000000000    1.0000000325280
     261.00000000000    1.0000000325280
     262.00000000000    1.0000000325280
     263.00000000000    1.0000000325280
     264.00000000000    1.0000000325280
     265.00000000000    1.0000000325280
     266.00000000000    1.0000000325280
     267.00000000000    1.0000000325280
     268.00000000000    1.0000000325280
     269.00000000000    1.0000000325280
     270.00000000000    1.0000000325280
     271.00000000000    1.0000000325280
     272.00000000000    1.0000000325280
     273.00000000000    1.0000000325280
     274.00000000000    1.0000000325280
     275.00000000000    1.0000000325280
     276.00000000000    1.0000000325280
     277.00000000000    1.0000000325280
     278.00000000000    1.0000000325280
     279.00000000000    1.0000000325280
     280.00000000000    1.0000000325280
     281.00000000000    1.0000000325280
     282.00000000000    1.0000000325280
     283.00000000000    1.0000000325280
     284.00000000000    1.0000000325280
     285.00000000000    1.0000000325280
     286.00000000000    1.0000000325280
     287.00000000000    1.0000000325280
     288.00000000000    1.0000000325280
     289.00000000000    1.0000000325280
     290.00000000000    1.0000000325280
     291.00000000000    1.0000000325280
     292.00000000000    1.0000000325280
     293.00000000000    1.0000000325280
     294.00000000000    1.0000000325280
     295.00000000000    1.0000000325280
     296.00000000000    1.0000000325280
     297.00000000000    1.0000000325280
     298.00000000000    1.0000000325280
     299.00000000000    1.0000000325280
     300.00000000000    1.0000000325280
     301.00000000000    1.0000000325280
     302.00000000000    1.0000000325280
     303.00000000000    1.0000000325280
     304.00000000000    1.0000000325280
     305.00000000000    1.0000000325280
     306.00000000000    1.0000000325280
     307.00000000000    1.0000000325280
     308.00000000000    1.0000000325280
     309.00000000000    1.0000000325280
     310.00000000000    1.0000000325280
     311.00000000000    1.0000000325280
     312.00000000000    1.0000000325280
     313.00000000000    1.0000000325280
     314.00000000000    1.0000000325280
     315.00000000000    1.0000000325280
     316.00000000000    1.0000000325280
     317.00000000000    1.0000000325280
     318.00000000000    1.0000000325280
     319.00000000000    1.0000000325280
     320.00000000000    1.0000000325280
     321.00000000000    1.0000000325280
     322.00000000000    1.0000000325280
     323.00000000000    1.0000000325280
     324.00000000000    1.0000000325280
     325.00000000000    1.0000000325280
     326.00000000000    1.0000000325280
     327.00000000000    1.0000000325280
     328.00000000000    1.0000000325280
     329.00000000000    1.0000000325280
     330.00000000000    1.0000000325280
     331.00000000000    1.0000000325280
     332.00000000000    1.0000000325280
     333.00000000000    1.0000000325280
     334.00000000000    1.0000000325280
     335.00000000000    1.0000000325280
     336.00000000000    1.0000000325280
     337.00000000000    1.0000000325280
     338.00000000000    1.0000000325280
     339.00000000000    1.0000000325280
     340.00000000000    1.0000000325280
     341.00000000000    1.0000000325280
     342.00000000000    1.0000000325280
     343.00000000000    1.0000000325280
     344.00000000000    1.0000000325280
     345.00000000000    1.0000000325280
     346.00000000000    1.0000000325280
     347.00000000000    1.0000000325280
     348.00000000000    1.0000000325280
     349.00000000000    1.0000000325280
     350.00000000000    1.0000000325280
     351.00000000000    1.0000000325280
     352.00000000000    1.0000000325280
     353.00000000000    1.0000000325280
     354.00000000000    1.0000000325280
     355.00000000000    1.0000000325280
     356.00000000000    1.0000000325280
     357.00000000000    1.0000000325280
     358.00000000000    1.0000000325280
     359.00000000000    1.0000000325280
     360.00000000000    1.0000000325280
     361.00000000000    1.0000000325280
     362.00000000000    1.0000000325280
     363.00000000000    1.0000000325280
     364.00000000000    1.0000000325280
     365.00000000000    1.0000000325280
     366.00000000000    1.0000000325280
     367.00000000000    1.0000000325280
     368.00000000000    1.0000000325280
     369.00000000000    1.0000000325280
     370.00000000000    1.0000000325280
     371.00000000000    1.0000000325280
     372.00000000000    1.0000000325280
     373.00000000000    1.0000000325280
     374.00000000000    1.0000000325280
     375.00000000000    1.0000000325280
     376.00000000000    1.0000000325280
     377.00000000000    1.0000000325280
     378.00000000000    1.0000000325280
     379.00000000000    1.0000000325280
     380.00000000000    1.0000000325280
     381.00000000000    1.0000000325280
     382.00000000000    1.0000000325280
     383.00000000000    1.0000000325280
     384.00000000000    1.0000000325280
     385.00000000000    1.0000000325280
     386.00000000000    1.0000000325280
     387.00000000000    1.0000000325280
     388.00000000000    1.0000000325280
     389.00000000000    1.0000000325280
     390.00000000000    1.0000000325280
     391.00000000000    1.0000000325280
     392.00000000000    1.0000000325280
     393.00000000000    1.0000000325280
     394.00000000000    1.0000000325280
     395.00000000000    1.0000000325280
     396.00000000000    1.0000000325280
     397.00000000000    1.0000000325280
     398.00000000000    1.0000000325280
     399.00000000000    1.0000000325280
     400.00000000000    1.0000000325280
     401.00000000000    1.0000000325280
     402.00000000000    1.0000000325280
     403.00000000000    1.0000000325280
     404.00000000000    1.0000000325280
     405.00000000000    1.0000000325280
     406.00000000000    1.0000000325280
     407.00000000000    1.0000000325280
     408.00000000000    1.0000000325280
     409.00000000000    1.0000000325280
     410.00000000000    1.0000000325280
     411.00000000000    1.0000000325280
     412.00000000000    1.0000000325280
     413.00000000000    1.0000000325280
     414.00000000000    1.0000000325280
     415.00000000000    1.0000000325280
     416.00000000000    1.0000000325280
     417.00000000000    1.0000000325280
     418.00000000000    1.0000000325280
     419.00000000000    1.0000000325280
     420.00000000000    1.0000000325280
     421.00000000000    1.0000000325280
     422.00000000000    1.0000000325280
     423.00000000000    1.0000000325280
     424.00000000000    1.0000000325280
     425.00000000000    1.0000000325280
     426.00000000000    1.0000000325280
     427.00000000000    1.0000000325280
     428.00000000000    1.0000000325280
     429.00000000000    1.0000000325280
     430.00000000000    1.0000000325280
     431.00000000000    1.0000000325280
     432.00000000000    1.0000000325280
     433.00000000000    1.0000000325280
     434.00000000000    1.0000000325280
     435.00000000000    1.0000000325280
     436.00000000000    1.0000000325280
     437.00000000000    1.0000000325280
     438.00000000000    1.0000000325280
     439.00000000000    1.0000000325280
     440.00000000000    1.0000000325280
     441.00000000000    1.0000000325280
     442.00000000000    1.0000000325280
     443.00000000000    1.0000000325280
     444.00000000000    1.0000000325280
     445.00000000000    1.0000000325280
     446.00000000000    1.0000000325280
     447.00000000000    1.0000000325280
     448.00000000000    1.0000000325280
     449.00000000000    1.0000000325280
     450.00000000000    1.0000000325280
     451.00000000000    1.0000000325280
     452.00000000000    1.0000000325280
     453.00000000000    1.0000000325280
     454.00000000000    1.0000000325280
     455.00000000000    1.0000000325280
     456.00000000000    1.0000000325280
     457.00000000000    1.0000000325280
     458.00000000000    1.0000000325280
     459.00000000000    1.0000000325280
     460.00000000000    1.0000000325280
     461.00000000000    1.0000000325280
     462.00000000000    1.0000000325280
     463.00000000000    1.0000000325280
     464.00000000000    1.0000000325280
     465.00000000000    1.0000000325280
     466.00000000000    1.0000000325280
     467.00000000000    1.0000000325280
     468.00000000000    1.0000000325280
     469.00000000000    1.0000000325280
     470.00000000000    1.0000000325280
     471.00000000000    1.0000000325280
     472.00000000000    1.0000000325280
     473.00000000000    1.0000000325280
     474.00000000000    1.0000000325280
     475.00000000000    1.0000000325280
     476.00000000000    1.0000000325280
     477.00000000000    1.0000000325280
     478.00000000000    1.0000000325280
     479.00000000000    1.0000000325280
     480.00000000000    1.0000000325280
     481.00000000000    1.0000000325280
     482.00000000000    1.0000000325280
     483.00000000000    1.0000000325280
     484.00000000000    1.0000000325280
     485.00000000000    1.0000000325280
     486.00000000000    1.0000000325280
     487.00000000000    1.0000000325280
     488.00000000000    1.0000000325280
     489.00000000000    1.0000000325280
     490.00000000000    1.0000000325280
     491.00000000000    1.0000000325280
     492.00000000000    1.0000000325280
     493.00000000000    1.0000000325280
     494.00000000000    1.0000000325280
     495.00000000000    1.0000000325280
     496.00000000000    1.0000000325280
     497.00000000000    1.0000000325280
     498.00000000000    1.0000000325280
     499.00000000000    1.0000000325280
     500.00000000000    1.0000000325280
