    -500.00000000000    1.0000000325280
    -499.00000000000    1.0000000325280
    -498.00000000000    1.0000000325280
    -497.00000000000    1.0000000325280
    -496.00000000000    1.0000000325280
    -495.00000000000    1.0000000325280
    -494.00000000000    1.0000000325280
    -493.00000000000    1.0000000325280
    -492.00000000000    1.0000000325280
    -491.00000000000    1.0000000325280
    -490.00000000000    1.0000000325280
    -489.00000000000    1.0000000325280
    -488.00000000000    1.0000000325280
    -487.00000000000    1.0000000325280
    -486.00000000000    1.0000000325280
    -485.00000000000    1.0000000325280
    -484.00000000000    1.0000000325280
    -483.00000000000    1.0000000325280
    -482.00000000000    1.0000000325280
    -481.00000000000    1.0000000325280
    -480.00000000000    1.0000000325280
    -479.00000000000    1.0000000325280
    -478.00000000000    1.0000000325280
    -477.00000000000    1.0000000325280
    -476.00000000000    1.0000000325280
    -475.00000000000    1.0000000325280
    -474.00000000000    1.0000000325280
    -473.00000000000    1.0000000325280
    -472.00000000000    1.0000000325280
    -471.00000000000    1.0000000325280
    -470.00000000000    1.0000000325280
    -469.00000000000    1.0000000325280
    -468.00000000000    1.0000000325280
    -467.00000000000    1.0000000325280
    -466.00000000000    1.0000000325280
    -465.00000000000    1.0000000325280
    -464.00000000000    1.0000000325280
    -463.00000000000    1.0000000325280
    -462.00000000000    1.0000000325280
    -461.00000000000    1.0000000325280
    -460.00000000000    1.0000000325280
    -459.00000000000    1.0000000325280
    -458.00000000000    1.0000000325280
    -457.00000000000    1.0000000325280
    -456.00000000000    1.0000000325280
    -455.00000000000    1.0000000325280
    -454.00000000000    1.0000000325280
    -453.00000000000    1.0000000325280
    -452.00000000000    1.0000000325280
    -451.00000000000    1.0000000325280
    -450.00000000000    1.0000000325280
    -449.00000000000    1.0000000325280
    -448.00000000000    1.0000000325280
    -447.00000000000    1.0000000325280
    -446.00000000000    1.0000000325280
    -445.00000000000    1.0000000325280
    -444.00000000000    1.0000000325280
    -443.00000000000    1.0000000325280
    -442.00000000000    1.0000000325280
    -441.00000000000    1.0000000325280
    -440.00000000000    1.0000000325280
    -439.00000000000    1.0000000325280
    -438.00000000000    1.0000000325280
    -437.00000000000    1.0000000325280
    -436.00000000000    1.0000000325280
    -435.00000000000    1.0000000325280
    -434.00000000000    1.0000000325280
    -433.00000000000    1.0000000325280
    -432.00000000000    1.0000000325280
    -431.00000000000    1.0000000325280
    -430.00000000000    1.0000000325280
    -429.00000000000    1.0000000325280
    -428.00000000000    1.0000000325280
    -427.00000000000    1.0000000325280
    -426.00000000000    1.0000000325280
    -425.00000000000    1.0000000325280
    -424.00000000000    1.0000000325280
    -423.00000000000    1.0000000325280
    -422.00000000000    1.0000000325280
    -421.00000000000    1.0000000325280
    -420.00000000000    1.0000000325280
    -419.00000000000    1.0000000325280
    -418.00000000000    1.0000000325280
    -417.00000000000    1.0000000325280
    -416.00000000000    1.0000000325280
    -415.00000000000    1.0000000325280
    -414.00000000000    1.0000000325280
    -413.00000000000    1.0000000325280
    -412.00000000000    1.0000000325280
    -411.00000000000    1.0000000325280
    -410.00000000000    1.0000000325280
    -409.00000000000    1.0000000325280
    -408.00000000000    1.0000000325280
    -407.00000000000    1.0000000325280
    -406.00000000000    1.0000000325280
    -405.00000000000    1.0000000325280
    -404.00000000000    1.0000000325280
    -403.00000000000    1.0000000325280
    -402.00000000000    1.0000000325280
    -401.00000000000    1.0000000325280
    -400.00000000000    1.0000000325280
    -399.00000000000    1.0000000325280
    -398.00000000000    1.0000000325280
    -397.00000000000    1.0000000325280
    -396.00000000000    1.0000000325280
    -395.00000000000    1.0000000325280
    -394.00000000000    1.0000000325280
    -393.00000000000    1.0000000325280
    -392.00000000000    1.0000000325280
    -391.00000000000    1.0000000325280
    -390.00000000000    1.0000000325280
    -389.00000000000    1.0000000325280
    -388.00000000000    1.0000000325280
    -387.00000000000    1.0000000325280
    -386.00000000000    1.0000000325280
    -385.00000000000    1.0000000325280
    -384.00000000000    1.0000000325280
    -383.00000000000    1.0000000325280
    -382.00000000000    1.0000000325280
    -381.00000000000    1.0000000325280
    -380.00000000000    1.0000000325280
    -379.00000000000    1.0000000325280
    -378.00000000000    1.0000000325280
    -377.00000000000    1.0000000325280
    -376.00000000000    1.0000000325280
    -375.00000000000    1.0000000325280
    -374.00000000000    1.0000000325280
    -373.00000000000    1.0000000325280
    -372.00000000000    1.0000000325280
    -371.00000000000    1.0000000325280
    -370.00000000000    1.0000000325280
    -369.00000000000    1.0000000325280
    -368.00000000000    1.0000000325280
    -367.00000000000    1.0000000325280
    -366.00000000000    1.0000000325280
    -365.00000000000    1.0000000325280
    -364.00000000000    1.0000000325280
    -363.00000000000    1.0000000325280
    -362.00000000000    1.0000000325280
    -361.00000000000    1.0000000325280
    -360.00000000000    1.0000000325280
    -359.00000000000    1.0000000325280
    -358.00000000000    1.0000000325280
    -357.00000000000    1.0000000325280
    -356.00000000000    1.0000000325280
    -355.00000000000    1.0000000325280
    -354.00000000000    1.0000000325280
    -353.00000000000    1.0000000325280
    -352.00000000000    1.0000000325280
    -351.00000000000    1.0000000325280
    -350.00000000000    1.0000000325280
    -349.00000000000    1.0000000325280
    -348.00000000000    1.0000000325280
    -347.00000000000    1.0000000325280
    -346.00000000000    1.0000000325280
    -345.00000000000    1.0000000325280
    -344.00000000000    1.0000000325280
    -343.00000000000    1.0000000325280
    -342.00000000000    1.0000000325280
    -341.00000000000    1.0000000325280
    -340.00000000000    1.0000000325280
    -339.00000000000    1.0000000325280
    -338.00000000000    1.0000000325280
    -337.00000000000    1.0000000325280
    -336.00000000000    1.0000000325280
    -335.00000000000    1.0000000325280
    -334.00000000000    1.0000000325280
    -333.00000000000    1.0000000325280
    -332.00000000000    1.0000000325280
    -331.00000000000    1.0000000325280
    -330.00000000000    1.0000000325280
    -329.00000000000    1.0000000325280
    -328.00000000000    1.0000000325280
    -327.00000000000    1.0000000325280
    -326.00000000000    1.0000000325280
    -325.00000000000    1.0000000325280
    -324.00000000000    1.0000000325280
    -323.00000000000    1.0000000325280
    -322.00000000000    1.0000000325280
    -321.00000000000    1.0000000325280
    -320.00000000000    1.0000000325280
    -319.00000000000    1.0000000325280
    -318.00000000000    1.0000000325280
    -317.00000000000    1.0000000325280
    -316.00000000000    1.0000000325280
    -315.00000000000    1.0000000325280
    -314.00000000000    1.0000000325280
    -313.00000000000    1.0000000325280
    -312.00000000000    1.0000000325280
    -311.00000000000    1.0000000325280
    -310.00000000000    1.0000000325280
    -309.00000000000    1.0000000325280
    -308.00000000000    1.0000000325280
    -307.00000000000    1.0000000325280
    -306.00000000000    1.0000000325280
    -305.00000000000    1.0000000325280
    -304.00000000000    1.0000000325280
    -303.00000000000    1.0000000325280
    -302.00000000000    1.0000000325280
    -301.00000000000    1.0000000325280
    -300.00000000000    1.0000000325280
    -299.00000000000    1.0000000325280
    -298.00000000000    1.0000000325280
    -297.00000000000    1.0000000325280
    -296.00000000000    1.0000000325280
    -295.00000000000    1.0000000325280
    -294.00000000000    1.0000000325280
    -293.00000000000    1.0000000325280
    -292.00000000000    1.0000000325280
    -291.00000000000    1.0000000325280
    -290.00000000000    1.0000000325280
    -289.00000000000    1.0000000325280
    -288.00000000000    1.0000000325280
    -287.00000000000    1.0000000325280
    -286.00000000000    1.0000000325280
    -285.00000000000    1.0000000325280
    -284.00000000000    1.0000000325280
    -283.00000000000    1.0000000325280
    -282.00000000000    1.0000000325280
    -281.00000000000    1.0000000325280
    -280.00000000000    1.0000000325280
    -279.00000000000    1.0000000325280
    -278.00000000000    1.0000000325280
    -277.00000000000    1.0000000325280
    -276.00000000000    1.0000000325280
    -275.00000000000    1.0000000325280
    -274.00000000000    1.0000000325280
    -273.00000000000    1.0000000325280
    -272.00000000000    1.0000000325280
    -271.00000000000    1.0000000325280
    -270.00000000000    1.0000000325280
    -269.00000000000    1.0000000325280
    -268.00000000000    1.0000000325280
    -267.00000000000    1.0000000325280
    -266.00000000000    1.0000000325280
    -265.00000000000    1.0000000325280
    -264.00000000000    1.0000000325280
    -263.00000000000    1.0000000325280
    -262.00000000000    1.0000000325280
    -261.00000000000    1.0000000325280
    -260.00000000000    1.0000000325280
    -259.00000000000    1.0000000325280
    -258.00000000000    1.0000000325280
    -257.00000000000    1.0000000325280
    -256.00000000000    1.0000000325280
    -255.00000000000    1.0000000325280
    -254.00000000000    1.0000000325280
    -253.00000000000    1.0000000325280
    -252.00000000000    1.0000000325280
    -251.00000000000    1.0000000325280
    -250.00000000000    1.0000000325280
    -249.00000000000    1.0000000325280
    -248.00000000000    1.0000000325280
    -247.00000000000    1.0000000325280
    -246.00000000000    1.0000000325280
    -245.00000000000    1.0000000325280
    -244.00000000000    1.0000000325280
    -243.00000000000    1.0000000325280
    -242.00000000000    1.0000000325280
    -241.00000000000    1.0000000325280
    -240.00000000000    1.0000000325280
    -239.00000000000    1.0000000325280
    -238.00000000000    1.0000000325280
    -237.00000000000    1.0000000325280
    -236.00000000000    1.0000000325280
    -235.00000000000    1.0000000325280
    -234.00000000000    1.0000000325280
    -233.00000000000    1.0000000325280
    -232.00000000000    1.0000000325280
    -231.00000000000    1.0000000325280
    -230.00000000000    1.0000000325280
    -229.00000000000    1.0000000325280
    -228.00000000000    1.0000000325280
    -227.00000000000    1.0000000325280
    -226.00000000000    1.0000000325280
    -225.00000000000    1.0000000325280
    -224.00000000000    1.0000000325280
    -223.00000000000    1.0000000325280
    -222.00000000000    1.0000000325280
    -221.00000000000    1.0000000325280
    -220.00000000000    1.0000000325280
    -219.00000000000    1.0000000325280
    -218.00000000000    1.0000000325280
    -217.00000000000    1.0000000325280
    -216.00000000000    1.0000000325280
    -215.00000000000    1.0000000325280
    -214.00000000000    1.0000000325280
    -213.00000000000    1.0000000325280
    -212.00000000000    1.0000000325280
    -211.00000000000    1.0000000325280
    -210.00000000000    1.0000000325280
    -209.00000000000    1.0000000325280
    -208.00000000000    1.0000000325280
    -207.00000000000    1.0000000325280
    -206.00000000000    1.0000000325280
    -205.00000000000    1.0000000325280
    -204.00000000000    1.0000000325280
    -203.00000000000    1.0000000325280
    -202.00000000000    1.0000000325280
    -201.00000000000    1.0000000325280
    -200.00000000000    1.0000000325280
    -199.00000000000    1.0000000325280
    -198.00000000000    1.0000000325280
    -197.00000000000    1.0000000325280
    -196.00000000000    1.0000000325280
    -195.00000000000    1.0000000325280
    -194.00000000000    1.0000000325280
    -193.00000000000    1.0000000325280
    -192.00000000000    1.0000000325280
    -191.00000000000    1.0000000325280
    -190.00000000000    1.0000000325280
    -189.00000000000    1.0000000325280
    -188.00000000000    1.0000000325280
    -187.00000000000    1.0000000325280
    -186.00000000000    1.0000000325280
    -185.00000000000    1.0000000325280
    -184.00000000000    1.0000000325280
    -183.00000000000    1.0000000325280
    -182.00000000000    1.0000000325280
    -181.00000000000    1.0000000325280
    -180.00000000000    1.0000000325280
    -179.00000000000    1.0000000325280
    -178.00000000000    1.0000000325280
    -177.00000000000    1.0000000325280
    -176.00000000000    1.0000000325280
    -175.00000000000    1.0000000325280
    -174.00000000000    1.0000000325280
    -173.00000000000    1.0000000325280
    -172.00000000000    1.0000000325280
    -171.00000000000    1.0000000325280
    -170.00000000000    1.0000000325280
    -169.00000000000    1.0000000325280
    -168.00000000000    1.0000000325280
    -167.00000000000    1.0000000325280
    -166.00000000000    1.0000000325280
    -165.00000000000    1.0000000325280
    -164.00000000000    1.0000000325280
    -163.00000000000    1.0000000325280
    -162.00000000000    1.0000000325280
    -161.00000000000    1.0000000325280
    -160.00000000000    1.0000000325280
    -159.00000000000    1.0000000325280
    -158.00000000000    1.0000000325280
    -157.00000000000    1.0000000325279
    -156.00000000000    1.0000000325277
    -155.00000000000    1.0000000325268
    -154.00000000000    1.0000000325233
    -153.00000000000    1.0000000325109
    -152.00000000000    1.0000000324685
    -151.00000000000    1.0000000323297
    -150.00000000000    1.0000000318943
    -149.00000000000    1.0000000305878
    -148.00000000000    1.0000000268363
    -147.00000000000    1.0000000165267
    -146.00000000000   0.99999998940835
    -145.00000000000   0.99999992112740
    -144.00000000000   0.99999975653999
    -143.00000000000   0.99999937669746
    -142.00000000000   0.99999853728304
    -141.00000000000   0.99999676072808
    -140.00000000000   0.99999315923467
    -139.00000000000   0.99998616450048
    -138.00000000000   0.99997314663819
    -137.00000000000   0.99994992472475
    -136.00000000000   0.99991020796538
    -135.00000000000   0.99984505776122
    -134.00000000000   0.99974251665895
    -133.00000000000   0.99958759039911
    -132.00000000000   0.99936276854638
    -131.00000000000   0.99904920561275
    -130.00000000000   0.99862855261820
    -129.00000000000   0.99808524977664
    -128.00000000000   0.99740891324099
    -127.00000000000   0.99659633646206
    -126.00000000000   0.99565263453174
    -125.00000000000   0.99459120756879
    -124.00000000000   0.99343245639575
    -123.00000000000   0.99220147597732
    -122.00000000000   0.99092518739859
    -121.00000000000   0.98962947421667
    -120.00000000000   0.98833683773883
    -119.00000000000   0.98706490718226
    -118.00000000000   0.98582590323413
    -117.00000000000   0.98462693510433
    -116.00000000000   0.98347086942723
    -115.00000000000   0.98235746548117
    -114.00000000000   0.98128451093816
    -113.00000000000   0.98024878029622
    -112.00000000000   0.97924673565020
    -111.00000000000   0.97827496829687
    -110.00000000000   0.97733042734291
    -109.00000000000   0.97641049912035
    -108.00000000000   0.97551299767578
    -107.00000000000   0.97463611246752
    -106.00000000000   0.97377834307087
   -105.000000000000   0.97293843697960
   -104.000000000000   0.97211533717780
   -103.000000000000   0.97130814074940
   -102.000000000000   0.97051606728368
   -101.000000000000   0.96973843505603
   -100.000000000000   0.96897464303141
    -99.000000000000   0.96822415711103
    -98.000000000000   0.96748649945234
    -97.000000000000   0.96676124003164
    -96.000000000000   0.96604798986889
    -95.000000000000   0.96534639550788
    -94.000000000000   0.96465613446288
    -93.000000000000   0.96397691142200
    -92.000000000000   0.96330845505217
    -91.000000000000   0.96265051528866
    -90.000000000000   0.96200286101913
    -89.000000000000   0.96136527809205
    -88.000000000000   0.96073756759409
    -87.000000000000   0.96011954435232
    -86.000000000000   0.95951103562548
    -85.000000000000   0.95891187995528
    -84.000000000000   0.95832192615408
    -83.000000000000   0.95774103240924
    -82.000000000000   0.95716906548773
    -81.000000000000   0.95660590002763
    -80.000000000000   0.95605141790473
    -79.000000000000   0.95550550766483
    -78.000000000000   0.95496806401327
    -77.000000000000   0.95443898735494
    -76.000000000000   0.95391818337843
    -75.000000000000   0.95340556267952
    -74.000000000000   0.95290104041922
    -73.000000000000   0.95240453601268
    -72.000000000000   0.95191597284561
    -71.000000000000   0.95143527801515
    -70.000000000000   0.95096238209278
    -69.000000000000   0.95049721890687
    -68.000000000000   0.95003972534306
    -67.000000000000   0.94958984116053
    -66.000000000000   0.94914750882280
    -65.000000000000   0.94871267334155
    -64.000000000000   0.94828528213232
    -63.000000000000   0.94786528488097
    -62.000000000000   0.94745263341999
    -61.000000000000   0.94704728161368
    -60.000000000000   0.94664918525152
    -59.000000000000   0.94625830194908
    -58.000000000000   0.94587459105565
    -57.000000000000   0.94549801356824
    -56.000000000000   0.94512853205130
    -55.000000000000   0.94476611056176
    -54.000000000000   0.94441071457900
    -53.000000000000   0.94406231093921
    -52.000000000000   0.94372086777410
    -51.000000000000   0.94338635445327
    -50.000000000000   0.94305874153031
    -49.000000000000   0.94273800069208
    -48.000000000000   0.94242410471118
    -47.000000000000   0.94211702740118
    -46.000000000000   0.94181674357454
    -45.000000000000   0.94152322900304
    -44.000000000000   0.94123646038042
    -43.000000000000   0.94095641528732
    -42.000000000000   0.94068307215806
    -41.000000000000   0.94041641024947
    -40.000000000000   0.94015640961133
    -39.000000000000   0.93990305105858
    -38.000000000000   0.93965631614502
    -37.000000000000   0.93941618713847
    -36.000000000000   0.93918264699732
    -35.000000000000   0.93895567934834
    -34.000000000000   0.93873526846576
    -33.000000000000   0.93852139925138
    -32.000000000000   0.93831405721592
    -31.000000000000   0.93811322846123
    -30.000000000000   0.93791889966359
    -29.000000000000   0.93773105805787
    -28.000000000000   0.93754969142255
    -27.000000000000   0.93737478806558
    -26.000000000000   0.93720633681103
    -25.000000000000   0.93704432698646
    -24.000000000000   0.93688874841104
    -23.000000000000   0.93673959138428
    -22.000000000000   0.93659684667547
    -21.000000000000   0.93646050551372
    -20.000000000000   0.93633055957856
    -19.000000000000   0.93620700099112
    -18.000000000000   0.93608982230588
    -17.000000000000   0.93597901650294
    -16.000000000000   0.93587457698073
    -15.000000000000   0.93577649754928
    -14.000000000000   0.93568477242392
    -13.000000000000   0.93559939621945
    -12.000000000000   0.93552036394470
    -11.000000000000   0.93544767099762
   -10.0000000000000   0.93538131316065
    -9.0000000000000   0.93532128659661
    -8.0000000000000   0.93526758784490
    -7.0000000000000   0.93522021381814
    -6.0000000000000   0.93517916179915
    -5.0000000000000   0.93514442943831
    -4.0000000000000   0.93511601475132
    -3.0000000000000   0.93509391611723
    -2.0000000000000   0.93507813227693
    -1.0000000000000   0.93506866233191
   0.   0.93506550574341
     1.0000000000000   0.93506866233191
     2.0000000000000   0.93507813227693
     3.0000000000000   0.93509391611723
     4.0000000000000   0.93511601475132
     5.0000000000000   0.93514442943831
     6.0000000000000   0.93517916179915
     7.0000000000000   0.93522021381814
     8.0000000000000   0.93526758784490
     9.0000000000000   0.93532128659661
    10.0000000000000   0.93538131316065
     11.000000000000   0.93544767099762
     12.000000000000   0.93552036394470
     13.000000000000   0.93559939621945
     14.000000000000   0.93568477242392
     15.000000000000   0.93577649754928
     16.000000000000   0.93587457698073
     17.000000000000   0.93597901650294
     18.000000000000   0.93608982230588
     19.000000000000   0.93620700099112
     20.000000000000   0.93633055957856
     21.000000000000   0.93646050551372
     22.000000000000   0.93659684667547
     23.000000000000   0.93673959138428
     24.000000000000   0.93688874841104
     25.000000000000   0.93704432698646
     26.000000000000   0.93720633681103
     27.000000000000   0.93737478806558
     28.000000000000   0.93754969142255
     29.000000000000   0.93773105805787
     30.000000000000   0.93791889966359
     31.000000000000   0.93811322846123
     32.000000000000   0.93831405721592
     33.000000000000   0.93852139925138
     34.000000000000   0.93873526846576
     35.000000000000   0.93895567934834
     36.000000000000   0.93918264699732
     37.000000000000   0.93941618713847
     38.000000000000   0.93965631614502
     39.000000000000   0.93990305105858
     40.000000000000   0.94015640961133
     41.000000000000   0.94041641024947
     42.000000000000   0.94068307215806
     43.000000000000   0.94095641528732
     44.000000000000   0.94123646038042
     45.000000000000   0.94152322900304
     46.000000000000   0.94181674357454
     47.000000000000   0.94211702740118
     48.000000000000   0.94242410471118
     49.000000000000   0.94273800069208
     50.000000000000   0.94305874153031
     51.000000000000   0.94338635445327
     52.000000000000   0.94372086777410
     53.000000000000   0.94406231093921
     54.000000000000   0.94441071457900
     55.000000000000   0.94476611056176
     56.000000000000   0.94512853205130
     57.000000000000   0.94549801356824
     58.000000000000   0.94587459105565
     59.000000000000   0.94625830194908
     60.000000000000   0.94664918525152
     61.000000000000   0.94704728161368
     62.000000000000   0.94745263341999
     63.000000000000   0.94786528488097
     64.000000000000   0.94828528213232
     65.000000000000   0.94871267334155
     66.000000000000   0.94914750882280
     67.000000000000   0.94958984116053
     68.000000000000   0.95003972534306
     69.000000000000   0.95049721890687
     70.000000000000   0.95096238209278
     71.000000000000   0.95143527801515
     72.000000000000   0.95191597284561
     73.000000000000   0.95240453601268
     74.000000000000   0.95290104041922
     75.000000000000   0.95340556267952
     76.000000000000   0.95391818337843
     77.000000000000   0.95443898735494
     78.000000000000   0.95496806401327
     79.000000000000   0.95550550766483
     80.000000000000   0.95605141790473
     81.000000000000   0.95660590002763
     82.000000000000   0.95716906548773
     83.000000000000   0.95774103240924
     84.000000000000   0.95832192615408
     85.000000000000   0.95891187995528
     86.000000000000   0.95951103562548
     87.000000000000   0.96011954435232
     88.000000000000   0.96073756759409
     89.000000000000   0.96136527809205
     90.000000000000   0.96200286101913
     91.000000000000   0.96265051528866
     92.000000000000   0.96330845505217
     93.000000000000   0.96397691142200
     94.000000000000   0.96465613446288
     95.000000000000   0.96534639550788
     96.000000000000   0.96604798986889
     97.000000000000   0.96676124003164
     98.000000000000   0.96748649945234
     99.000000000000   0.96822415711103
    100.000000000000   0.96897464303141
    101.000000000000   0.96973843505603
    102.000000000000   0.97051606728368
    103.000000000000   0.97130814074940
    104.000000000000   0.97211533717780
    105.000000000000   0.97293843697960
     106.00000000000   0.97377834307087
     107.00000000000   0.97463611246752
     108.00000000000   0.97551299767578
     109.00000000000   0.97641049912035
     110.00000000000   0.97733042734291
     111.00000000000   0.97827496829687
     112.00000000000   0.97924673565020
     113.00000000000   0.98024878029622
     114.00000000000   0.98128451093816
     115.00000000000   0.98235746548117
     116.00000000000   0.98347086942723
     117.00000000000   0.98462693510433
     118.00000000000   0.98582590323413
     119.00000000000   0.98706490718226
     120.00000000000   0.98833683773883
     121.00000000000   0.98962947421667
     122.00000000000   0.99092518739859
     123.00000000000   0.99220147597732
     124.00000000000   0.99343245639575
     125.00000000000   0.99459120756879
     126.00000000000   0.99565263453174
     127.00000000000   0.99659633646206
     128.00000000000   0.99740891324099
     129.00000000000   0.99808524977664
     130.00000000000   0.99862855261820
     131.00000000000   0.99904920561275
     132.00000000000   0.99936276854638
     133.00000000000   0.99958759039911
     134.00000000000   0.99974251665895
     135.00000000000   0.99984505776122
     136.00000000000   0.99991020796538
     137.00000000000   0.99994992472475
     138.00000000000   0.99997314663819
     139.00000000000   0.99998616450048
     140.00000000000   0.99999315923467
     141.00000000000   0.99999676072808
     142.00000000000   0.99999853728304
     143.00000000000   0.99999937669746
     144.00000000000   0.99999975653999
     145.00000000000   0.99999992112740
     146.00000000000   0.99999998940835
     147.00000000000    1.0000000165267
     148.00000000000    1.0000000268363
     149.00000000000    1.0000000305878
     150.00000000000    1.0000000318943
     151.00000000000    1.0000000323297
     152.00000000000    1.0000000324685
     153.00000000000    1.0000000325109
     154.00000000000    1.0000000325233
     155.00000000000    1.0000000325268
     156.00000000000    1.0000000325277
     157.00000000000    1.0000000325279
     158.00000000000    1.0000000325280
     159.00000000000    1.0000000325280
     160.00000000000    1.0000000325280
     161.00000000000    1.0000000325280
     162.00000000000    1.0000000325280
     163.00000000000    1.0000000325280
     164.00000000000    1.0000000325280
     165.00000000000    1.0000000325280
     166.00000000000    1.0000000325280
     167.00000000000    1.0000000325280
     168.00000000000    1.0000000325280
     169.00000000000    1.0000000325280
     170.00000000000    1.0000000325280
     171.00000000000    1.0000000325280
     172.00000000000    1.0000000325280
     173.00000000000    1.0000000325280
     174.00000000000    1.0000000325280
     175.00000000000    1.0000000325280
     176.00000000000    1.0000000325280
     177.00000000000    1.0000000325280
     178.00000000000    1.0000000325280
     179.00000000000    1.0000000325280
     180.00000000000    1.0000000325280
     181.00000000000    1.0000000325280
     182.00000000000    1.0000000325280
     183.00000000000    1.0000000325280
     184.00000000000    1.0000000325280
     185.00000000000    1.0000000325280
     186.00000000000    1.0000000325280
     187.00000000000    1.0000000325280
     188.00000000000    1.0000000325280
     189.00000000000    1.0000000325280
     190.00000000000    1.0000000325280
     191.00000000000    1.0000000325280
     192.00000000000    1.0000000325280
     193.00000000000    1.0000000325280
     194.00000000000    1.0000000325280
     195.00000000000    1.0000000325280
     196.00000000000    1.0000000325280
     197.00000000000    1.0000000325280
     198.00000000000    1.0000000325280
     199.00000000000    1.0000000325280
     200.00000000000    1.0000000325280
     201.00000000000    1.0000000325280
     202.00000000000    1.0000000325280
     203.00000000000    1.0000000325280
     204.00000000000    1.0000000325280
     205.00000000000    1.0000000325280
     206.00000000000    1.0000000325280
     207.00000000000    1.0000000325280
     208.00000000000    1.0000000325280
     209.00000000000    1.0000000325280
     210.00000000000    1.0000000325280
     211.00000000000    1.0000000325280
     212.00000000000    1.0000000325280
     213.00000000000    1.0000000325280
     214.00000000000    1.0000000325280
     215.00000000000    1.0000000325280
     216.00000000000    1.0000000325280
     217.00000000000    1.0000000325280
     218.00000000000    1.0000000325280
     219.00000000000    1.0000000325280
     220.00000000000    1.0000000325280
     221.00000000000    1.0000000325280
     222.00000000000    1.0000000325280
     223.00000000000    1.0000000325280
     224.00000000000    1.0000000325280
     225.00000000000    1.0000000325280
     226.00000000000    1.0000000325280
     227.00000000000    1.0000000325280
     228.00000000000    1.0000000325280
     229.00000000000    1.0000000325280
     230.00000000000    1.0000000325280
     231.00000000000    1.0000000325280
     232.00000000000    1.0000000325280
     233.00000000000    1.0000000325280
     234.00000000000    1.0000000325280
     235.00000000000    1.0000000325280
     236.00000000000    1.0000000325280
     237.00000000000    1.0000000325280
     238.00000000000    1.0000000325280
     239.00000000000    1.0000000325280
     240.00000000000    1.0000000325280
     241.00000000000    1.0000000325280
     242.00000000000    1.0000000325280
     243.00000000000    1.0000000325280
     244.00000000000    1.0000000325280
     245.00000000000    1.0000000325280
     246.00000000000    1.0000000325280
     247.00000000000    1.0000000325280
     248.00000000000    1.0000000325280
     249.00000000000    1.0000000325280
     250.00000000000    1.0000000325280
     251.00000000000    1.0000000325280
     252.00000000000    1.0000000325280
     253.00000000000    1.0000000325280
     254.00000000000    1.0000000325280
     255.00000000000    1.0000000325280
     256.00000000000    1.0000000325280
     257.00000000000    1.0000000325280
     258.00000000000    1.0000000325280
     259.00000000000    1.0000000325280
     260.00000000000    1.0000000325280
     261.00000000000    1.0000000325280
     262.00000000000    1.0000000325280
     263.00000000000    1.0000000325280
     264.00000000000    1.0000000325280
     265.00000000000    1.0000000325280
     266.00000000000    1.0000000325280
     267.00000000000    1.0000000325280
     268.00000000000    1.0000000325280
     269.00000000000    1.0000000325280
     270.00000000000    1.0000000325280
     271.00000000000    1.0000000325280
     272.00000000000    1.0000000325280
     273.00000000000    1.0000000325280
     274.00000000000    1.0000000325280
     275.00000000000    1.0000000325280
     276.00000000000    1.0000000325280
     277.00000000000    1.0000000325280
     278.00000000000    1.0000000325280
     279.00000000000    1.0000000325280
     280.00000000000    1.0000000325280
     281.00000000000    1.0000000325280
     282.00000000000    1.0000000325280
     283.00000000000    1.0000000325280
     284.00000000000    1.0000000325280
     285.00000000000    1.0000000325280
     286.00000000000    1.0000000325280
     287.00000000000    1.0000000325280
     288.00000000000    1.0000000325280
     289.00000000000    1.0000000325280
     290.00000000000    1.0000000325280
     291.00000000000    1.0000000325280
     292.00000000000    1.0000000325280
     293.00000000000    1.0000000325280
     294.00000000000    1.0000000325280
     295.00000000000    1.0000000325280
     296.00000000000    1.0000000325280
     297.00000000000    1.0000000325280
     298.00000000000    1.0000000325280
     299.00000000000    1.0000000325280
     300.00000000000    1.0000000325280
     301.00000000000    1.0000000325280
     302.00000000000    1.0000000325280
     303.00000000000    1.0000000325280
     304.00000000000    1.0000000325280
     305.00000000000    1.0000000325280
     306.00000000000    1.0000000325280
     307.00000000000    1.0000000325280
     308.00000000000    1.0000000325280
     309.00000000000    1.0000000325280
     310.00000000000    1.0000000325280
     311.00000000000    1.0000000325280
     312.00000000000    1.0000000325280
     313.00000000000    1.0000000325280
     314.00000000000    1.0000000325280
     315.00000000000    1.0000000325280
     316.00000000000    1.0000000325280
     317.00000000000    1.0000000325280
     318.00000000000    1.0000000325280
     319.00000000000    1.0000000325280
     320.00000000000    1.0000000325280
     321.00000000000    1.0000000325280
     322.00000000000    1.0000000325280
     323.00000000000    1.0000000325280
     324.00000000000    1.0000000325280
     325.00000000000    1.0000000325280
     326.00000000000    1.0000000325280
     327.00000000000    1.0000000325280
     328.00000000000    1.0000000325280
     329.00000000000    1.0000000325280
     330.00000000000    1.0000000325280
     331.00000000000    1.0000000325280
     332.00000000000    1.0000000325280
     333.00000000000    1.0000000325280
     334.00000000000    1.0000000325280
     335.00000000000    1.0000000325280
     336.00000000000    1.0000000325280
     337.00000000000    1.0000000325280
     338.00000000000    1.0000000325280
     339.00000000000    1.0000000325280
     340.00000000000    1.0000000325280
     341.00000000000    1.0000000325280
     342.00000000000    1.0000000325280
     343.00000000000    1.0000000325280
     344.00000000000    1.0000000325280
     345.00000000000    1.0000000325280
     346.00000000000    1.0000000325280
     347.00000000000    1.0000000325280
     348.00000000000    1.0000000325280
     349.00000000000    1.0000000325280
     350.00000000000    1.0000000325280
     351.00000000000    1.0000000325280
     352.00000000000    1.0000000325280
     353.00000000000    1.0000000325280
     354.00000000000    1.0000000325280
     355.00000000000    1.0000000325280
     356.00000000000    1.0000000325280
     357.00000000000    1.0000000325280
     358.00000000000    1.0000000325280
     359.00000000000    1.0000000325280
     360.00000000000    1.0000000325280
     361.00000000000    1.0000000325280
     362.00000000000    1.0000000325280
     363.00000000000    1.0000000325280
     364.00000000000    1.0000000325280
     365.00000000000    1.0000000325280
     366.00000000000    1.0000000325280
     367.00000000000    1.0000000325280
     368.00000000000    1.0000000325280
     369.00000000000    1.0000000325280
     370.00000000000    1.0000000325280
     371.00000000000    1.0000000325280
     372.00000000000    1.0000000325280
     373.00000000000    1.0000000325280
     374.00000000000    1.0000000325280
     375.00000000000    1.0000000325280
     376.00000000000    1.0000000325280
     377.00000000000    1.0000000325280
     378.00000000000    1.0000000325280
     379.00000000000    1.0000000325280
     380.00000000000    1.0000000325280
     381.00000000000    1.0000000325280
     382.00000000000    1.0000000325280
     383.00000000000    1.0000000325280
     384.00000000000    1.0000000325280
     385.00000000000    1.0000000325280
     386.00000000000    1.0000000325280
     387.00000000000    1.0000000325280
     388.00000000000    1.0000000325280
     389.00000000000    1.0000000325280
     390.00000000000    1.0000000325280
     391.00000000000    1.0000000325280
     392.00000000000    1.0000000325280
     393.00000000000    1.0000000325280
     394.00000000000    1.0000000325280
     395.00000000000    1.0000000325280
     396.00000000000    1.0000000325280
     397.00000000000    1.0000000325280
     398.00000000000    1.0000000325280
     399.00000000000    1.0000000325280
     400.00000000000    1.0000000325280
     401.00000000000    1.0000000325280
     402.00000000000    1.0000000325280
     403.00000000000    1.0000000325280
     404.00000000000    1.0000000325280
     405.00000000000    1.0000000325280
     406.00000000000    1.0000000325280
     407.00000000000    1.0000000325280
     408.00000000000    1.0000000325280
     409.00000000000    1.0000000325280
     410.00000000000    1.0000000325280
     411.00000000000    1.0000000325280
     412.00000000000    1.0000000325280
     413.00000000000    1.0000000325280
     414.00000000000    1.0000000325280
     415.00000000000    1.0000000325280
     416.00000000000    1.0000000325280
     417.00000000000    1.0000000325280
     418.00000000000    1.0000000325280
     419.00000000000    1.0000000325280
     420.00000000000    1.0000000325280
     421.00000000000    1.0000000325280
     422.00000000000    1.0000000325280
     423.00000000000    1.0000000325280
     424.00000000000    1.0000000325280
     425.00000000000    1.0000000325280
     426.00000000000    1.0000000325280
     427.00000000000    1.0000000325280
     428.00000000000    1.0000000325280
     429.00000000000    1.0000000325280
     430.00000000000    1.0000000325280
     431.00000000000    1.0000000325280
     432.00000000000    1.0000000325280
     433.00000000000    1.0000000325280
     434.00000000000    1.0000000325280
     435.00000000000    1.0000000325280
     436.00000000000    1.0000000325280
     437.00000000000    1.0000000325280
     438.00000000000    1.0000000325280
     439.00000000000    1.0000000325280
     440.00000000000    1.0000000325280
     441.00000000000    1.0000000325280
     442.00000000000    1.0000000325280
     443.00000000000    1.0000000325280
     444.00000000000    1.0000000325280
     445.00000000000    1.0000000325280
     446.00000000000    1.0000000325280
     447.00000000000    1.0000000325280
     448.00000000000    1.0000000325280
     449.00000000000    1.0000000325280
     450.00000000000    1.0000000325280
     451.00000000000    1.0000000325280
     452.00000000000    1.0000000325280
     453.00000000000    1.0000000325280
     454.00000000000    1.0000000325280
     455.00000000000    1.0000000325280
     456.00000000000    1.0000000325280
     457.00000000000    1.0000000325280
     458.00000000000    1.0000000325280
     459.00000000000    1.0000000325280
     460.00000000000    1.0000000325280
     461.00000000000    1.0000000325280
     462.00000000000    1.0000000325280
     463.00000000000    1.0000000325280
     464.00000000000    1.0000000325280
     465.00000000000    1.0000000325280
     466.00000000000    1.0000000325280
     467.00000000000    1.0000000325280
     468.00000000000    1.0000000325280
     469.00000000000    1.0000000325280
     470.00000000000    1.0000000325280
     471.00000000000    1.0000000325280
     472.00000000000    1.0000000325280
     473.00000000000    1.0000000325280
     474.00000000000    1.0000000325280
     475.00000000000    1.0000000325280
     476.00000000000    1.0000000325280
     477.00000000000    1.0000000325280
     478.00000000000    1.0000000325280
     479.00000000000    1.0000000325280
     480.00000000000    1.0000000325280
     481.00000000000    1.0000000325280
     482.00000000000    1.0000000325280
     483.00000000000    1.0000000325280
     484.00000000000    1.0000000325280
     485.00000000000    1.0000000325280
     486.00000000000    1.0000000325280
     487.00000000000    1.0000000325280
     488.00000000000    1.0000000325280
     489.00000000000    1.0000000325280
     490.00000000000    1.0000000325280
     491.00000000000    1.0000000325280
     492.00000000000    1.0000000325280
     493.00000000000    1.0000000325280
     494.00000000000    1.0000000325280
     495.00000000000    1.0000000325280
     496.00000000000    1.0000000325280
     497.00000000000    1.0000000325280
     498.00000000000    1.0000000325280
     499.00000000000    1.0000000325280
     500.00000000000    1.0000000325280
