    -500.00000000000    1.0000000325280
    -499.00000000000    1.0000000325280
    -498.00000000000    1.0000000325280
    -497.00000000000    1.0000000325280
    -496.00000000000    1.0000000325280
    -495.00000000000    1.0000000325280
    -494.00000000000    1.0000000325280
    -493.00000000000    1.0000000325280
    -492.00000000000    1.0000000325280
    -491.00000000000    1.0000000325280
    -490.00000000000    1.0000000325280
    -489.00000000000    1.0000000325280
    -488.00000000000    1.0000000325280
    -487.00000000000    1.0000000325280
    -486.00000000000    1.0000000325280
    -485.00000000000    1.0000000325280
    -484.00000000000    1.0000000325280
    -483.00000000000    1.0000000325280
    -482.00000000000    1.0000000325280
    -481.00000000000    1.0000000325280
    -480.00000000000    1.0000000325280
    -479.00000000000    1.0000000325280
    -478.00000000000    1.0000000325280
    -477.00000000000    1.0000000325280
    -476.00000000000    1.0000000325280
    -475.00000000000    1.0000000325280
    -474.00000000000    1.0000000325280
    -473.00000000000    1.0000000325280
    -472.00000000000    1.0000000325280
    -471.00000000000    1.0000000325280
    -470.00000000000    1.0000000325280
    -469.00000000000    1.0000000325280
    -468.00000000000    1.0000000325280
    -467.00000000000    1.0000000325280
    -466.00000000000    1.0000000325280
    -465.00000000000    1.0000000325280
    -464.00000000000    1.0000000325280
    -463.00000000000    1.0000000325280
    -462.00000000000    1.0000000325280
    -461.00000000000    1.0000000325280
    -460.00000000000    1.0000000325280
    -459.00000000000    1.0000000325280
    -458.00000000000    1.0000000325280
    -457.00000000000    1.0000000325280
    -456.00000000000    1.0000000325280
    -455.00000000000    1.0000000325280
    -454.00000000000    1.0000000325280
    -453.00000000000    1.0000000325280
    -452.00000000000    1.0000000325280
    -451.00000000000    1.0000000325280
    -450.00000000000    1.0000000325280
    -449.00000000000    1.0000000325280
    -448.00000000000    1.0000000325280
    -447.00000000000    1.0000000325280
    -446.00000000000    1.0000000325280
    -445.00000000000    1.0000000325280
    -444.00000000000    1.0000000325280
    -443.00000000000    1.0000000325280
    -442.00000000000    1.0000000325280
    -441.00000000000    1.0000000325280
    -440.00000000000    1.0000000325280
    -439.00000000000    1.0000000325280
    -438.00000000000    1.0000000325280
    -437.00000000000    1.0000000325280
    -436.00000000000    1.0000000325280
    -435.00000000000    1.0000000325280
    -434.00000000000    1.0000000325280
    -433.00000000000    1.0000000325280
    -432.00000000000    1.0000000325280
    -431.00000000000    1.0000000325280
    -430.00000000000    1.0000000325280
    -429.00000000000    1.0000000325280
    -428.00000000000    1.0000000325280
    -427.00000000000    1.0000000325280
    -426.00000000000    1.0000000325280
    -425.00000000000    1.0000000325280
    -424.00000000000    1.0000000325280
    -423.00000000000    1.0000000325280
    -422.00000000000    1.0000000325280
    -421.00000000000    1.0000000325280
    -420.00000000000    1.0000000325280
    -419.00000000000    1.0000000325280
    -418.00000000000    1.0000000325280
    -417.00000000000    1.0000000325280
    -416.00000000000    1.0000000325280
    -415.00000000000    1.0000000325280
    -414.00000000000    1.0000000325280
    -413.00000000000    1.0000000325280
    -412.00000000000    1.0000000325280
    -411.00000000000    1.0000000325280
    -410.00000000000    1.0000000325280
    -409.00000000000    1.0000000325280
    -408.00000000000    1.0000000325280
    -407.00000000000    1.0000000325280
    -406.00000000000    1.0000000325280
    -405.00000000000    1.0000000325280
    -404.00000000000    1.0000000325280
    -403.00000000000    1.0000000325280
    -402.00000000000    1.0000000325280
    -401.00000000000    1.0000000325280
    -400.00000000000    1.0000000325280
    -399.00000000000    1.0000000325280
    -398.00000000000    1.0000000325280
    -397.00000000000    1.0000000325280
    -396.00000000000    1.0000000325280
    -395.00000000000    1.0000000325280
    -394.00000000000    1.0000000325280
    -393.00000000000    1.0000000325280
    -392.00000000000    1.0000000325280
    -391.00000000000    1.0000000325280
    -390.00000000000    1.0000000325280
    -389.00000000000    1.0000000325280
    -388.00000000000    1.0000000325280
    -387.00000000000    1.0000000325280
    -386.00000000000    1.0000000325280
    -385.00000000000    1.0000000325280
    -384.00000000000    1.0000000325280
    -383.00000000000    1.0000000325280
    -382.00000000000    1.0000000325280
    -381.00000000000    1.0000000325280
    -380.00000000000    1.0000000325280
    -379.00000000000    1.0000000325280
    -378.00000000000    1.0000000325280
    -377.00000000000    1.0000000325280
    -376.00000000000    1.0000000325280
    -375.00000000000    1.0000000325280
    -374.00000000000    1.0000000325280
    -373.00000000000    1.0000000325280
    -372.00000000000    1.0000000325280
    -371.00000000000    1.0000000325280
    -370.00000000000    1.0000000325280
    -369.00000000000    1.0000000325280
    -368.00000000000    1.0000000325280
    -367.00000000000    1.0000000325280
    -366.00000000000    1.0000000325280
    -365.00000000000    1.0000000325280
    -364.00000000000    1.0000000325280
    -363.00000000000    1.0000000325280
    -362.00000000000    1.0000000325280
    -361.00000000000    1.0000000325280
    -360.00000000000    1.0000000325280
    -359.00000000000    1.0000000325280
    -358.00000000000    1.0000000325280
    -357.00000000000    1.0000000325280
    -356.00000000000    1.0000000325280
    -355.00000000000    1.0000000325280
    -354.00000000000    1.0000000325280
    -353.00000000000    1.0000000325280
    -352.00000000000    1.0000000325280
    -351.00000000000    1.0000000325280
    -350.00000000000    1.0000000325280
    -349.00000000000    1.0000000325280
    -348.00000000000    1.0000000325280
    -347.00000000000    1.0000000325280
    -346.00000000000    1.0000000325280
    -345.00000000000    1.0000000325280
    -344.00000000000    1.0000000325280
    -343.00000000000    1.0000000325280
    -342.00000000000    1.0000000325280
    -341.00000000000    1.0000000325280
    -340.00000000000    1.0000000325280
    -339.00000000000    1.0000000325280
    -338.00000000000    1.0000000325280
    -337.00000000000    1.0000000325280
    -336.00000000000    1.0000000325280
    -335.00000000000    1.0000000325280
    -334.00000000000    1.0000000325280
    -333.00000000000    1.0000000325280
    -332.00000000000    1.0000000325280
    -331.00000000000    1.0000000325280
    -330.00000000000    1.0000000325280
    -329.00000000000    1.0000000325280
    -328.00000000000    1.0000000325280
    -327.00000000000    1.0000000325280
    -326.00000000000    1.0000000325280
    -325.00000000000    1.0000000325280
    -324.00000000000    1.0000000325280
    -323.00000000000    1.0000000325280
    -322.00000000000    1.0000000325280
    -321.00000000000    1.0000000325280
    -320.00000000000    1.0000000325280
    -319.00000000000    1.0000000325280
    -318.00000000000    1.0000000325280
    -317.00000000000    1.0000000325280
    -316.00000000000    1.0000000325280
    -315.00000000000    1.0000000325280
    -314.00000000000    1.0000000325280
    -313.00000000000    1.0000000325280
    -312.00000000000    1.0000000325280
    -311.00000000000    1.0000000325280
    -310.00000000000    1.0000000325280
    -309.00000000000    1.0000000325280
    -308.00000000000    1.0000000325280
    -307.00000000000    1.0000000325280
    -306.00000000000    1.0000000325280
    -305.00000000000    1.0000000325280
    -304.00000000000    1.0000000325280
    -303.00000000000    1.0000000325280
    -302.00000000000    1.0000000325280
    -301.00000000000    1.0000000325280
    -300.00000000000    1.0000000325280
    -299.00000000000    1.0000000325280
    -298.00000000000    1.0000000325280
    -297.00000000000    1.0000000325280
    -296.00000000000    1.0000000325280
    -295.00000000000    1.0000000325280
    -294.00000000000    1.0000000325280
    -293.00000000000    1.0000000325280
    -292.00000000000    1.0000000325280
    -291.00000000000    1.0000000325280
    -290.00000000000    1.0000000325280
    -289.00000000000    1.0000000325280
    -288.00000000000    1.0000000325280
    -287.00000000000    1.0000000325280
    -286.00000000000    1.0000000325280
    -285.00000000000    1.0000000325280
    -284.00000000000    1.0000000325280
    -283.00000000000    1.0000000325280
    -282.00000000000    1.0000000325280
    -281.00000000000    1.0000000325280
    -280.00000000000    1.0000000325280
    -279.00000000000    1.0000000325280
    -278.00000000000    1.0000000325280
    -277.00000000000    1.0000000325279
    -276.00000000000    1.0000000325276
    -275.00000000000    1.0000000325263
    -274.00000000000    1.0000000325220
    -273.00000000000    1.0000000325071
    -272.00000000000    1.0000000324583
    -271.00000000000    1.0000000323056
    -270.00000000000    1.0000000318475
    -269.00000000000    1.0000000305328
    -268.00000000000    1.0000000269225
    -267.00000000000    1.0000000174325
    -266.00000000000   0.99999999355560
    -265.00000000000   0.99999993604674
    -264.00000000000   0.99999980343497
    -263.00000000000   0.99999951063288
    -262.00000000000   0.99999889151608
    -261.00000000000   0.99999763766059
    -260.00000000000   0.99999520501295
    -259.00000000000   0.99999068270436
    -258.00000000000   0.99998262526050
    -257.00000000000   0.99996886221485
    -256.00000000000   0.99994631687888
    -255.00000000000   0.99991088506323
    -254.00000000000   0.99985743793509
    -253.00000000000   0.99978001211345
    -252.00000000000   0.99967222713680
    -251.00000000000   0.99952792398162
    -250.00000000000   0.99934195607993
    -249.00000000000   0.99911100350796
    -248.00000000000   0.99883424388547
    -247.00000000000   0.99851371869540
    -246.00000000000   0.99815428732828
    -245.00000000000   0.99776315181309
    -244.00000000000   0.99734903645705
    -243.00000000000   0.99692118646105
    -242.00000000000   0.99648838302957
    -241.00000000000   0.99605815141396
    -240.00000000000   0.99563627377590
    -239.00000000000   0.99522663519499
    -238.00000000000   0.99483135575253
    -237.00000000000   0.99445111406442
    -236.00000000000   0.99408555457800
    -235.00000000000   0.99373368676151
    -234.00000000000   0.99339421622140
    -233.00000000000   0.99306578221077
    -232.00000000000   0.99274710325699
    -231.00000000000   0.99243704866240
    -230.00000000000   0.99213465909268
    -229.00000000000   0.99183913764662
    -228.00000000000   0.99154982747443
    -227.00000000000   0.99126618610622
    -226.00000000000   0.99098776180476
    -225.00000000000   0.99071417399263
    -224.00000000000   0.99044509797488
    -223.00000000000   0.99018025336531
    -222.00000000000   0.98991939540564
    -221.00000000000   0.98966230842938
    -220.00000000000   0.98940880087828
    -219.00000000000   0.98915870143821
    -218.00000000000   0.98891185598970
    -217.00000000000   0.98866812516097
    -216.00000000000   0.98842738233562
    -215.00000000000   0.98818951200994
    -214.00000000000   0.98795440842384
    -213.00000000000   0.98772197440930
    -212.00000000000   0.98749212041376
    -211.00000000000   0.98726476366606
    -210.00000000000   0.98703982745944
    -209.00000000000   0.98681724053169
    -208.00000000000   0.98659693652625
    -207.00000000000   0.98637885352164
    -206.00000000000   0.98616293361850
    -205.00000000000   0.98594912257580
    -204.00000000000   0.98573736948907
    -203.00000000000   0.98552762650474
    -202.00000000000   0.98531984856580
    -201.00000000000   0.98511399318440
    -200.00000000000   0.98491002023819
    -199.00000000000   0.98470789178716
    -198.00000000000   0.98450757190866
    -197.00000000000   0.98430902654832
    -196.00000000000   0.98411222338503
    -195.00000000000   0.98391713170836
    -194.00000000000   0.98372372230713
    -193.00000000000   0.98353196736770
    -192.00000000000   0.98334184038122
    -191.00000000000   0.98315331605861
    -190.00000000000   0.98296637025269
    -189.00000000000   0.98278097988666
    -188.00000000000   0.98259712288831
    -187.00000000000   0.98241477812933
    -186.00000000000   0.98223392536943
    -185.00000000000   0.98205454520457
    -184.00000000000   0.98187661901912
    -183.00000000000   0.98170012894152
    -182.00000000000   0.98152505780309
    -181.00000000000   0.98135138909981
    -180.00000000000   0.98117910695670
    -179.00000000000   0.98100819609473
    -178.00000000000   0.98083864179986
    -177.00000000000   0.98067042989423
    -176.00000000000   0.98050354670915
    -175.00000000000   0.98033797905992
    -174.00000000000   0.98017371422218
    -173.00000000000   0.98001073990979
    -172.00000000000   0.97984904425400
    -171.00000000000   0.97968861578399
    -170.00000000000   0.97952944340852
    -169.00000000000   0.97937151639866
    -168.00000000000   0.97921482437152
    -167.00000000000   0.97905935727500
    -166.00000000000   0.97890510537330
    -165.00000000000   0.97875205923329
    -164.00000000000   0.97860020971166
    -163.00000000000   0.97844954794276
    -162.00000000000   0.97830006532704
    -161.00000000000   0.97815175352019
    -160.00000000000   0.97800460442284
    -159.00000000000   0.97785861017071
    -158.00000000000   0.97771376312539
    -157.00000000000   0.97757005586552
    -156.00000000000   0.97742748117840
    -155.00000000000   0.97728603205209
    -154.00000000000   0.97714570166782
    -153.00000000000   0.97700648339279
    -152.00000000000   0.97686837077338
    -151.00000000000   0.97673135752860
    -150.00000000000   0.97659543754387
    -149.00000000000   0.97646060486512
    -148.00000000000   0.97632685369316
    -147.00000000000   0.97619417837825
    -146.00000000000   0.97606257341500
    -145.00000000000   0.97593203343742
    -144.00000000000   0.97580255321423
    -143.00000000000   0.97567412764439
    -142.00000000000   0.97554675175280
    -141.00000000000   0.97542042068616
    -140.00000000000   0.97529512970907
    -139.00000000000   0.97517087420024
    -138.00000000000   0.97504764964889
    -137.00000000000   0.97492545165127
    -136.00000000000   0.97480427590737
    -135.00000000000   0.97468411821770
    -134.00000000000   0.97456497448027
    -133.00000000000   0.97444684068761
    -132.00000000000   0.97432971292401
    -131.00000000000   0.97421358736276
    -130.00000000000   0.97409846026357
    -129.00000000000   0.97398432797008
    -128.00000000000   0.97387118690744
    -127.00000000000   0.97375903357999
    -126.00000000000   0.97364786456905
    -125.00000000000   0.97353767653075
    -124.00000000000   0.97342846619402
    -123.00000000000   0.97332023035852
    -122.00000000000   0.97321296589279
    -121.00000000000   0.97310666973240
    -120.00000000000   0.97300133887812
    -119.00000000000   0.97289697039424
    -118.00000000000   0.97279356140694
    -117.00000000000   0.97269110910262
    -116.00000000000   0.97258961072642
    -115.00000000000   0.97248906358070
    -114.00000000000   0.97238946502365
    -113.00000000000   0.97229081246780
    -112.00000000000   0.97219310337880
    -111.00000000000   0.97209633527405
    -110.00000000000   0.97200050572144
    -109.00000000000   0.97190561233820
    -108.00000000000   0.97181165278966
    -107.00000000000   0.97171862478818
    -106.00000000000   0.97162652609201
   -105.000000000000   0.97153535450422
   -104.000000000000   0.97144510787174
   -103.000000000000   0.97135578408428
   -102.000000000000   0.97126738107345
   -101.000000000000   0.97117989681176
   -100.000000000000   0.97109332931178
    -99.000000000000   0.97100767662519
    -98.000000000000   0.97092293684201
    -97.000000000000   0.97083910808975
    -96.000000000000   0.97075618853259
    -95.000000000000   0.97067417637064
    -94.000000000000   0.97059306983919
    -93.000000000000   0.97051286720796
    -92.000000000000   0.97043356678044
    -91.000000000000   0.97035516689316
    -90.000000000000   0.97027766591506
    -89.000000000000   0.97020106224685
    -88.000000000000   0.97012535432035
    -87.000000000000   0.97005054059793
    -86.000000000000   0.96997661957191
    -85.000000000000   0.96990358976398
    -84.000000000000   0.96983144972463
    -83.000000000000   0.96976019803266
    -82.000000000000   0.96968983329464
    -81.000000000000   0.96962035414437
    -80.000000000000   0.96955175924242
    -79.000000000000   0.96948404727567
    -78.000000000000   0.96941721695680
    -77.000000000000   0.96935126702385
    -76.000000000000   0.96928619623983
    -75.000000000000   0.96922200339223
    -74.000000000000   0.96915868729263
    -73.000000000000   0.96909624677632
    -72.000000000000   0.96903468070186
    -71.000000000000   0.96897398795078
    -70.000000000000   0.96891416742710
    -69.000000000000   0.96885521805707
    -68.000000000000   0.96879713878877
    -67.000000000000   0.96873992859180
    -66.000000000000   0.96868358645691
    -65.000000000000   0.96862811139572
    -64.000000000000   0.96857350244038
    -63.000000000000   0.96851975864329
    -62.000000000000   0.96846687907679
    -61.000000000000   0.96841486283287
    -60.000000000000   0.96836370902293
    -59.000000000000   0.96831341677746
    -58.000000000000   0.96826398524579
    -57.000000000000   0.96821541359584
    -56.000000000000   0.96816770101392
    -55.000000000000   0.96812084670439
    -54.000000000000   0.96807484988950
    -53.000000000000   0.96802970980915
    -52.000000000000   0.96798542572065
    -51.000000000000   0.96794199689853
    -50.000000000000   0.96789942263430
    -49.000000000000   0.96785770223627
    -48.000000000000   0.96781683502937
    -47.000000000000   0.96777682035492
    -46.000000000000   0.96773765757045
    -45.000000000000   0.96769934604956
    -44.000000000000   0.96766188518172
    -43.000000000000   0.96762527437209
    -42.000000000000   0.96758951304134
    -41.000000000000   0.96755460062557
    -40.000000000000   0.96752053657609
    -39.000000000000   0.96748732035928
    -38.000000000000   0.96745495145641
    -37.000000000000   0.96742342936362
    -36.000000000000   0.96739275359167
    -35.000000000000   0.96736292366584
    -34.000000000000   0.96733393912580
    -33.000000000000   0.96730579952553
    -32.000000000000   0.96727850443318
    -31.000000000000   0.96725205343091
    -30.000000000000   0.96722644611481
    -29.000000000000   0.96720168209486
    -28.000000000000   0.96717776099475
    -27.000000000000   0.96715468245178
    -26.000000000000   0.96713244611678
    -25.000000000000   0.96711105165411
    -24.000000000000   0.96709049874145
    -23.000000000000   0.96707078706971
    -22.000000000000   0.96705191634306
    -21.000000000000   0.96703388627883
    -20.000000000000   0.96701669660737
    -19.000000000000   0.96700034707197
    -18.000000000000   0.96698483742889
    -17.000000000000   0.96697016744731
    -16.000000000000   0.96695633690915
    -15.000000000000   0.96694334560905
    -14.000000000000   0.96693119335438
    -13.000000000000   0.96691987996523
    -12.000000000000   0.96690940527421
    -11.000000000000   0.96689976912647
   -10.0000000000000   0.96689097137976
    -9.0000000000000   0.96688301190432
    -8.0000000000000   0.96687589058282
    -7.0000000000000   0.96686960731030
    -6.0000000000000   0.96686416199428
    -5.0000000000000   0.96685955455469
    -4.0000000000000   0.96685578492374
    -3.0000000000000   0.96685285304597
    -2.0000000000000   0.96685075887832
    -1.0000000000000   0.96684950239007
   0.   0.96684908356271
     1.0000000000000   0.96684950239007
     2.0000000000000   0.96685075887832
     3.0000000000000   0.96685285304597
     4.0000000000000   0.96685578492374
     5.0000000000000   0.96685955455469
     6.0000000000000   0.96686416199428
     7.0000000000000   0.96686960731030
     8.0000000000000   0.96687589058282
     9.0000000000000   0.96688301190433
    10.0000000000000   0.96689097137976
     11.000000000000   0.96689976912647
     12.000000000000   0.96690940527421
     13.000000000000   0.96691987996523
     14.000000000000   0.96693119335438
     15.000000000000   0.96694334560905
     16.000000000000   0.96695633690915
     17.000000000000   0.96697016744731
     18.000000000000   0.96698483742889
     19.000000000000   0.96700034707197
     20.000000000000   0.96701669660737
     21.000000000000   0.96703388627883
     22.000000000000   0.96705191634306
     23.000000000000   0.96707078706971
     24.000000000000   0.96709049874145
     25.000000000000   0.96711105165411
     26.000000000000   0.96713244611678
     27.000000000000   0.96715468245178
     28.000000000000   0.96717776099475
     29.000000000000   0.96720168209486
     30.000000000000   0.96722644611481
     31.000000000000   0.96725205343091
     32.000000000000   0.96727850443318
     33.000000000000   0.96730579952553
     34.000000000000   0.96733393912580
     35.000000000000   0.96736292366584
     36.000000000000   0.96739275359167
     37.000000000000   0.96742342936362
     38.000000000000   0.96745495145641
     39.000000000000   0.96748732035927
     40.000000000000   0.96752053657609
     41.000000000000   0.96755460062557
     42.000000000000   0.96758951304134
     43.000000000000   0.96762527437209
     44.000000000000   0.96766188518172
     45.000000000000   0.96769934604956
     46.000000000000   0.96773765757045
     47.000000000000   0.96777682035492
     48.000000000000   0.96781683502937
     49.000000000000   0.96785770223627
     50.000000000000   0.96789942263430
     51.000000000000   0.96794199689853
     52.000000000000   0.96798542572065
     53.000000000000   0.96802970980915
     54.000000000000   0.96807484988950
     55.000000000000   0.96812084670439
     56.000000000000   0.96816770101391
     57.000000000000   0.96821541359584
     58.000000000000   0.96826398524579
     59.000000000000   0.96831341677746
     60.000000000000   0.96836370902293
     61.000000000000   0.96841486283287
     62.000000000000   0.96846687907679
     63.000000000000   0.96851975864329
     64.000000000000   0.96857350244038
     65.000000000000   0.96862811139572
     66.000000000000   0.96868358645691
     67.000000000000   0.96873992859180
     68.000000000000   0.96879713878877
     69.000000000000   0.96885521805707
     70.000000000000   0.96891416742710
     71.000000000000   0.96897398795078
     72.000000000000   0.96903468070186
     73.000000000000   0.96909624677632
     74.000000000000   0.96915868729263
     75.000000000000   0.96922200339223
     76.000000000000   0.96928619623983
     77.000000000000   0.96935126702385
     78.000000000000   0.96941721695680
     79.000000000000   0.96948404727567
     80.000000000000   0.96955175924242
     81.000000000000   0.96962035414437
     82.000000000000   0.96968983329464
     83.000000000000   0.96976019803266
     84.000000000000   0.96983144972463
     85.000000000000   0.96990358976398
     86.000000000000   0.96997661957191
     87.000000000000   0.97005054059793
     88.000000000000   0.97012535432035
     89.000000000000   0.97020106224685
     90.000000000000   0.97027766591506
     91.000000000000   0.97035516689316
     92.000000000000   0.97043356678044
     93.000000000000   0.97051286720796
     94.000000000000   0.97059306983919
     95.000000000000   0.97067417637064
     96.000000000000   0.97075618853259
     97.000000000000   0.97083910808975
     98.000000000000   0.97092293684201
     99.000000000000   0.97100767662519
    100.000000000000   0.97109332931178
    101.000000000000   0.97117989681176
    102.000000000000   0.97126738107345
    103.000000000000   0.97135578408428
    104.000000000000   0.97144510787173
    105.000000000000   0.97153535450422
     106.00000000000   0.97162652609201
     107.00000000000   0.97171862478818
     108.00000000000   0.97181165278966
     109.00000000000   0.97190561233820
     110.00000000000   0.97200050572144
     111.00000000000   0.97209633527405
     112.00000000000   0.97219310337880
     113.00000000000   0.97229081246780
     114.00000000000   0.97238946502364
     115.00000000000   0.97248906358070
     116.00000000000   0.97258961072642
     117.00000000000   0.97269110910262
     118.00000000000   0.97279356140694
     119.00000000000   0.97289697039424
     120.00000000000   0.97300133887812
     121.00000000000   0.97310666973240
     122.00000000000   0.97321296589279
     123.00000000000   0.97332023035852
     124.00000000000   0.97342846619402
     125.00000000000   0.97353767653075
     126.00000000000   0.97364786456905
     127.00000000000   0.97375903357999
     128.00000000000   0.97387118690744
     129.00000000000   0.97398432797008
     130.00000000000   0.97409846026357
     131.00000000000   0.97421358736276
     132.00000000000   0.97432971292401
     133.00000000000   0.97444684068761
     134.00000000000   0.97456497448027
     135.00000000000   0.97468411821771
     136.00000000000   0.97480427590737
     137.00000000000   0.97492545165127
     138.00000000000   0.97504764964889
     139.00000000000   0.97517087420024
     140.00000000000   0.97529512970907
     141.00000000000   0.97542042068616
     142.00000000000   0.97554675175280
     143.00000000000   0.97567412764439
     144.00000000000   0.97580255321423
     145.00000000000   0.97593203343741
     146.00000000000   0.97606257341500
     147.00000000000   0.97619417837825
     148.00000000000   0.97632685369316
     149.00000000000   0.97646060486512
     150.00000000000   0.97659543754387
     151.00000000000   0.97673135752860
     152.00000000000   0.97686837077338
     153.00000000000   0.97700648339279
     154.00000000000   0.97714570166782
     155.00000000000   0.97728603205209
     156.00000000000   0.97742748117840
     157.00000000000   0.97757005586552
     158.00000000000   0.97771376312539
     159.00000000000   0.97785861017071
     160.00000000000   0.97800460442284
     161.00000000000   0.97815175352019
     162.00000000000   0.97830006532704
     163.00000000000   0.97844954794276
     164.00000000000   0.97860020971166
     165.00000000000   0.97875205923329
     166.00000000000   0.97890510537330
     167.00000000000   0.97905935727500
     168.00000000000   0.97921482437152
     169.00000000000   0.97937151639866
     170.00000000000   0.97952944340852
     171.00000000000   0.97968861578399
     172.00000000000   0.97984904425400
     173.00000000000   0.98001073990979
     174.00000000000   0.98017371422218
     175.00000000000   0.98033797905992
     176.00000000000   0.98050354670915
     177.00000000000   0.98067042989423
     178.00000000000   0.98083864179986
     179.00000000000   0.98100819609473
     180.00000000000   0.98117910695670
     181.00000000000   0.98135138909981
     182.00000000000   0.98152505780309
     183.00000000000   0.98170012894152
     184.00000000000   0.98187661901912
     185.00000000000   0.98205454520457
     186.00000000000   0.98223392536943
     187.00000000000   0.98241477812933
     188.00000000000   0.98259712288831
     189.00000000000   0.98278097988666
     190.00000000000   0.98296637025269
     191.00000000000   0.98315331605861
     192.00000000000   0.98334184038122
     193.00000000000   0.98353196736770
     194.00000000000   0.98372372230713
     195.00000000000   0.98391713170836
     196.00000000000   0.98411222338503
     197.00000000000   0.98430902654832
     198.00000000000   0.98450757190866
     199.00000000000   0.98470789178715
     200.00000000000   0.98491002023819
     201.00000000000   0.98511399318440
     202.00000000000   0.98531984856580
     203.00000000000   0.98552762650474
     204.00000000000   0.98573736948907
     205.00000000000   0.98594912257580
     206.00000000000   0.98616293361850
     207.00000000000   0.98637885352164
     208.00000000000   0.98659693652625
     209.00000000000   0.98681724053169
     210.00000000000   0.98703982745944
     211.00000000000   0.98726476366606
     212.00000000000   0.98749212041376
     213.00000000000   0.98772197440930
     214.00000000000   0.98795440842384
     215.00000000000   0.98818951200994
     216.00000000000   0.98842738233562
     217.00000000000   0.98866812516097
     218.00000000000   0.98891185598970
     219.00000000000   0.98915870143821
     220.00000000000   0.98940880087827
     221.00000000000   0.98966230842938
     222.00000000000   0.98991939540563
     223.00000000000   0.99018025336531
     224.00000000000   0.99044509797488
     225.00000000000   0.99071417399263
     226.00000000000   0.99098776180476
     227.00000000000   0.99126618610622
     228.00000000000   0.99154982747443
     229.00000000000   0.99183913764662
     230.00000000000   0.99213465909268
     231.00000000000   0.99243704866240
     232.00000000000   0.99274710325699
     233.00000000000   0.99306578221077
     234.00000000000   0.99339421622140
     235.00000000000   0.99373368676151
     236.00000000000   0.99408555457800
     237.00000000000   0.99445111406442
     238.00000000000   0.99483135575253
     239.00000000000   0.99522663519499
     240.00000000000   0.99563627377590
     241.00000000000   0.99605815141396
     242.00000000000   0.99648838302957
     243.00000000000   0.99692118646104
     244.00000000000   0.99734903645705
     245.00000000000   0.99776315181309
     246.00000000000   0.99815428732828
     247.00000000000   0.99851371869540
     248.00000000000   0.99883424388547
     249.00000000000   0.99911100350796
     250.00000000000   0.99934195607993
     251.00000000000   0.99952792398162
     252.00000000000   0.99967222713680
     253.00000000000   0.99978001211345
     254.00000000000   0.99985743793509
     255.00000000000   0.99991088506323
     256.00000000000   0.99994631687888
     257.00000000000   0.99996886221485
     258.00000000000   0.99998262526050
     259.00000000000   0.99999068270436
     260.00000000000   0.99999520501295
     261.00000000000   0.99999763766059
     262.00000000000   0.99999889151608
     263.00000000000   0.99999951063288
     264.00000000000   0.99999980343497
     265.00000000000   0.99999993604674
     266.00000000000   0.99999999355560
     267.00000000000    1.0000000174325
     268.00000000000    1.0000000269225
     269.00000000000    1.0000000305328
     270.00000000000    1.0000000318475
     271.00000000000    1.0000000323056
     272.00000000000    1.0000000324583
     273.00000000000    1.0000000325071
     274.00000000000    1.0000000325220
     275.00000000000    1.0000000325263
     276.00000000000    1.0000000325276
     277.00000000000    1.0000000325279
     278.00000000000    1.0000000325280
     279.00000000000    1.0000000325280
     280.00000000000    1.0000000325280
     281.00000000000    1.0000000325280
     282.00000000000    1.0000000325280
     283.00000000000    1.0000000325280
     284.00000000000    1.0000000325280
     285.00000000000    1.0000000325280
     286.00000000000    1.0000000325280
     287.00000000000    1.0000000325280
     288.00000000000    1.0000000325280
     289.00000000000    1.0000000325280
     290.00000000000    1.0000000325280
     291.00000000000    1.0000000325280
     292.00000000000    1.0000000325280
     293.00000000000    1.0000000325280
     294.00000000000    1.0000000325280
     295.00000000000    1.0000000325280
     296.00000000000    1.0000000325280
     297.00000000000    1.0000000325280
     298.00000000000    1.0000000325280
     299.00000000000    1.0000000325280
     300.00000000000    1.0000000325280
     301.00000000000    1.0000000325280
     302.00000000000    1.0000000325280
     303.00000000000    1.0000000325280
     304.00000000000    1.0000000325280
     305.00000000000    1.0000000325280
     306.00000000000    1.0000000325280
     307.00000000000    1.0000000325280
     308.00000000000    1.0000000325280
     309.00000000000    1.0000000325280
     310.00000000000    1.0000000325280
     311.00000000000    1.0000000325280
     312.00000000000    1.0000000325280
     313.00000000000    1.0000000325280
     314.00000000000    1.0000000325280
     315.00000000000    1.0000000325280
     316.00000000000    1.0000000325280
     317.00000000000    1.0000000325280
     318.00000000000    1.0000000325280
     319.00000000000    1.0000000325280
     320.00000000000    1.0000000325280
     321.00000000000    1.0000000325280
     322.00000000000    1.0000000325280
     323.00000000000    1.0000000325280
     324.00000000000    1.0000000325280
     325.00000000000    1.0000000325280
     326.00000000000    1.0000000325280
     327.00000000000    1.0000000325280
     328.00000000000    1.0000000325280
     329.00000000000    1.0000000325280
     330.00000000000    1.0000000325280
     331.00000000000    1.0000000325280
     332.00000000000    1.0000000325280
     333.00000000000    1.0000000325280
     334.00000000000    1.0000000325280
     335.00000000000    1.0000000325280
     336.00000000000    1.0000000325280
     337.00000000000    1.0000000325280
     338.00000000000    1.0000000325280
     339.00000000000    1.0000000325280
     340.00000000000    1.0000000325280
     341.00000000000    1.0000000325280
     342.00000000000    1.0000000325280
     343.00000000000    1.0000000325280
     344.00000000000    1.0000000325280
     345.00000000000    1.0000000325280
     346.00000000000    1.0000000325280
     347.00000000000    1.0000000325280
     348.00000000000    1.0000000325280
     349.00000000000    1.0000000325280
     350.00000000000    1.0000000325280
     351.00000000000    1.0000000325280
     352.00000000000    1.0000000325280
     353.00000000000    1.0000000325280
     354.00000000000    1.0000000325280
     355.00000000000    1.0000000325280
     356.00000000000    1.0000000325280
     357.00000000000    1.0000000325280
     358.00000000000    1.0000000325280
     359.00000000000    1.0000000325280
     360.00000000000    1.0000000325280
     361.00000000000    1.0000000325280
     362.00000000000    1.0000000325280
     363.00000000000    1.0000000325280
     364.00000000000    1.0000000325280
     365.00000000000    1.0000000325280
     366.00000000000    1.0000000325280
     367.00000000000    1.0000000325280
     368.00000000000    1.0000000325280
     369.00000000000    1.0000000325280
     370.00000000000    1.0000000325280
     371.00000000000    1.0000000325280
     372.00000000000    1.0000000325280
     373.00000000000    1.0000000325280
     374.00000000000    1.0000000325280
     375.00000000000    1.0000000325280
     376.00000000000    1.0000000325280
     377.00000000000    1.0000000325280
     378.00000000000    1.0000000325280
     379.00000000000    1.0000000325280
     380.00000000000    1.0000000325280
     381.00000000000    1.0000000325280
     382.00000000000    1.0000000325280
     383.00000000000    1.0000000325280
     384.00000000000    1.0000000325280
     385.00000000000    1.0000000325280
     386.00000000000    1.0000000325280
     387.00000000000    1.0000000325280
     388.00000000000    1.0000000325280
     389.00000000000    1.0000000325280
     390.00000000000    1.0000000325280
     391.00000000000    1.0000000325280
     392.00000000000    1.0000000325280
     393.00000000000    1.0000000325280
     394.00000000000    1.0000000325280
     395.00000000000    1.0000000325280
     396.00000000000    1.0000000325280
     397.00000000000    1.0000000325280
     398.00000000000    1.0000000325280
     399.00000000000    1.0000000325280
     400.00000000000    1.0000000325280
     401.00000000000    1.0000000325280
     402.00000000000    1.0000000325280
     403.00000000000    1.0000000325280
     404.00000000000    1.0000000325280
     405.00000000000    1.0000000325280
     406.00000000000    1.0000000325280
     407.00000000000    1.0000000325280
     408.00000000000    1.0000000325280
     409.00000000000    1.0000000325280
     410.00000000000    1.0000000325280
     411.00000000000    1.0000000325280
     412.00000000000    1.0000000325280
     413.00000000000    1.0000000325280
     414.00000000000    1.0000000325280
     415.00000000000    1.0000000325280
     416.00000000000    1.0000000325280
     417.00000000000    1.0000000325280
     418.00000000000    1.0000000325280
     419.00000000000    1.0000000325280
     420.00000000000    1.0000000325280
     421.00000000000    1.0000000325280
     422.00000000000    1.0000000325280
     423.00000000000    1.0000000325280
     424.00000000000    1.0000000325280
     425.00000000000    1.0000000325280
     426.00000000000    1.0000000325280
     427.00000000000    1.0000000325280
     428.00000000000    1.0000000325280
     429.00000000000    1.0000000325280
     430.00000000000    1.0000000325280
     431.00000000000    1.0000000325280
     432.00000000000    1.0000000325280
     433.00000000000    1.0000000325280
     434.00000000000    1.0000000325280
     435.00000000000    1.0000000325280
     436.00000000000    1.0000000325280
     437.00000000000    1.0000000325280
     438.00000000000    1.0000000325280
     439.00000000000    1.0000000325280
     440.00000000000    1.0000000325280
     441.00000000000    1.0000000325280
     442.00000000000    1.0000000325280
     443.00000000000    1.0000000325280
     444.00000000000    1.0000000325280
     445.00000000000    1.0000000325280
     446.00000000000    1.0000000325280
     447.00000000000    1.0000000325280
     448.00000000000    1.0000000325280
     449.00000000000    1.0000000325280
     450.00000000000    1.0000000325280
     451.00000000000    1.0000000325280
     452.00000000000    1.0000000325280
     453.00000000000    1.0000000325280
     454.00000000000    1.0000000325280
     455.00000000000    1.0000000325280
     456.00000000000    1.0000000325280
     457.00000000000    1.0000000325280
     458.00000000000    1.0000000325280
     459.00000000000    1.0000000325280
     460.00000000000    1.0000000325280
     461.00000000000    1.0000000325280
     462.00000000000    1.0000000325280
     463.00000000000    1.0000000325280
     464.00000000000    1.0000000325280
     465.00000000000    1.0000000325280
     466.00000000000    1.0000000325280
     467.00000000000    1.0000000325280
     468.00000000000    1.0000000325280
     469.00000000000    1.0000000325280
     470.00000000000    1.0000000325280
     471.00000000000    1.0000000325280
     472.00000000000    1.0000000325280
     473.00000000000    1.0000000325280
     474.00000000000    1.0000000325280
     475.00000000000    1.0000000325280
     476.00000000000    1.0000000325280
     477.00000000000    1.0000000325280
     478.00000000000    1.0000000325280
     479.00000000000    1.0000000325280
     480.00000000000    1.0000000325280
     481.00000000000    1.0000000325280
     482.00000000000    1.0000000325280
     483.00000000000    1.0000000325280
     484.00000000000    1.0000000325280
     485.00000000000    1.0000000325280
     486.00000000000    1.0000000325280
     487.00000000000    1.0000000325280
     488.00000000000    1.0000000325280
     489.00000000000    1.0000000325280
     490.00000000000    1.0000000325280
     491.00000000000    1.0000000325280
     492.00000000000    1.0000000325280
     493.00000000000    1.0000000325280
     494.00000000000    1.0000000325280
     495.00000000000    1.0000000325280
     496.00000000000    1.0000000325280
     497.00000000000    1.0000000325280
     498.00000000000    1.0000000325280
     499.00000000000    1.0000000325280
     500.00000000000    1.0000000325280
