    -500.00000000000    1.0000000325280
    -499.00000000000    1.0000000325280
    -498.00000000000    1.0000000325280
    -497.00000000000    1.0000000325280
    -496.00000000000    1.0000000325280
    -495.00000000000    1.0000000325280
    -494.00000000000    1.0000000325280
    -493.00000000000    1.0000000325280
    -492.00000000000    1.0000000325280
    -491.00000000000    1.0000000325280
    -490.00000000000    1.0000000325280
    -489.00000000000    1.0000000325280
    -488.00000000000    1.0000000325280
    -487.00000000000    1.0000000325280
    -486.00000000000    1.0000000325280
    -485.00000000000    1.0000000325280
    -484.00000000000    1.0000000325280
    -483.00000000000    1.0000000325280
    -482.00000000000    1.0000000325280
    -481.00000000000    1.0000000325280
    -480.00000000000    1.0000000325280
    -479.00000000000    1.0000000325280
    -478.00000000000    1.0000000325280
    -477.00000000000    1.0000000325280
    -476.00000000000    1.0000000325280
    -475.00000000000    1.0000000325280
    -474.00000000000    1.0000000325280
    -473.00000000000    1.0000000325280
    -472.00000000000    1.0000000325280
    -471.00000000000    1.0000000325280
    -470.00000000000    1.0000000325280
    -469.00000000000    1.0000000325280
    -468.00000000000    1.0000000325280
    -467.00000000000    1.0000000325280
    -466.00000000000    1.0000000325280
    -465.00000000000    1.0000000325280
    -464.00000000000    1.0000000325280
    -463.00000000000    1.0000000325280
    -462.00000000000    1.0000000325280
    -461.00000000000    1.0000000325280
    -460.00000000000    1.0000000325280
    -459.00000000000    1.0000000325280
    -458.00000000000    1.0000000325280
    -457.00000000000    1.0000000325280
    -456.00000000000    1.0000000325280
    -455.00000000000    1.0000000325280
    -454.00000000000    1.0000000325280
    -453.00000000000    1.0000000325280
    -452.00000000000    1.0000000325280
    -451.00000000000    1.0000000325280
    -450.00000000000    1.0000000325280
    -449.00000000000    1.0000000325280
    -448.00000000000    1.0000000325280
    -447.00000000000    1.0000000325280
    -446.00000000000    1.0000000325280
    -445.00000000000    1.0000000325280
    -444.00000000000    1.0000000325280
    -443.00000000000    1.0000000325280
    -442.00000000000    1.0000000325280
    -441.00000000000    1.0000000325280
    -440.00000000000    1.0000000325280
    -439.00000000000    1.0000000325280
    -438.00000000000    1.0000000325280
    -437.00000000000    1.0000000325280
    -436.00000000000    1.0000000325280
    -435.00000000000    1.0000000325280
    -434.00000000000    1.0000000325280
    -433.00000000000    1.0000000325280
    -432.00000000000    1.0000000325280
    -431.00000000000    1.0000000325280
    -430.00000000000    1.0000000325280
    -429.00000000000    1.0000000325280
    -428.00000000000    1.0000000325280
    -427.00000000000    1.0000000325280
    -426.00000000000    1.0000000325280
    -425.00000000000    1.0000000325280
    -424.00000000000    1.0000000325280
    -423.00000000000    1.0000000325280
    -422.00000000000    1.0000000325280
    -421.00000000000    1.0000000325280
    -420.00000000000    1.0000000325280
    -419.00000000000    1.0000000325280
    -418.00000000000    1.0000000325280
    -417.00000000000    1.0000000325280
    -416.00000000000    1.0000000325280
    -415.00000000000    1.0000000325280
    -414.00000000000    1.0000000325280
    -413.00000000000    1.0000000325280
    -412.00000000000    1.0000000325280
    -411.00000000000    1.0000000325280
    -410.00000000000    1.0000000325280
    -409.00000000000    1.0000000325280
    -408.00000000000    1.0000000325280
    -407.00000000000    1.0000000325280
    -406.00000000000    1.0000000325280
    -405.00000000000    1.0000000325280
    -404.00000000000    1.0000000325280
    -403.00000000000    1.0000000325280
    -402.00000000000    1.0000000325280
    -401.00000000000    1.0000000325280
    -400.00000000000    1.0000000325280
    -399.00000000000    1.0000000325280
    -398.00000000000    1.0000000325280
    -397.00000000000    1.0000000325280
    -396.00000000000    1.0000000325280
    -395.00000000000    1.0000000325280
    -394.00000000000    1.0000000325280
    -393.00000000000    1.0000000325280
    -392.00000000000    1.0000000325280
    -391.00000000000    1.0000000325280
    -390.00000000000    1.0000000325280
    -389.00000000000    1.0000000325280
    -388.00000000000    1.0000000325280
    -387.00000000000    1.0000000325280
    -386.00000000000    1.0000000325280
    -385.00000000000    1.0000000325280
    -384.00000000000    1.0000000325280
    -383.00000000000    1.0000000325280
    -382.00000000000    1.0000000325280
    -381.00000000000    1.0000000325280
    -380.00000000000    1.0000000325280
    -379.00000000000    1.0000000325280
    -378.00000000000    1.0000000325280
    -377.00000000000    1.0000000325280
    -376.00000000000    1.0000000325280
    -375.00000000000    1.0000000325280
    -374.00000000000    1.0000000325280
    -373.00000000000    1.0000000325280
    -372.00000000000    1.0000000325280
    -371.00000000000    1.0000000325280
    -370.00000000000    1.0000000325280
    -369.00000000000    1.0000000325280
    -368.00000000000    1.0000000325280
    -367.00000000000    1.0000000325280
    -366.00000000000    1.0000000325280
    -365.00000000000    1.0000000325280
    -364.00000000000    1.0000000325280
    -363.00000000000    1.0000000325280
    -362.00000000000    1.0000000325280
    -361.00000000000    1.0000000325280
    -360.00000000000    1.0000000325280
    -359.00000000000    1.0000000325280
    -358.00000000000    1.0000000325280
    -357.00000000000    1.0000000325280
    -356.00000000000    1.0000000325280
    -355.00000000000    1.0000000325280
    -354.00000000000    1.0000000325280
    -353.00000000000    1.0000000325280
    -352.00000000000    1.0000000325280
    -351.00000000000    1.0000000325280
    -350.00000000000    1.0000000325280
    -349.00000000000    1.0000000325280
    -348.00000000000    1.0000000325280
    -347.00000000000    1.0000000325280
    -346.00000000000    1.0000000325280
    -345.00000000000    1.0000000325280
    -344.00000000000    1.0000000325280
    -343.00000000000    1.0000000325280
    -342.00000000000    1.0000000325280
    -341.00000000000    1.0000000325280
    -340.00000000000    1.0000000325280
    -339.00000000000    1.0000000325280
    -338.00000000000    1.0000000325280
    -337.00000000000    1.0000000325280
    -336.00000000000    1.0000000325280
    -335.00000000000    1.0000000325280
    -334.00000000000    1.0000000325280
    -333.00000000000    1.0000000325280
    -332.00000000000    1.0000000325280
    -331.00000000000    1.0000000325280
    -330.00000000000    1.0000000325280
    -329.00000000000    1.0000000325280
    -328.00000000000    1.0000000325280
    -327.00000000000    1.0000000325280
    -326.00000000000    1.0000000325280
    -325.00000000000    1.0000000325280
    -324.00000000000    1.0000000325280
    -323.00000000000    1.0000000325280
    -322.00000000000    1.0000000325280
    -321.00000000000    1.0000000325280
    -320.00000000000    1.0000000325280
    -319.00000000000    1.0000000325280
    -318.00000000000    1.0000000325280
    -317.00000000000    1.0000000325280
    -316.00000000000    1.0000000325280
    -315.00000000000    1.0000000325280
    -314.00000000000    1.0000000325280
    -313.00000000000    1.0000000325280
    -312.00000000000    1.0000000325280
    -311.00000000000    1.0000000325280
    -310.00000000000    1.0000000325280
    -309.00000000000    1.0000000325280
    -308.00000000000    1.0000000325280
    -307.00000000000    1.0000000325280
    -306.00000000000    1.0000000325280
    -305.00000000000    1.0000000325280
    -304.00000000000    1.0000000325280
    -303.00000000000    1.0000000325280
    -302.00000000000    1.0000000325280
    -301.00000000000    1.0000000325280
    -300.00000000000    1.0000000325280
    -299.00000000000    1.0000000325280
    -298.00000000000    1.0000000325280
    -297.00000000000    1.0000000325280
    -296.00000000000    1.0000000325280
    -295.00000000000    1.0000000325280
    -294.00000000000    1.0000000325280
    -293.00000000000    1.0000000325280
    -292.00000000000    1.0000000325280
    -291.00000000000    1.0000000325280
    -290.00000000000    1.0000000325280
    -289.00000000000    1.0000000325280
    -288.00000000000    1.0000000325280
    -287.00000000000    1.0000000325280
    -286.00000000000    1.0000000325280
    -285.00000000000    1.0000000325280
    -284.00000000000    1.0000000325280
    -283.00000000000    1.0000000325280
    -282.00000000000    1.0000000325280
    -281.00000000000    1.0000000325280
    -280.00000000000    1.0000000325280
    -279.00000000000    1.0000000325280
    -278.00000000000    1.0000000325280
    -277.00000000000    1.0000000325280
    -276.00000000000    1.0000000325280
    -275.00000000000    1.0000000325280
    -274.00000000000    1.0000000325280
    -273.00000000000    1.0000000325280
    -272.00000000000    1.0000000325280
    -271.00000000000    1.0000000325280
    -270.00000000000    1.0000000325280
    -269.00000000000    1.0000000325280
    -268.00000000000    1.0000000325280
    -267.00000000000    1.0000000325280
    -266.00000000000    1.0000000325280
    -265.00000000000    1.0000000325280
    -264.00000000000    1.0000000325280
    -263.00000000000    1.0000000325280
    -262.00000000000    1.0000000325280
    -261.00000000000    1.0000000325280
    -260.00000000000    1.0000000325280
    -259.00000000000    1.0000000325280
    -258.00000000000    1.0000000325280
    -257.00000000000    1.0000000325280
    -256.00000000000    1.0000000325280
    -255.00000000000    1.0000000325280
    -254.00000000000    1.0000000325280
    -253.00000000000    1.0000000325280
    -252.00000000000    1.0000000325280
    -251.00000000000    1.0000000325280
    -250.00000000000    1.0000000325280
    -249.00000000000    1.0000000325280
    -248.00000000000    1.0000000325280
    -247.00000000000    1.0000000325280
    -246.00000000000    1.0000000325280
    -245.00000000000    1.0000000325280
    -244.00000000000    1.0000000325280
    -243.00000000000    1.0000000325280
    -242.00000000000    1.0000000325280
    -241.00000000000    1.0000000325280
    -240.00000000000    1.0000000325280
    -239.00000000000    1.0000000325280
    -238.00000000000    1.0000000325280
    -237.00000000000    1.0000000325280
    -236.00000000000    1.0000000325280
    -235.00000000000    1.0000000325280
    -234.00000000000    1.0000000325280
    -233.00000000000    1.0000000325280
    -232.00000000000    1.0000000325280
    -231.00000000000    1.0000000325280
    -230.00000000000    1.0000000325280
    -229.00000000000    1.0000000325280
    -228.00000000000    1.0000000325280
    -227.00000000000    1.0000000325280
    -226.00000000000    1.0000000325280
    -225.00000000000    1.0000000325280
    -224.00000000000    1.0000000325280
    -223.00000000000    1.0000000325280
    -222.00000000000    1.0000000325280
    -221.00000000000    1.0000000325280
    -220.00000000000    1.0000000325280
    -219.00000000000    1.0000000325280
    -218.00000000000    1.0000000325280
    -217.00000000000    1.0000000325280
    -216.00000000000    1.0000000325280
    -215.00000000000    1.0000000325280
    -214.00000000000    1.0000000325280
    -213.00000000000    1.0000000325280
    -212.00000000000    1.0000000325280
    -211.00000000000    1.0000000325280
    -210.00000000000    1.0000000325280
    -209.00000000000    1.0000000325280
    -208.00000000000    1.0000000325280
    -207.00000000000    1.0000000325280
    -206.00000000000    1.0000000325280
    -205.00000000000    1.0000000325280
    -204.00000000000    1.0000000325280
    -203.00000000000    1.0000000325280
    -202.00000000000    1.0000000325280
    -201.00000000000    1.0000000325280
    -200.00000000000    1.0000000325280
    -199.00000000000    1.0000000325280
    -198.00000000000    1.0000000325280
    -197.00000000000    1.0000000325280
    -196.00000000000    1.0000000325280
    -195.00000000000    1.0000000325280
    -194.00000000000    1.0000000325280
    -193.00000000000    1.0000000325280
    -192.00000000000    1.0000000325280
    -191.00000000000    1.0000000325280
    -190.00000000000    1.0000000325280
    -189.00000000000    1.0000000325280
    -188.00000000000    1.0000000325280
    -187.00000000000    1.0000000325280
    -186.00000000000    1.0000000325280
    -185.00000000000    1.0000000325280
    -184.00000000000    1.0000000325280
    -183.00000000000    1.0000000325280
    -182.00000000000    1.0000000325280
    -181.00000000000    1.0000000325280
    -180.00000000000    1.0000000325280
    -179.00000000000    1.0000000325280
    -178.00000000000    1.0000000325280
    -177.00000000000    1.0000000325280
    -176.00000000000    1.0000000325280
    -175.00000000000    1.0000000325280
    -174.00000000000    1.0000000325280
    -173.00000000000    1.0000000325280
    -172.00000000000    1.0000000325280
    -171.00000000000    1.0000000325280
    -170.00000000000    1.0000000325280
    -169.00000000000    1.0000000325280
    -168.00000000000    1.0000000325280
    -167.00000000000    1.0000000325280
    -166.00000000000    1.0000000325279
    -165.00000000000    1.0000000325277
    -164.00000000000    1.0000000325269
    -163.00000000000    1.0000000325238
    -162.00000000000    1.0000000325127
    -161.00000000000    1.0000000324746
    -160.00000000000    1.0000000323499
    -159.00000000000    1.0000000319590
    -158.00000000000    1.0000000307862
    -157.00000000000    1.0000000274188
    -156.00000000000    1.0000000181652
    -155.00000000000   0.99999999382652
    -154.00000000000   0.99999993254954
    -153.00000000000   0.99999978485756
    -152.00000000000   0.99999944403820
    -151.00000000000   0.99999869093368
    -150.00000000000   0.99999709720937
    -149.00000000000   0.99999386670568
    -148.00000000000   0.99998759321884
    -147.00000000000   0.99997591909146
    -146.00000000000   0.99995509690898
    -145.00000000000   0.99991948938961
    -144.00000000000   0.99986108853996
    -143.00000000000   0.99976918500094
    -142.00000000000   0.99963035442662
    -141.00000000000   0.99942892684831
    -140.00000000000   0.99914804772125
    -139.00000000000   0.99877132084424
    -138.00000000000   0.99828486261327
    -137.00000000000   0.99767943795436
    -136.00000000000   0.99695224805057
    -135.00000000000   0.99610794768275
    -134.00000000000   0.99515860308393
    -133.00000000000   0.99412253219869
    -132.00000000000   0.99302223119574
    -131.00000000000   0.99188180153499
    -130.00000000000   0.99072438522067
    -129.00000000000   0.98957006895566
    -128.00000000000   0.98843455705078
    -127.00000000000   0.98732869973199
    -126.00000000000   0.98625876777581
    -125.00000000000   0.98522723779773
    -124.00000000000   0.98423381379774
    -123.00000000000   0.98327644678307
    -122.00000000000   0.98235219353113
    -121.00000000000   0.98145784314275
    -120.00000000000   0.98059031069064
    -119.00000000000   0.97974683985761
    -118.00000000000   0.97892507207846
    -117.00000000000   0.97812303635452
    -116.00000000000   0.97733910111686
    -115.00000000000   0.97657191480123
    -114.00000000000   0.97582034947875
    -113.00000000000   0.97508345344743
    -112.00000000000   0.97436041385619
    -111.00000000000   0.97365052820078
    -110.00000000000   0.97295318284784
    -109.00000000000   0.97226783681541
    -108.00000000000   0.97159400938130
    -107.00000000000   0.97093127046221
    -106.00000000000   0.97027923301409
   -105.000000000000   0.96963754693014
   -104.000000000000   0.96900589406997
   -103.000000000000   0.96838398415923
   -102.000000000000   0.96777155137094
   -101.000000000000   0.96716835144867
   -100.000000000000   0.96657415926619
    -99.000000000000   0.96598876674231
    -98.000000000000   0.96541198104796
    -97.000000000000   0.96484362305544
    -96.000000000000   0.96428352599007
    -95.000000000000   0.96373153425214
    -94.000000000000   0.96318750238291
    -93.000000000000   0.96265129415345
    -92.000000000000   0.96212278175842
    -91.000000000000   0.96160184510027
    -90.000000000000   0.96108837115143
    -89.000000000000   0.96058225338438
    -88.000000000000   0.96008339126058
    -87.000000000000   0.95959168977119
    -86.000000000000   0.95910705902291
    -85.000000000000   0.95862941386388
    -84.000000000000   0.95815867354469
    -83.000000000000   0.95769476141068
    -82.000000000000   0.95723760462193
    -81.000000000000   0.95678713389799
    -80.000000000000   0.95634328328467
    -79.000000000000   0.95590598994060
    -78.000000000000   0.95547519394151
    -77.000000000000   0.95505083810046
    -76.000000000000   0.95463286780250
    -75.000000000000   0.95422123085226
    -74.000000000000   0.95381587733331
    -73.000000000000   0.95341675947824
    -72.000000000000   0.95302383154832
    -71.000000000000   0.95263704972210
    -70.000000000000   0.95225637199193
    -69.000000000000   0.95188175806789
    -68.000000000000   0.95151316928841
    -67.000000000000   0.95115056853704
    -66.000000000000   0.95079392016485
    -65.000000000000   0.95044318991801
    -64.000000000000   0.95009834487015
    -63.000000000000   0.94975935335909
    -62.000000000000   0.94942618492762
    -61.000000000000   0.94909881026806
    -60.000000000000   0.94877720117017
    -59.000000000000   0.94846133047240
    -58.000000000000   0.94815117201601
    -57.000000000000   0.94784670060195
    -56.000000000000   0.94754789195035
    -55.000000000000   0.94725472266232
    -54.000000000000   0.94696717018401
    -53.000000000000   0.94668521277270
    -52.000000000000   0.94640882946487
    -51.000000000000   0.94613800004599
    -50.000000000000   0.94587270502201
    -49.000000000000   0.94561292559249
    -48.000000000000   0.94535864362511
    -47.000000000000   0.94510984163160
    -46.000000000000   0.94486650274496
    -45.000000000000   0.94462861069790
    -44.000000000000   0.94439614980243
    -43.000000000000   0.94416910493046
    -42.000000000000   0.94394746149552
    -41.000000000000   0.94373120543535
    -40.000000000000   0.94352032319540
    -39.000000000000   0.94331480171321
    -38.000000000000   0.94311462840360
    -37.000000000000   0.94291979114451
    -36.000000000000   0.94273027826376
    -35.000000000000   0.94254607852628
    -34.000000000000   0.94236718112209
    -33.000000000000   0.94219357565493
    -32.000000000000   0.94202525213139
    -31.000000000000   0.94186220095059
    -30.000000000000   0.94170441289450
    -29.000000000000   0.94155187911861
    -28.000000000000   0.94140459114319
    -27.000000000000   0.94126254084498
    -26.000000000000   0.94112572044925
    -25.000000000000   0.94099412252239
    -24.000000000000   0.94086773996483
    -23.000000000000   0.94074656600432
    -22.000000000000   0.94063059418967
    -21.000000000000   0.94051981838473
    -20.000000000000   0.94041423276282
    -19.000000000000   0.94031383180139
    -18.000000000000   0.94021861027706
    -17.000000000000   0.94012856326095
    -16.000000000000   0.94004368611430
    -15.000000000000   0.93996397448435
    -14.000000000000   0.93988942430057
    -13.000000000000   0.93982003177106
    -12.000000000000   0.93975579337929
    -11.000000000000   0.93969670588108
   -10.0000000000000   0.93964276630178
    -9.0000000000000   0.93959397193377
    -8.0000000000000   0.93955032033410
    -7.0000000000000   0.93951180932249
    -6.0000000000000   0.93947843697942
    -5.0000000000000   0.93945020164458
    -4.0000000000000   0.93942710191540
    -3.0000000000000   0.93940913664595
    -2.0000000000000   0.93939630494592
    -1.0000000000000   0.93938860617991
   0.   0.93938603996690
     1.0000000000000   0.93938860617991
     2.0000000000000   0.93939630494592
     3.0000000000000   0.93940913664595
     4.0000000000000   0.93942710191540
     5.0000000000000   0.93945020164458
     6.0000000000000   0.93947843697942
     7.0000000000000   0.93951180932249
     8.0000000000000   0.93955032033410
     9.0000000000000   0.93959397193377
    10.0000000000000   0.93964276630178
     11.000000000000   0.93969670588108
     12.000000000000   0.93975579337929
     13.000000000000   0.93982003177106
     14.000000000000   0.93988942430057
     15.000000000000   0.93996397448435
     16.000000000000   0.94004368611430
     17.000000000000   0.94012856326095
     18.000000000000   0.94021861027706
     19.000000000000   0.94031383180139
     20.000000000000   0.94041423276282
     21.000000000000   0.94051981838473
     22.000000000000   0.94063059418967
     23.000000000000   0.94074656600432
     24.000000000000   0.94086773996483
     25.000000000000   0.94099412252239
     26.000000000000   0.94112572044925
     27.000000000000   0.94126254084498
     28.000000000000   0.94140459114319
     29.000000000000   0.94155187911861
     30.000000000000   0.94170441289450
     31.000000000000   0.94186220095059
     32.000000000000   0.94202525213139
     33.000000000000   0.94219357565493
     34.000000000000   0.94236718112209
     35.000000000000   0.94254607852628
     36.000000000000   0.94273027826376
     37.000000000000   0.94291979114451
     38.000000000000   0.94311462840360
     39.000000000000   0.94331480171321
     40.000000000000   0.94352032319540
     41.000000000000   0.94373120543535
     42.000000000000   0.94394746149552
     43.000000000000   0.94416910493046
     44.000000000000   0.94439614980243
     45.000000000000   0.94462861069790
     46.000000000000   0.94486650274496
     47.000000000000   0.94510984163159
     48.000000000000   0.94535864362511
     49.000000000000   0.94561292559249
     50.000000000000   0.94587270502201
     51.000000000000   0.94613800004599
     52.000000000000   0.94640882946487
     53.000000000000   0.94668521277270
     54.000000000000   0.94696717018401
     55.000000000000   0.94725472266232
     56.000000000000   0.94754789195035
     57.000000000000   0.94784670060195
     58.000000000000   0.94815117201601
     59.000000000000   0.94846133047240
     60.000000000000   0.94877720117017
     61.000000000000   0.94909881026806
     62.000000000000   0.94942618492762
     63.000000000000   0.94975935335909
     64.000000000000   0.95009834487015
     65.000000000000   0.95044318991801
     66.000000000000   0.95079392016485
     67.000000000000   0.95115056853704
     68.000000000000   0.95151316928841
     69.000000000000   0.95188175806789
     70.000000000000   0.95225637199193
     71.000000000000   0.95263704972210
     72.000000000000   0.95302383154832
     73.000000000000   0.95341675947824
     74.000000000000   0.95381587733331
     75.000000000000   0.95422123085225
     76.000000000000   0.95463286780250
     77.000000000000   0.95505083810046
     78.000000000000   0.95547519394151
     79.000000000000   0.95590598994060
     80.000000000000   0.95634328328467
     81.000000000000   0.95678713389799
     82.000000000000   0.95723760462193
     83.000000000000   0.95769476141068
     84.000000000000   0.95815867354469
     85.000000000000   0.95862941386388
     86.000000000000   0.95910705902291
     87.000000000000   0.95959168977119
     88.000000000000   0.96008339126058
     89.000000000000   0.96058225338438
     90.000000000000   0.96108837115143
     91.000000000000   0.96160184510027
     92.000000000000   0.96212278175842
     93.000000000000   0.96265129415345
     94.000000000000   0.96318750238291
     95.000000000000   0.96373153425214
     96.000000000000   0.96428352599007
     97.000000000000   0.96484362305544
     98.000000000000   0.96541198104796
     99.000000000000   0.96598876674231
    100.000000000000   0.96657415926619
    101.000000000000   0.96716835144867
    102.000000000000   0.96777155137094
    103.000000000000   0.96838398415923
    104.000000000000   0.96900589406997
    105.000000000000   0.96963754693014
     106.00000000000   0.97027923301409
     107.00000000000   0.97093127046221
     108.00000000000   0.97159400938130
     109.00000000000   0.97226783681541
     110.00000000000   0.97295318284784
     111.00000000000   0.97365052820078
     112.00000000000   0.97436041385619
     113.00000000000   0.97508345344743
     114.00000000000   0.97582034947875
     115.00000000000   0.97657191480123
     116.00000000000   0.97733910111686
     117.00000000000   0.97812303635452
     118.00000000000   0.97892507207846
     119.00000000000   0.97974683985761
     120.00000000000   0.98059031069064
     121.00000000000   0.98145784314275
     122.00000000000   0.98235219353113
     123.00000000000   0.98327644678307
     124.00000000000   0.98423381379774
     125.00000000000   0.98522723779773
     126.00000000000   0.98625876777581
     127.00000000000   0.98732869973199
     128.00000000000   0.98843455705078
     129.00000000000   0.98957006895566
     130.00000000000   0.99072438522066
     131.00000000000   0.99188180153499
     132.00000000000   0.99302223119574
     133.00000000000   0.99412253219869
     134.00000000000   0.99515860308392
     135.00000000000   0.99610794768275
     136.00000000000   0.99695224805057
     137.00000000000   0.99767943795436
     138.00000000000   0.99828486261327
     139.00000000000   0.99877132084424
     140.00000000000   0.99914804772125
     141.00000000000   0.99942892684831
     142.00000000000   0.99963035442662
     143.00000000000   0.99976918500094
     144.00000000000   0.99986108853996
     145.00000000000   0.99991948938961
     146.00000000000   0.99995509690898
     147.00000000000   0.99997591909146
     148.00000000000   0.99998759321884
     149.00000000000   0.99999386670568
     150.00000000000   0.99999709720937
     151.00000000000   0.99999869093368
     152.00000000000   0.99999944403820
     153.00000000000   0.99999978485756
     154.00000000000   0.99999993254953
     155.00000000000   0.99999999382652
     156.00000000000    1.0000000181652
     157.00000000000    1.0000000274188
     158.00000000000    1.0000000307862
     159.00000000000    1.0000000319590
     160.00000000000    1.0000000323499
     161.00000000000    1.0000000324746
     162.00000000000    1.0000000325127
     163.00000000000    1.0000000325238
     164.00000000000    1.0000000325269
     165.00000000000    1.0000000325277
     166.00000000000    1.0000000325279
     167.00000000000    1.0000000325280
     168.00000000000    1.0000000325280
     169.00000000000    1.0000000325280
     170.00000000000    1.0000000325280
     171.00000000000    1.0000000325280
     172.00000000000    1.0000000325280
     173.00000000000    1.0000000325280
     174.00000000000    1.0000000325280
     175.00000000000    1.0000000325280
     176.00000000000    1.0000000325280
     177.00000000000    1.0000000325280
     178.00000000000    1.0000000325280
     179.00000000000    1.0000000325280
     180.00000000000    1.0000000325280
     181.00000000000    1.0000000325280
     182.00000000000    1.0000000325280
     183.00000000000    1.0000000325280
     184.00000000000    1.0000000325280
     185.00000000000    1.0000000325280
     186.00000000000    1.0000000325280
     187.00000000000    1.0000000325280
     188.00000000000    1.0000000325280
     189.00000000000    1.0000000325280
     190.00000000000    1.0000000325280
     191.00000000000    1.0000000325280
     192.00000000000    1.0000000325280
     193.00000000000    1.0000000325280
     194.00000000000    1.0000000325280
     195.00000000000    1.0000000325280
     196.00000000000    1.0000000325280
     197.00000000000    1.0000000325280
     198.00000000000    1.0000000325280
     199.00000000000    1.0000000325280
     200.00000000000    1.0000000325280
     201.00000000000    1.0000000325280
     202.00000000000    1.0000000325280
     203.00000000000    1.0000000325280
     204.00000000000    1.0000000325280
     205.00000000000    1.0000000325280
     206.00000000000    1.0000000325280
     207.00000000000    1.0000000325280
     208.00000000000    1.0000000325280
     209.00000000000    1.0000000325280
     210.00000000000    1.0000000325280
     211.00000000000    1.0000000325280
     212.00000000000    1.0000000325280
     213.00000000000    1.0000000325280
     214.00000000000    1.0000000325280
     215.00000000000    1.0000000325280
     216.00000000000    1.0000000325280
     217.00000000000    1.0000000325280
     218.00000000000    1.0000000325280
     219.00000000000    1.0000000325280
     220.00000000000    1.0000000325280
     221.00000000000    1.0000000325280
     222.00000000000    1.0000000325280
     223.00000000000    1.0000000325280
     224.00000000000    1.0000000325280
     225.00000000000    1.0000000325280
     226.00000000000    1.0000000325280
     227.00000000000    1.0000000325280
     228.00000000000    1.0000000325280
     229.00000000000    1.0000000325280
     230.00000000000    1.0000000325280
     231.00000000000    1.0000000325280
     232.00000000000    1.0000000325280
     233.00000000000    1.0000000325280
     234.00000000000    1.0000000325280
     235.00000000000    1.0000000325280
     236.00000000000    1.0000000325280
     237.00000000000    1.0000000325280
     238.00000000000    1.0000000325280
     239.00000000000    1.0000000325280
     240.00000000000    1.0000000325280
     241.00000000000    1.0000000325280
     242.00000000000    1.0000000325280
     243.00000000000    1.0000000325280
     244.00000000000    1.0000000325280
     245.00000000000    1.0000000325280
     246.00000000000    1.0000000325280
     247.00000000000    1.0000000325280
     248.00000000000    1.0000000325280
     249.00000000000    1.0000000325280
     250.00000000000    1.0000000325280
     251.00000000000    1.0000000325280
     252.00000000000    1.0000000325280
     253.00000000000    1.0000000325280
     254.00000000000    1.0000000325280
     255.00000000000    1.0000000325280
     256.00000000000    1.0000000325280
     257.00000000000    1.0000000325280
     258.00000000000    1.0000000325280
     259.00000000000    1.0000000325280
     260.00000000000    1.0000000325280
     261.00000000000    1.0000000325280
     262.00000000000    1.0000000325280
     263.00000000000    1.0000000325280
     264.00000000000    1.0000000325280
     265.00000000000    1.0000000325280
     266.00000000000    1.0000000325280
     267.00000000000    1.0000000325280
     268.00000000000    1.0000000325280
     269.00000000000    1.0000000325280
     270.00000000000    1.0000000325280
     271.00000000000    1.0000000325280
     272.00000000000    1.0000000325280
     273.00000000000    1.0000000325280
     274.00000000000    1.0000000325280
     275.00000000000    1.0000000325280
     276.00000000000    1.0000000325280
     277.00000000000    1.0000000325280
     278.00000000000    1.0000000325280
     279.00000000000    1.0000000325280
     280.00000000000    1.0000000325280
     281.00000000000    1.0000000325280
     282.00000000000    1.0000000325280
     283.00000000000    1.0000000325280
     284.00000000000    1.0000000325280
     285.00000000000    1.0000000325280
     286.00000000000    1.0000000325280
     287.00000000000    1.0000000325280
     288.00000000000    1.0000000325280
     289.00000000000    1.0000000325280
     290.00000000000    1.0000000325280
     291.00000000000    1.0000000325280
     292.00000000000    1.0000000325280
     293.00000000000    1.0000000325280
     294.00000000000    1.0000000325280
     295.00000000000    1.0000000325280
     296.00000000000    1.0000000325280
     297.00000000000    1.0000000325280
     298.00000000000    1.0000000325280
     299.00000000000    1.0000000325280
     300.00000000000    1.0000000325280
     301.00000000000    1.0000000325280
     302.00000000000    1.0000000325280
     303.00000000000    1.0000000325280
     304.00000000000    1.0000000325280
     305.00000000000    1.0000000325280
     306.00000000000    1.0000000325280
     307.00000000000    1.0000000325280
     308.00000000000    1.0000000325280
     309.00000000000    1.0000000325280
     310.00000000000    1.0000000325280
     311.00000000000    1.0000000325280
     312.00000000000    1.0000000325280
     313.00000000000    1.0000000325280
     314.00000000000    1.0000000325280
     315.00000000000    1.0000000325280
     316.00000000000    1.0000000325280
     317.00000000000    1.0000000325280
     318.00000000000    1.0000000325280
     319.00000000000    1.0000000325280
     320.00000000000    1.0000000325280
     321.00000000000    1.0000000325280
     322.00000000000    1.0000000325280
     323.00000000000    1.0000000325280
     324.00000000000    1.0000000325280
     325.00000000000    1.0000000325280
     326.00000000000    1.0000000325280
     327.00000000000    1.0000000325280
     328.00000000000    1.0000000325280
     329.00000000000    1.0000000325280
     330.00000000000    1.0000000325280
     331.00000000000    1.0000000325280
     332.00000000000    1.0000000325280
     333.00000000000    1.0000000325280
     334.00000000000    1.0000000325280
     335.00000000000    1.0000000325280
     336.00000000000    1.0000000325280
     337.00000000000    1.0000000325280
     338.00000000000    1.0000000325280
     339.00000000000    1.0000000325280
     340.00000000000    1.0000000325280
     341.00000000000    1.0000000325280
     342.00000000000    1.0000000325280
     343.00000000000    1.0000000325280
     344.00000000000    1.0000000325280
     345.00000000000    1.0000000325280
     346.00000000000    1.0000000325280
     347.00000000000    1.0000000325280
     348.00000000000    1.0000000325280
     349.00000000000    1.0000000325280
     350.00000000000    1.0000000325280
     351.00000000000    1.0000000325280
     352.00000000000    1.0000000325280
     353.00000000000    1.0000000325280
     354.00000000000    1.0000000325280
     355.00000000000    1.0000000325280
     356.00000000000    1.0000000325280
     357.00000000000    1.0000000325280
     358.00000000000    1.0000000325280
     359.00000000000    1.0000000325280
     360.00000000000    1.0000000325280
     361.00000000000    1.0000000325280
     362.00000000000    1.0000000325280
     363.00000000000    1.0000000325280
     364.00000000000    1.0000000325280
     365.00000000000    1.0000000325280
     366.00000000000    1.0000000325280
     367.00000000000    1.0000000325280
     368.00000000000    1.0000000325280
     369.00000000000    1.0000000325280
     370.00000000000    1.0000000325280
     371.00000000000    1.0000000325280
     372.00000000000    1.0000000325280
     373.00000000000    1.0000000325280
     374.00000000000    1.0000000325280
     375.00000000000    1.0000000325280
     376.00000000000    1.0000000325280
     377.00000000000    1.0000000325280
     378.00000000000    1.0000000325280
     379.00000000000    1.0000000325280
     380.00000000000    1.0000000325280
     381.00000000000    1.0000000325280
     382.00000000000    1.0000000325280
     383.00000000000    1.0000000325280
     384.00000000000    1.0000000325280
     385.00000000000    1.0000000325280
     386.00000000000    1.0000000325280
     387.00000000000    1.0000000325280
     388.00000000000    1.0000000325280
     389.00000000000    1.0000000325280
     390.00000000000    1.0000000325280
     391.00000000000    1.0000000325280
     392.00000000000    1.0000000325280
     393.00000000000    1.0000000325280
     394.00000000000    1.0000000325280
     395.00000000000    1.0000000325280
     396.00000000000    1.0000000325280
     397.00000000000    1.0000000325280
     398.00000000000    1.0000000325280
     399.00000000000    1.0000000325280
     400.00000000000    1.0000000325280
     401.00000000000    1.0000000325280
     402.00000000000    1.0000000325280
     403.00000000000    1.0000000325280
     404.00000000000    1.0000000325280
     405.00000000000    1.0000000325280
     406.00000000000    1.0000000325280
     407.00000000000    1.0000000325280
     408.00000000000    1.0000000325280
     409.00000000000    1.0000000325280
     410.00000000000    1.0000000325280
     411.00000000000    1.0000000325280
     412.00000000000    1.0000000325280
     413.00000000000    1.0000000325280
     414.00000000000    1.0000000325280
     415.00000000000    1.0000000325280
     416.00000000000    1.0000000325280
     417.00000000000    1.0000000325280
     418.00000000000    1.0000000325280
     419.00000000000    1.0000000325280
     420.00000000000    1.0000000325280
     421.00000000000    1.0000000325280
     422.00000000000    1.0000000325280
     423.00000000000    1.0000000325280
     424.00000000000    1.0000000325280
     425.00000000000    1.0000000325280
     426.00000000000    1.0000000325280
     427.00000000000    1.0000000325280
     428.00000000000    1.0000000325280
     429.00000000000    1.0000000325280
     430.00000000000    1.0000000325280
     431.00000000000    1.0000000325280
     432.00000000000    1.0000000325280
     433.00000000000    1.0000000325280
     434.00000000000    1.0000000325280
     435.00000000000    1.0000000325280
     436.00000000000    1.0000000325280
     437.00000000000    1.0000000325280
     438.00000000000    1.0000000325280
     439.00000000000    1.0000000325280
     440.00000000000    1.0000000325280
     441.00000000000    1.0000000325280
     442.00000000000    1.0000000325280
     443.00000000000    1.0000000325280
     444.00000000000    1.0000000325280
     445.00000000000    1.0000000325280
     446.00000000000    1.0000000325280
     447.00000000000    1.0000000325280
     448.00000000000    1.0000000325280
     449.00000000000    1.0000000325280
     450.00000000000    1.0000000325280
     451.00000000000    1.0000000325280
     452.00000000000    1.0000000325280
     453.00000000000    1.0000000325280
     454.00000000000    1.0000000325280
     455.00000000000    1.0000000325280
     456.00000000000    1.0000000325280
     457.00000000000    1.0000000325280
     458.00000000000    1.0000000325280
     459.00000000000    1.0000000325280
     460.00000000000    1.0000000325280
     461.00000000000    1.0000000325280
     462.00000000000    1.0000000325280
     463.00000000000    1.0000000325280
     464.00000000000    1.0000000325280
     465.00000000000    1.0000000325280
     466.00000000000    1.0000000325280
     467.00000000000    1.0000000325280
     468.00000000000    1.0000000325280
     469.00000000000    1.0000000325280
     470.00000000000    1.0000000325280
     471.00000000000    1.0000000325280
     472.00000000000    1.0000000325280
     473.00000000000    1.0000000325280
     474.00000000000    1.0000000325280
     475.00000000000    1.0000000325280
     476.00000000000    1.0000000325280
     477.00000000000    1.0000000325280
     478.00000000000    1.0000000325280
     479.00000000000    1.0000000325280
     480.00000000000    1.0000000325280
     481.00000000000    1.0000000325280
     482.00000000000    1.0000000325280
     483.00000000000    1.0000000325280
     484.00000000000    1.0000000325280
     485.00000000000    1.0000000325280
     486.00000000000    1.0000000325280
     487.00000000000    1.0000000325280
     488.00000000000    1.0000000325280
     489.00000000000    1.0000000325280
     490.00000000000    1.0000000325280
     491.00000000000    1.0000000325280
     492.00000000000    1.0000000325280
     493.00000000000    1.0000000325280
     494.00000000000    1.0000000325280
     495.00000000000    1.0000000325280
     496.00000000000    1.0000000325280
     497.00000000000    1.0000000325280
     498.00000000000    1.0000000325280
     499.00000000000    1.0000000325280
     500.00000000000    1.0000000325280
