    -500.00000000000    1.0000000325280
    -499.00000000000    1.0000000325280
    -498.00000000000    1.0000000325280
    -497.00000000000    1.0000000325280
    -496.00000000000    1.0000000325280
    -495.00000000000    1.0000000325280
    -494.00000000000    1.0000000325280
    -493.00000000000    1.0000000325280
    -492.00000000000    1.0000000325280
    -491.00000000000    1.0000000325280
    -490.00000000000    1.0000000325280
    -489.00000000000    1.0000000325280
    -488.00000000000    1.0000000325280
    -487.00000000000    1.0000000325280
    -486.00000000000    1.0000000325280
    -485.00000000000    1.0000000325280
    -484.00000000000    1.0000000325280
    -483.00000000000    1.0000000325280
    -482.00000000000    1.0000000325280
    -481.00000000000    1.0000000325280
    -480.00000000000    1.0000000325280
    -479.00000000000    1.0000000325280
    -478.00000000000    1.0000000325280
    -477.00000000000    1.0000000325280
    -476.00000000000    1.0000000325280
    -475.00000000000    1.0000000325280
    -474.00000000000    1.0000000325280
    -473.00000000000    1.0000000325280
    -472.00000000000    1.0000000325280
    -471.00000000000    1.0000000325280
    -470.00000000000    1.0000000325280
    -469.00000000000    1.0000000325280
    -468.00000000000    1.0000000325280
    -467.00000000000    1.0000000325280
    -466.00000000000    1.0000000325280
    -465.00000000000    1.0000000325280
    -464.00000000000    1.0000000325280
    -463.00000000000    1.0000000325280
    -462.00000000000    1.0000000325280
    -461.00000000000    1.0000000325280
    -460.00000000000    1.0000000325280
    -459.00000000000    1.0000000325280
    -458.00000000000    1.0000000325280
    -457.00000000000    1.0000000325280
    -456.00000000000    1.0000000325280
    -455.00000000000    1.0000000325280
    -454.00000000000    1.0000000325280
    -453.00000000000    1.0000000325280
    -452.00000000000    1.0000000325280
    -451.00000000000    1.0000000325280
    -450.00000000000    1.0000000325280
    -449.00000000000    1.0000000325280
    -448.00000000000    1.0000000325280
    -447.00000000000    1.0000000325280
    -446.00000000000    1.0000000325280
    -445.00000000000    1.0000000325280
    -444.00000000000    1.0000000325280
    -443.00000000000    1.0000000325280
    -442.00000000000    1.0000000325280
    -441.00000000000    1.0000000325280
    -440.00000000000    1.0000000325280
    -439.00000000000    1.0000000325280
    -438.00000000000    1.0000000325280
    -437.00000000000    1.0000000325280
    -436.00000000000    1.0000000325280
    -435.00000000000    1.0000000325280
    -434.00000000000    1.0000000325280
    -433.00000000000    1.0000000325280
    -432.00000000000    1.0000000325280
    -431.00000000000    1.0000000325280
    -430.00000000000    1.0000000325280
    -429.00000000000    1.0000000325280
    -428.00000000000    1.0000000325280
    -427.00000000000    1.0000000325280
    -426.00000000000    1.0000000325280
    -425.00000000000    1.0000000325280
    -424.00000000000    1.0000000325280
    -423.00000000000    1.0000000325280
    -422.00000000000    1.0000000325280
    -421.00000000000    1.0000000325280
    -420.00000000000    1.0000000325280
    -419.00000000000    1.0000000325280
    -418.00000000000    1.0000000325280
    -417.00000000000    1.0000000325280
    -416.00000000000    1.0000000325280
    -415.00000000000    1.0000000325280
    -414.00000000000    1.0000000325280
    -413.00000000000    1.0000000325280
    -412.00000000000    1.0000000325280
    -411.00000000000    1.0000000325280
    -410.00000000000    1.0000000325280
    -409.00000000000    1.0000000325280
    -408.00000000000    1.0000000325280
    -407.00000000000    1.0000000325280
    -406.00000000000    1.0000000325280
    -405.00000000000    1.0000000325280
    -404.00000000000    1.0000000325280
    -403.00000000000    1.0000000325280
    -402.00000000000    1.0000000325280
    -401.00000000000    1.0000000325280
    -400.00000000000    1.0000000325280
    -399.00000000000    1.0000000325280
    -398.00000000000    1.0000000325280
    -397.00000000000    1.0000000325280
    -396.00000000000    1.0000000325280
    -395.00000000000    1.0000000325280
    -394.00000000000    1.0000000325280
    -393.00000000000    1.0000000325280
    -392.00000000000    1.0000000325280
    -391.00000000000    1.0000000325280
    -390.00000000000    1.0000000325280
    -389.00000000000    1.0000000325280
    -388.00000000000    1.0000000325280
    -387.00000000000    1.0000000325280
    -386.00000000000    1.0000000325280
    -385.00000000000    1.0000000325280
    -384.00000000000    1.0000000325280
    -383.00000000000    1.0000000325280
    -382.00000000000    1.0000000325280
    -381.00000000000    1.0000000325280
    -380.00000000000    1.0000000325280
    -379.00000000000    1.0000000325280
    -378.00000000000    1.0000000325280
    -377.00000000000    1.0000000325280
    -376.00000000000    1.0000000325280
    -375.00000000000    1.0000000325280
    -374.00000000000    1.0000000325280
    -373.00000000000    1.0000000325280
    -372.00000000000    1.0000000325280
    -371.00000000000    1.0000000325280
    -370.00000000000    1.0000000325280
    -369.00000000000    1.0000000325280
    -368.00000000000    1.0000000325280
    -367.00000000000    1.0000000325280
    -366.00000000000    1.0000000325280
    -365.00000000000    1.0000000325280
    -364.00000000000    1.0000000325280
    -363.00000000000    1.0000000325280
    -362.00000000000    1.0000000325280
    -361.00000000000    1.0000000325280
    -360.00000000000    1.0000000325280
    -359.00000000000    1.0000000325280
    -358.00000000000    1.0000000325280
    -357.00000000000    1.0000000325280
    -356.00000000000    1.0000000325280
    -355.00000000000    1.0000000325280
    -354.00000000000    1.0000000325280
    -353.00000000000    1.0000000325280
    -352.00000000000    1.0000000325280
    -351.00000000000    1.0000000325280
    -350.00000000000    1.0000000325280
    -349.00000000000    1.0000000325280
    -348.00000000000    1.0000000325280
    -347.00000000000    1.0000000325280
    -346.00000000000    1.0000000325280
    -345.00000000000    1.0000000325280
    -344.00000000000    1.0000000325280
    -343.00000000000    1.0000000325280
    -342.00000000000    1.0000000325280
    -341.00000000000    1.0000000325280
    -340.00000000000    1.0000000325280
    -339.00000000000    1.0000000325280
    -338.00000000000    1.0000000325280
    -337.00000000000    1.0000000325280
    -336.00000000000    1.0000000325280
    -335.00000000000    1.0000000325280
    -334.00000000000    1.0000000325280
    -333.00000000000    1.0000000325280
    -332.00000000000    1.0000000325280
    -331.00000000000    1.0000000325280
    -330.00000000000    1.0000000325280
    -329.00000000000    1.0000000325280
    -328.00000000000    1.0000000325280
    -327.00000000000    1.0000000325280
    -326.00000000000    1.0000000325280
    -325.00000000000    1.0000000325280
    -324.00000000000    1.0000000325280
    -323.00000000000    1.0000000325280
    -322.00000000000    1.0000000325280
    -321.00000000000    1.0000000325280
    -320.00000000000    1.0000000325280
    -319.00000000000    1.0000000325280
    -318.00000000000    1.0000000325280
    -317.00000000000    1.0000000325280
    -316.00000000000    1.0000000325280
    -315.00000000000    1.0000000325280
    -314.00000000000    1.0000000325280
    -313.00000000000    1.0000000325280
    -312.00000000000    1.0000000325280
    -311.00000000000    1.0000000325280
    -310.00000000000    1.0000000325280
    -309.00000000000    1.0000000325280
    -308.00000000000    1.0000000325280
    -307.00000000000    1.0000000325280
    -306.00000000000    1.0000000325280
    -305.00000000000    1.0000000325280
    -304.00000000000    1.0000000325280
    -303.00000000000    1.0000000325280
    -302.00000000000    1.0000000325280
    -301.00000000000    1.0000000325280
    -300.00000000000    1.0000000325280
    -299.00000000000    1.0000000325280
    -298.00000000000    1.0000000325280
    -297.00000000000    1.0000000325280
    -296.00000000000    1.0000000325280
    -295.00000000000    1.0000000325280
    -294.00000000000    1.0000000325280
    -293.00000000000    1.0000000325280
    -292.00000000000    1.0000000325280
    -291.00000000000    1.0000000325280
    -290.00000000000    1.0000000325280
    -289.00000000000    1.0000000325280
    -288.00000000000    1.0000000325280
    -287.00000000000    1.0000000325280
    -286.00000000000    1.0000000325280
    -285.00000000000    1.0000000325280
    -284.00000000000    1.0000000325280
    -283.00000000000    1.0000000325280
    -282.00000000000    1.0000000325280
    -281.00000000000    1.0000000325280
    -280.00000000000    1.0000000325280
    -279.00000000000    1.0000000325280
    -278.00000000000    1.0000000325280
    -277.00000000000    1.0000000325280
    -276.00000000000    1.0000000325280
    -275.00000000000    1.0000000325280
    -274.00000000000    1.0000000325280
    -273.00000000000    1.0000000325280
    -272.00000000000    1.0000000325280
    -271.00000000000    1.0000000325280
    -270.00000000000    1.0000000325280
    -269.00000000000    1.0000000325280
    -268.00000000000    1.0000000325280
    -267.00000000000    1.0000000325280
    -266.00000000000    1.0000000325280
    -265.00000000000    1.0000000325280
    -264.00000000000    1.0000000325280
    -263.00000000000    1.0000000325280
    -262.00000000000    1.0000000325280
    -261.00000000000    1.0000000325280
    -260.00000000000    1.0000000325280
    -259.00000000000    1.0000000325280
    -258.00000000000    1.0000000325280
    -257.00000000000    1.0000000325280
    -256.00000000000    1.0000000325280
    -255.00000000000    1.0000000325280
    -254.00000000000    1.0000000325280
    -253.00000000000    1.0000000325280
    -252.00000000000    1.0000000325280
    -251.00000000000    1.0000000325280
    -250.00000000000    1.0000000325280
    -249.00000000000    1.0000000325280
    -248.00000000000    1.0000000325280
    -247.00000000000    1.0000000325280
    -246.00000000000    1.0000000325280
    -245.00000000000    1.0000000325280
    -244.00000000000    1.0000000325280
    -243.00000000000    1.0000000325280
    -242.00000000000    1.0000000325280
    -241.00000000000    1.0000000325280
    -240.00000000000    1.0000000325280
    -239.00000000000    1.0000000325280
    -238.00000000000    1.0000000325280
    -237.00000000000    1.0000000325280
    -236.00000000000    1.0000000325280
    -235.00000000000    1.0000000325280
    -234.00000000000    1.0000000325280
    -233.00000000000    1.0000000325280
    -232.00000000000    1.0000000325280
    -231.00000000000    1.0000000325280
    -230.00000000000    1.0000000325280
    -229.00000000000    1.0000000325280
    -228.00000000000    1.0000000325280
    -227.00000000000    1.0000000325280
    -226.00000000000    1.0000000325280
    -225.00000000000    1.0000000325280
    -224.00000000000    1.0000000325280
    -223.00000000000    1.0000000325280
    -222.00000000000    1.0000000325280
    -221.00000000000    1.0000000325280
    -220.00000000000    1.0000000325280
    -219.00000000000    1.0000000325280
    -218.00000000000    1.0000000325280
    -217.00000000000    1.0000000325280
    -216.00000000000    1.0000000325280
    -215.00000000000    1.0000000325280
    -214.00000000000    1.0000000325280
    -213.00000000000    1.0000000325280
    -212.00000000000    1.0000000325280
    -211.00000000000    1.0000000325280
    -210.00000000000    1.0000000325280
    -209.00000000000    1.0000000325280
    -208.00000000000    1.0000000325280
    -207.00000000000    1.0000000325280
    -206.00000000000    1.0000000325280
    -205.00000000000    1.0000000325280
    -204.00000000000    1.0000000325280
    -203.00000000000    1.0000000325280
    -202.00000000000    1.0000000325280
    -201.00000000000    1.0000000325280
    -200.00000000000    1.0000000325280
    -199.00000000000    1.0000000325280
    -198.00000000000    1.0000000325280
    -197.00000000000    1.0000000325280
    -196.00000000000    1.0000000325280
    -195.00000000000    1.0000000325280
    -194.00000000000    1.0000000325280
    -193.00000000000    1.0000000325280
    -192.00000000000    1.0000000325279
    -191.00000000000    1.0000000325278
    -190.00000000000    1.0000000325271
    -189.00000000000    1.0000000325248
    -188.00000000000    1.0000000325163
    -187.00000000000    1.0000000324874
    -186.00000000000    1.0000000323927
    -185.00000000000    1.0000000320957
    -184.00000000000    1.0000000312048
    -183.00000000000    1.0000000286474
    -182.00000000000    1.0000000216209
    -181.00000000000    1.0000000031435
    -180.00000000000   0.99999995663272
    -179.00000000000   0.99999984455492
    -178.00000000000   0.99999958597873
    -177.00000000000   0.99999901474288
    -176.00000000000   0.99999780619701
    -175.00000000000   0.99999535711590
    -174.00000000000   0.99999060247746
    -173.00000000000   0.99998175742565
    -172.00000000000   0.99996598637198
    -171.00000000000   0.99993902606410
    -170.00000000000   0.99989482424724
    -169.00000000000   0.99982529315118
    -168.00000000000   0.99972030393422
    -167.00000000000   0.99956804710059
    -166.00000000000   0.99935584006150
    -165.00000000000   0.99907137290453
    -164.00000000000   0.99870426169213
    -163.00000000000   0.99824765858754
    -162.00000000000   0.99769959319292
    -161.00000000000   0.99706372663424
    -160.00000000000   0.99634930196973
    -159.00000000000   0.99557025019150
    -158.00000000000   0.99474360940131
    -157.00000000000   0.99388757315196
    -156.00000000000   0.99301955301439
    -155.00000000000   0.99215460313477
    -154.00000000000   0.99130443133766
    -153.00000000000   0.99047705923506
    -152.00000000000   0.98967704580464
    -151.00000000000   0.98890609389738
    -150.00000000000   0.98816383098331
    -149.00000000000   0.98744858396165
    -148.00000000000   0.98675802862286
    -147.00000000000   0.98608966099935
    -146.00000000000   0.98544109129670
    -145.00000000000   0.98481019306952
    -144.00000000000   0.98419515177709
    -143.00000000000   0.98359445399915
    -142.00000000000   0.98300684867544
    -141.00000000000   0.98243130046177
    -140.00000000000   0.98186694591833
    -139.00000000000   0.98131305685684
    -138.00000000000   0.98076901153885
    -137.00000000000   0.98023427275843
    -136.00000000000   0.97970837135324
    -135.00000000000   0.97919089376390
    -134.00000000000   0.97868147253564
    -133.00000000000   0.97817977894710
    -132.00000000000   0.97768551718943
    -131.00000000000   0.97719841969363
    -130.00000000000   0.97671824332469
    -129.00000000000   0.97624476624267
    -128.00000000000   0.97577778528602
    -127.00000000000   0.97531711376995
    -126.00000000000   0.97486257961895
    -125.00000000000   0.97441402377147
    -124.00000000000   0.97397129880816
    -123.00000000000   0.97353426776569
    -122.00000000000   0.97310280310540
    -121.00000000000   0.97267678581230
    -120.00000000000   0.97225610460439
    -119.00000000000   0.97184065523590
    -118.00000000000   0.97143033988090
    -117.00000000000   0.97102506658600
    -116.00000000000   0.97062474878283
    -115.00000000000   0.97022930485233
    -114.00000000000   0.96983865773416
    -113.00000000000   0.96945273457558
    -112.00000000000   0.96907146641503
    -111.00000000000   0.96869478789614
    -110.00000000000   0.96832263700873
    -109.00000000000   0.96795495485363
    -108.00000000000   0.96759168542872
    -107.00000000000   0.96723277543387
    -106.00000000000   0.96687817409272
   -105.000000000000   0.96652783298957
   -104.000000000000   0.96618170591982
   -103.000000000000   0.96583974875260
   -102.000000000000   0.96550191930438
   -101.000000000000   0.96516817722247
   -100.000000000000   0.96483848387759
    -99.000000000000   0.96451280226446
    -98.000000000000   0.96419109690985
    -97.000000000000   0.96387333378736
    -96.000000000000   0.96355948023832
    -95.000000000000   0.96324950489827
    -94.000000000000   0.96294337762859
    -93.000000000000   0.96264106945279
    -92.000000000000   0.96234255249709
    -91.000000000000   0.96204779993503
    -90.000000000000   0.96175678593557
    -89.000000000000   0.96146948561465
    -88.000000000000   0.96118587498979
    -87.000000000000   0.96090593093755
    -86.000000000000   0.96062963115356
    -85.000000000000   0.96035695411509
    -84.000000000000   0.96008787904577
    -83.000000000000   0.95982238588249
    -82.000000000000   0.95956045524416
    -81.000000000000   0.95930206840235
    -80.000000000000   0.95904720725354
    -79.000000000000   0.95879585429300
    -78.000000000000   0.95854799259006
    -77.000000000000   0.95830360576482
    -76.000000000000   0.95806267796604
    -75.000000000000   0.95782519385028
    -74.000000000000   0.95759113856215
    -73.000000000000   0.95736049771557
    -72.000000000000   0.95713325737601
    -71.000000000000   0.95690940404367
    -70.000000000000   0.95668892463750
    -69.000000000000   0.95647180647999
    -68.000000000000   0.95625803728284
    -67.000000000000   0.95604760513316
    -66.000000000000   0.95584049848052
    -65.000000000000   0.95563670612450
    -64.000000000000   0.95543621720293
    -63.000000000000   0.95523902118062
    -62.000000000000   0.95504510783869
    -61.000000000000   0.95485446726433
    -60.000000000000   0.95466708984110
    -59.000000000000   0.95448296623963
    -58.000000000000   0.95430208740878
    -57.000000000000   0.95412444456721
    -56.000000000000   0.95395002919525
    -55.000000000000   0.95377883302728
    -54.000000000000   0.95361084804428
    -53.000000000000   0.95344606646685
    -52.000000000000   0.95328448074850
    -51.000000000000   0.95312608356917
    -50.000000000000   0.95297086782910
    -49.000000000000   0.95281882664296
    -48.000000000000   0.95266995333423
    -47.000000000000   0.95252424142981
    -46.000000000000   0.95238168465485
    -45.000000000000   0.95224227692784
    -44.000000000000   0.95210601235589
    -43.000000000000   0.95197288523021
    -42.000000000000   0.95184289002180
    -41.000000000000   0.95171602137728
    -40.000000000000   0.95159227411496
    -39.000000000000   0.95147164322102
    -38.000000000000   0.95135412384591
    -37.000000000000   0.95123971130084
    -36.000000000000   0.95112840105450
    -35.000000000000   0.95102018872983
    -34.000000000000   0.95091507010102
    -33.000000000000   0.95081304109057
    -32.000000000000   0.95071409776652
    -31.000000000000   0.95061823633979
    -30.000000000000   0.95052545316164
    -29.000000000000   0.95043574472125
    -28.000000000000   0.95034910764340
    -27.000000000000   0.95026553868623
    -26.000000000000   0.95018503473921
    -25.000000000000   0.95010759282107
    -24.000000000000   0.95003321007791
    -23.000000000000   0.94996188378140
    -22.000000000000   0.94989361132703
    -21.000000000000   0.94982839023251
    -20.000000000000   0.94976621813619
    -19.000000000000   0.94970709279562
    -18.000000000000   0.94965101208614
    -17.000000000000   0.94959797399961
    -16.000000000000   0.94954797664315
    -15.000000000000   0.94950101823803
    -14.000000000000   0.94945709711854
    -13.000000000000   0.94941621173104
    -12.000000000000   0.94937836063298
    -11.000000000000   0.94934354249208
   -10.0000000000000   0.94931175608553
    -9.0000000000000   0.94928300029922
    -8.0000000000000   0.94925727412712
    -7.0000000000000   0.94923457667070
    -6.0000000000000   0.94921490713836
    -5.0000000000000   0.94919826484497
    -4.0000000000000   0.94918464921150
    -3.0000000000000   0.94917405976466
    -2.0000000000000   0.94916649613662
    -1.0000000000000   0.94916195806478
   0.   0.94916044539166
     1.0000000000000   0.94916195806478
     2.0000000000000   0.94916649613662
     3.0000000000000   0.94917405976466
     4.0000000000000   0.94918464921150
     5.0000000000000   0.94919826484497
     6.0000000000000   0.94921490713836
     7.0000000000000   0.94923457667070
     8.0000000000000   0.94925727412712
     9.0000000000000   0.94928300029922
    10.0000000000000   0.94931175608553
     11.000000000000   0.94934354249208
     12.000000000000   0.94937836063298
     13.000000000000   0.94941621173104
     14.000000000000   0.94945709711854
     15.000000000000   0.94950101823803
     16.000000000000   0.94954797664315
     17.000000000000   0.94959797399961
     18.000000000000   0.94965101208614
     19.000000000000   0.94970709279562
     20.000000000000   0.94976621813619
     21.000000000000   0.94982839023251
     22.000000000000   0.94989361132703
     23.000000000000   0.94996188378140
     24.000000000000   0.95003321007791
     25.000000000000   0.95010759282107
     26.000000000000   0.95018503473921
     27.000000000000   0.95026553868623
     28.000000000000   0.95034910764340
     29.000000000000   0.95043574472125
     30.000000000000   0.95052545316164
     31.000000000000   0.95061823633979
     32.000000000000   0.95071409776652
     33.000000000000   0.95081304109057
     34.000000000000   0.95091507010102
     35.000000000000   0.95102018872983
     36.000000000000   0.95112840105450
     37.000000000000   0.95123971130084
     38.000000000000   0.95135412384591
     39.000000000000   0.95147164322102
     40.000000000000   0.95159227411496
     41.000000000000   0.95171602137728
     42.000000000000   0.95184289002180
     43.000000000000   0.95197288523021
     44.000000000000   0.95210601235589
     45.000000000000   0.95224227692783
     46.000000000000   0.95238168465485
     47.000000000000   0.95252424142981
     48.000000000000   0.95266995333423
     49.000000000000   0.95281882664296
     50.000000000000   0.95297086782909
     51.000000000000   0.95312608356917
     52.000000000000   0.95328448074850
     53.000000000000   0.95344606646685
     54.000000000000   0.95361084804427
     55.000000000000   0.95377883302728
     56.000000000000   0.95395002919525
     57.000000000000   0.95412444456721
     58.000000000000   0.95430208740878
     59.000000000000   0.95448296623963
     60.000000000000   0.95466708984110
     61.000000000000   0.95485446726433
     62.000000000000   0.95504510783869
     63.000000000000   0.95523902118062
     64.000000000000   0.95543621720293
     65.000000000000   0.95563670612450
     66.000000000000   0.95584049848052
     67.000000000000   0.95604760513316
     68.000000000000   0.95625803728284
     69.000000000000   0.95647180647999
     70.000000000000   0.95668892463750
     71.000000000000   0.95690940404367
     72.000000000000   0.95713325737601
     73.000000000000   0.95736049771557
     74.000000000000   0.95759113856215
     75.000000000000   0.95782519385028
     76.000000000000   0.95806267796604
     77.000000000000   0.95830360576482
     78.000000000000   0.95854799259006
     79.000000000000   0.95879585429300
     80.000000000000   0.95904720725354
     81.000000000000   0.95930206840235
     82.000000000000   0.95956045524416
     83.000000000000   0.95982238588249
     84.000000000000   0.96008787904577
     85.000000000000   0.96035695411509
     86.000000000000   0.96062963115356
     87.000000000000   0.96090593093755
     88.000000000000   0.96118587498979
     89.000000000000   0.96146948561465
     90.000000000000   0.96175678593557
     91.000000000000   0.96204779993503
     92.000000000000   0.96234255249710
     93.000000000000   0.96264106945279
     94.000000000000   0.96294337762859
     95.000000000000   0.96324950489827
     96.000000000000   0.96355948023832
     97.000000000000   0.96387333378736
     98.000000000000   0.96419109690985
     99.000000000000   0.96451280226446
    100.000000000000   0.96483848387759
    101.000000000000   0.96516817722247
    102.000000000000   0.96550191930438
    103.000000000000   0.96583974875260
    104.000000000000   0.96618170591982
    105.000000000000   0.96652783298957
     106.00000000000   0.96687817409272
     107.00000000000   0.96723277543387
     108.00000000000   0.96759168542872
     109.00000000000   0.96795495485363
     110.00000000000   0.96832263700873
     111.00000000000   0.96869478789614
     112.00000000000   0.96907146641503
     113.00000000000   0.96945273457558
     114.00000000000   0.96983865773416
     115.00000000000   0.97022930485233
     116.00000000000   0.97062474878283
     117.00000000000   0.97102506658600
     118.00000000000   0.97143033988090
     119.00000000000   0.97184065523591
     120.00000000000   0.97225610460439
     121.00000000000   0.97267678581230
     122.00000000000   0.97310280310540
     123.00000000000   0.97353426776569
     124.00000000000   0.97397129880816
     125.00000000000   0.97441402377147
     126.00000000000   0.97486257961895
     127.00000000000   0.97531711376995
     128.00000000000   0.97577778528602
     129.00000000000   0.97624476624267
     130.00000000000   0.97671824332469
     131.00000000000   0.97719841969363
     132.00000000000   0.97768551718943
     133.00000000000   0.97817977894710
     134.00000000000   0.97868147253564
     135.00000000000   0.97919089376390
     136.00000000000   0.97970837135324
     137.00000000000   0.98023427275843
     138.00000000000   0.98076901153885
     139.00000000000   0.98131305685684
     140.00000000000   0.98186694591833
     141.00000000000   0.98243130046177
     142.00000000000   0.98300684867544
     143.00000000000   0.98359445399915
     144.00000000000   0.98419515177709
     145.00000000000   0.98481019306952
     146.00000000000   0.98544109129670
     147.00000000000   0.98608966099935
     148.00000000000   0.98675802862286
     149.00000000000   0.98744858396165
     150.00000000000   0.98816383098331
     151.00000000000   0.98890609389738
     152.00000000000   0.98967704580464
     153.00000000000   0.99047705923506
     154.00000000000   0.99130443133766
     155.00000000000   0.99215460313477
     156.00000000000   0.99301955301439
     157.00000000000   0.99388757315196
     158.00000000000   0.99474360940131
     159.00000000000   0.99557025019150
     160.00000000000   0.99634930196973
     161.00000000000   0.99706372663424
     162.00000000000   0.99769959319292
     163.00000000000   0.99824765858754
     164.00000000000   0.99870426169213
     165.00000000000   0.99907137290453
     166.00000000000   0.99935584006150
     167.00000000000   0.99956804710059
     168.00000000000   0.99972030393422
     169.00000000000   0.99982529315118
     170.00000000000   0.99989482424724
     171.00000000000   0.99993902606410
     172.00000000000   0.99996598637198
     173.00000000000   0.99998175742565
     174.00000000000   0.99999060247746
     175.00000000000   0.99999535711590
     176.00000000000   0.99999780619701
     177.00000000000   0.99999901474288
     178.00000000000   0.99999958597873
     179.00000000000   0.99999984455492
     180.00000000000   0.99999995663272
     181.00000000000    1.0000000031435
     182.00000000000    1.0000000216209
     183.00000000000    1.0000000286474
     184.00000000000    1.0000000312048
     185.00000000000    1.0000000320957
     186.00000000000    1.0000000323927
     187.00000000000    1.0000000324874
     188.00000000000    1.0000000325163
     189.00000000000    1.0000000325248
     190.00000000000    1.0000000325271
     191.00000000000    1.0000000325278
     192.00000000000    1.0000000325279
     193.00000000000    1.0000000325280
     194.00000000000    1.0000000325280
     195.00000000000    1.0000000325280
     196.00000000000    1.0000000325280
     197.00000000000    1.0000000325280
     198.00000000000    1.0000000325280
     199.00000000000    1.0000000325280
     200.00000000000    1.0000000325280
     201.00000000000    1.0000000325280
     202.00000000000    1.0000000325280
     203.00000000000    1.0000000325280
     204.00000000000    1.0000000325280
     205.00000000000    1.0000000325280
     206.00000000000    1.0000000325280
     207.00000000000    1.0000000325280
     208.00000000000    1.0000000325280
     209.00000000000    1.0000000325280
     210.00000000000    1.0000000325280
     211.00000000000    1.0000000325280
     212.00000000000    1.0000000325280
     213.00000000000    1.0000000325280
     214.00000000000    1.0000000325280
     215.00000000000    1.0000000325280
     216.00000000000    1.0000000325280
     217.00000000000    1.0000000325280
     218.00000000000    1.0000000325280
     219.00000000000    1.0000000325280
     220.00000000000    1.0000000325280
     221.00000000000    1.0000000325280
     222.00000000000    1.0000000325280
     223.00000000000    1.0000000325280
     224.00000000000    1.0000000325280
     225.00000000000    1.0000000325280
     226.00000000000    1.0000000325280
     227.00000000000    1.0000000325280
     228.00000000000    1.0000000325280
     229.00000000000    1.0000000325280
     230.00000000000    1.0000000325280
     231.00000000000    1.0000000325280
     232.00000000000    1.0000000325280
     233.00000000000    1.0000000325280
     234.00000000000    1.0000000325280
     235.00000000000    1.0000000325280
     236.00000000000    1.0000000325280
     237.00000000000    1.0000000325280
     238.00000000000    1.0000000325280
     239.00000000000    1.0000000325280
     240.00000000000    1.0000000325280
     241.00000000000    1.0000000325280
     242.00000000000    1.0000000325280
     243.00000000000    1.0000000325280
     244.00000000000    1.0000000325280
     245.00000000000    1.0000000325280
     246.00000000000    1.0000000325280
     247.00000000000    1.0000000325280
     248.00000000000    1.0000000325280
     249.00000000000    1.0000000325280
     250.00000000000    1.0000000325280
     251.00000000000    1.0000000325280
     252.00000000000    1.0000000325280
     253.00000000000    1.0000000325280
     254.00000000000    1.0000000325280
     255.00000000000    1.0000000325280
     256.00000000000    1.0000000325280
     257.00000000000    1.0000000325280
     258.00000000000    1.0000000325280
     259.00000000000    1.0000000325280
     260.00000000000    1.0000000325280
     261.00000000000    1.0000000325280
     262.00000000000    1.0000000325280
     263.00000000000    1.0000000325280
     264.00000000000    1.0000000325280
     265.00000000000    1.0000000325280
     266.00000000000    1.0000000325280
     267.00000000000    1.0000000325280
     268.00000000000    1.0000000325280
     269.00000000000    1.0000000325280
     270.00000000000    1.0000000325280
     271.00000000000    1.0000000325280
     272.00000000000    1.0000000325280
     273.00000000000    1.0000000325280
     274.00000000000    1.0000000325280
     275.00000000000    1.0000000325280
     276.00000000000    1.0000000325280
     277.00000000000    1.0000000325280
     278.00000000000    1.0000000325280
     279.00000000000    1.0000000325280
     280.00000000000    1.0000000325280
     281.00000000000    1.0000000325280
     282.00000000000    1.0000000325280
     283.00000000000    1.0000000325280
     284.00000000000    1.0000000325280
     285.00000000000    1.0000000325280
     286.00000000000    1.0000000325280
     287.00000000000    1.0000000325280
     288.00000000000    1.0000000325280
     289.00000000000    1.0000000325280
     290.00000000000    1.0000000325280
     291.00000000000    1.0000000325280
     292.00000000000    1.0000000325280
     293.00000000000    1.0000000325280
     294.00000000000    1.0000000325280
     295.00000000000    1.0000000325280
     296.00000000000    1.0000000325280
     297.00000000000    1.0000000325280
     298.00000000000    1.0000000325280
     299.00000000000    1.0000000325280
     300.00000000000    1.0000000325280
     301.00000000000    1.0000000325280
     302.00000000000    1.0000000325280
     303.00000000000    1.0000000325280
     304.00000000000    1.0000000325280
     305.00000000000    1.0000000325280
     306.00000000000    1.0000000325280
     307.00000000000    1.0000000325280
     308.00000000000    1.0000000325280
     309.00000000000    1.0000000325280
     310.00000000000    1.0000000325280
     311.00000000000    1.0000000325280
     312.00000000000    1.0000000325280
     313.00000000000    1.0000000325280
     314.00000000000    1.0000000325280
     315.00000000000    1.0000000325280
     316.00000000000    1.0000000325280
     317.00000000000    1.0000000325280
     318.00000000000    1.0000000325280
     319.00000000000    1.0000000325280
     320.00000000000    1.0000000325280
     321.00000000000    1.0000000325280
     322.00000000000    1.0000000325280
     323.00000000000    1.0000000325280
     324.00000000000    1.0000000325280
     325.00000000000    1.0000000325280
     326.00000000000    1.0000000325280
     327.00000000000    1.0000000325280
     328.00000000000    1.0000000325280
     329.00000000000    1.0000000325280
     330.00000000000    1.0000000325280
     331.00000000000    1.0000000325280
     332.00000000000    1.0000000325280
     333.00000000000    1.0000000325280
     334.00000000000    1.0000000325280
     335.00000000000    1.0000000325280
     336.00000000000    1.0000000325280
     337.00000000000    1.0000000325280
     338.00000000000    1.0000000325280
     339.00000000000    1.0000000325280
     340.00000000000    1.0000000325280
     341.00000000000    1.0000000325280
     342.00000000000    1.0000000325280
     343.00000000000    1.0000000325280
     344.00000000000    1.0000000325280
     345.00000000000    1.0000000325280
     346.00000000000    1.0000000325280
     347.00000000000    1.0000000325280
     348.00000000000    1.0000000325280
     349.00000000000    1.0000000325280
     350.00000000000    1.0000000325280
     351.00000000000    1.0000000325280
     352.00000000000    1.0000000325280
     353.00000000000    1.0000000325280
     354.00000000000    1.0000000325280
     355.00000000000    1.0000000325280
     356.00000000000    1.0000000325280
     357.00000000000    1.0000000325280
     358.00000000000    1.0000000325280
     359.00000000000    1.0000000325280
     360.00000000000    1.0000000325280
     361.00000000000    1.0000000325280
     362.00000000000    1.0000000325280
     363.00000000000    1.0000000325280
     364.00000000000    1.0000000325280
     365.00000000000    1.0000000325280
     366.00000000000    1.0000000325280
     367.00000000000    1.0000000325280
     368.00000000000    1.0000000325280
     369.00000000000    1.0000000325280
     370.00000000000    1.0000000325280
     371.00000000000    1.0000000325280
     372.00000000000    1.0000000325280
     373.00000000000    1.0000000325280
     374.00000000000    1.0000000325280
     375.00000000000    1.0000000325280
     376.00000000000    1.0000000325280
     377.00000000000    1.0000000325280
     378.00000000000    1.0000000325280
     379.00000000000    1.0000000325280
     380.00000000000    1.0000000325280
     381.00000000000    1.0000000325280
     382.00000000000    1.0000000325280
     383.00000000000    1.0000000325280
     384.00000000000    1.0000000325280
     385.00000000000    1.0000000325280
     386.00000000000    1.0000000325280
     387.00000000000    1.0000000325280
     388.00000000000    1.0000000325280
     389.00000000000    1.0000000325280
     390.00000000000    1.0000000325280
     391.00000000000    1.0000000325280
     392.00000000000    1.0000000325280
     393.00000000000    1.0000000325280
     394.00000000000    1.0000000325280
     395.00000000000    1.0000000325280
     396.00000000000    1.0000000325280
     397.00000000000    1.0000000325280
     398.00000000000    1.0000000325280
     399.00000000000    1.0000000325280
     400.00000000000    1.0000000325280
     401.00000000000    1.0000000325280
     402.00000000000    1.0000000325280
     403.00000000000    1.0000000325280
     404.00000000000    1.0000000325280
     405.00000000000    1.0000000325280
     406.00000000000    1.0000000325280
     407.00000000000    1.0000000325280
     408.00000000000    1.0000000325280
     409.00000000000    1.0000000325280
     410.00000000000    1.0000000325280
     411.00000000000    1.0000000325280
     412.00000000000    1.0000000325280
     413.00000000000    1.0000000325280
     414.00000000000    1.0000000325280
     415.00000000000    1.0000000325280
     416.00000000000    1.0000000325280
     417.00000000000    1.0000000325280
     418.00000000000    1.0000000325280
     419.00000000000    1.0000000325280
     420.00000000000    1.0000000325280
     421.00000000000    1.0000000325280
     422.00000000000    1.0000000325280
     423.00000000000    1.0000000325280
     424.00000000000    1.0000000325280
     425.00000000000    1.0000000325280
     426.00000000000    1.0000000325280
     427.00000000000    1.0000000325280
     428.00000000000    1.0000000325280
     429.00000000000    1.0000000325280
     430.00000000000    1.0000000325280
     431.00000000000    1.0000000325280
     432.00000000000    1.0000000325280
     433.00000000000    1.0000000325280
     434.00000000000    1.0000000325280
     435.00000000000    1.0000000325280
     436.00000000000    1.0000000325280
     437.00000000000    1.0000000325280
     438.00000000000    1.0000000325280
     439.00000000000    1.0000000325280
     440.00000000000    1.0000000325280
     441.00000000000    1.0000000325280
     442.00000000000    1.0000000325280
     443.00000000000    1.0000000325280
     444.00000000000    1.0000000325280
     445.00000000000    1.0000000325280
     446.00000000000    1.0000000325280
     447.00000000000    1.0000000325280
     448.00000000000    1.0000000325280
     449.00000000000    1.0000000325280
     450.00000000000    1.0000000325280
     451.00000000000    1.0000000325280
     452.00000000000    1.0000000325280
     453.00000000000    1.0000000325280
     454.00000000000    1.0000000325280
     455.00000000000    1.0000000325280
     456.00000000000    1.0000000325280
     457.00000000000    1.0000000325280
     458.00000000000    1.0000000325280
     459.00000000000    1.0000000325280
     460.00000000000    1.0000000325280
     461.00000000000    1.0000000325280
     462.00000000000    1.0000000325280
     463.00000000000    1.0000000325280
     464.00000000000    1.0000000325280
     465.00000000000    1.0000000325280
     466.00000000000    1.0000000325280
     467.00000000000    1.0000000325280
     468.00000000000    1.0000000325280
     469.00000000000    1.0000000325280
     470.00000000000    1.0000000325280
     471.00000000000    1.0000000325280
     472.00000000000    1.0000000325280
     473.00000000000    1.0000000325280
     474.00000000000    1.0000000325280
     475.00000000000    1.0000000325280
     476.00000000000    1.0000000325280
     477.00000000000    1.0000000325280
     478.00000000000    1.0000000325280
     479.00000000000    1.0000000325280
     480.00000000000    1.0000000325280
     481.00000000000    1.0000000325280
     482.00000000000    1.0000000325280
     483.00000000000    1.0000000325280
     484.00000000000    1.0000000325280
     485.00000000000    1.0000000325280
     486.00000000000    1.0000000325280
     487.00000000000    1.0000000325280
     488.00000000000    1.0000000325280
     489.00000000000    1.0000000325280
     490.00000000000    1.0000000325280
     491.00000000000    1.0000000325280
     492.00000000000    1.0000000325280
     493.00000000000    1.0000000325280
     494.00000000000    1.0000000325280
     495.00000000000    1.0000000325280
     496.00000000000    1.0000000325280
     497.00000000000    1.0000000325280
     498.00000000000    1.0000000325280
     499.00000000000    1.0000000325280
     500.00000000000    1.0000000325280
