    -500.00000000000    1.0000000325280
    -499.00000000000    1.0000000325280
    -498.00000000000    1.0000000325280
    -497.00000000000    1.0000000325280
    -496.00000000000    1.0000000325280
    -495.00000000000    1.0000000325280
    -494.00000000000    1.0000000325280
    -493.00000000000    1.0000000325280
    -492.00000000000    1.0000000325280
    -491.00000000000    1.0000000325280
    -490.00000000000    1.0000000325280
    -489.00000000000    1.0000000325280
    -488.00000000000    1.0000000325280
    -487.00000000000    1.0000000325280
    -486.00000000000    1.0000000325280
    -485.00000000000    1.0000000325280
    -484.00000000000    1.0000000325280
    -483.00000000000    1.0000000325280
    -482.00000000000    1.0000000325280
    -481.00000000000    1.0000000325280
    -480.00000000000    1.0000000325280
    -479.00000000000    1.0000000325280
    -478.00000000000    1.0000000325280
    -477.00000000000    1.0000000325280
    -476.00000000000    1.0000000325280
    -475.00000000000    1.0000000325280
    -474.00000000000    1.0000000325280
    -473.00000000000    1.0000000325280
    -472.00000000000    1.0000000325280
    -471.00000000000    1.0000000325280
    -470.00000000000    1.0000000325280
    -469.00000000000    1.0000000325280
    -468.00000000000    1.0000000325280
    -467.00000000000    1.0000000325280
    -466.00000000000    1.0000000325280
    -465.00000000000    1.0000000325280
    -464.00000000000    1.0000000325280
    -463.00000000000    1.0000000325280
    -462.00000000000    1.0000000325280
    -461.00000000000    1.0000000325280
    -460.00000000000    1.0000000325280
    -459.00000000000    1.0000000325280
    -458.00000000000    1.0000000325280
    -457.00000000000    1.0000000325280
    -456.00000000000    1.0000000325280
    -455.00000000000    1.0000000325280
    -454.00000000000    1.0000000325280
    -453.00000000000    1.0000000325280
    -452.00000000000    1.0000000325280
    -451.00000000000    1.0000000325280
    -450.00000000000    1.0000000325280
    -449.00000000000    1.0000000325280
    -448.00000000000    1.0000000325280
    -447.00000000000    1.0000000325280
    -446.00000000000    1.0000000325280
    -445.00000000000    1.0000000325280
    -444.00000000000    1.0000000325280
    -443.00000000000    1.0000000325280
    -442.00000000000    1.0000000325280
    -441.00000000000    1.0000000325280
    -440.00000000000    1.0000000325280
    -439.00000000000    1.0000000325280
    -438.00000000000    1.0000000325280
    -437.00000000000    1.0000000325280
    -436.00000000000    1.0000000325280
    -435.00000000000    1.0000000325280
    -434.00000000000    1.0000000325280
    -433.00000000000    1.0000000325280
    -432.00000000000    1.0000000325280
    -431.00000000000    1.0000000325280
    -430.00000000000    1.0000000325280
    -429.00000000000    1.0000000325280
    -428.00000000000    1.0000000325280
    -427.00000000000    1.0000000325280
    -426.00000000000    1.0000000325280
    -425.00000000000    1.0000000325280
    -424.00000000000    1.0000000325280
    -423.00000000000    1.0000000325280
    -422.00000000000    1.0000000325280
    -421.00000000000    1.0000000325280
    -420.00000000000    1.0000000325280
    -419.00000000000    1.0000000325280
    -418.00000000000    1.0000000325280
    -417.00000000000    1.0000000325280
    -416.00000000000    1.0000000325280
    -415.00000000000    1.0000000325280
    -414.00000000000    1.0000000325280
    -413.00000000000    1.0000000325280
    -412.00000000000    1.0000000325280
    -411.00000000000    1.0000000325280
    -410.00000000000    1.0000000325280
    -409.00000000000    1.0000000325280
    -408.00000000000    1.0000000325280
    -407.00000000000    1.0000000325280
    -406.00000000000    1.0000000325280
    -405.00000000000    1.0000000325280
    -404.00000000000    1.0000000325280
    -403.00000000000    1.0000000325280
    -402.00000000000    1.0000000325280
    -401.00000000000    1.0000000325280
    -400.00000000000    1.0000000325280
    -399.00000000000    1.0000000325280
    -398.00000000000    1.0000000325280
    -397.00000000000    1.0000000325280
    -396.00000000000    1.0000000325280
    -395.00000000000    1.0000000325280
    -394.00000000000    1.0000000325280
    -393.00000000000    1.0000000325280
    -392.00000000000    1.0000000325280
    -391.00000000000    1.0000000325280
    -390.00000000000    1.0000000325280
    -389.00000000000    1.0000000325280
    -388.00000000000    1.0000000325280
    -387.00000000000    1.0000000325280
    -386.00000000000    1.0000000325280
    -385.00000000000    1.0000000325280
    -384.00000000000    1.0000000325280
    -383.00000000000    1.0000000325280
    -382.00000000000    1.0000000325280
    -381.00000000000    1.0000000325280
    -380.00000000000    1.0000000325280
    -379.00000000000    1.0000000325280
    -378.00000000000    1.0000000325280
    -377.00000000000    1.0000000325280
    -376.00000000000    1.0000000325280
    -375.00000000000    1.0000000325280
    -374.00000000000    1.0000000325280
    -373.00000000000    1.0000000325280
    -372.00000000000    1.0000000325280
    -371.00000000000    1.0000000325280
    -370.00000000000    1.0000000325280
    -369.00000000000    1.0000000325280
    -368.00000000000    1.0000000325280
    -367.00000000000    1.0000000325280
    -366.00000000000    1.0000000325280
    -365.00000000000    1.0000000325280
    -364.00000000000    1.0000000325280
    -363.00000000000    1.0000000325280
    -362.00000000000    1.0000000325280
    -361.00000000000    1.0000000325280
    -360.00000000000    1.0000000325280
    -359.00000000000    1.0000000325280
    -358.00000000000    1.0000000325280
    -357.00000000000    1.0000000325280
    -356.00000000000    1.0000000325280
    -355.00000000000    1.0000000325280
    -354.00000000000    1.0000000325280
    -353.00000000000    1.0000000325280
    -352.00000000000    1.0000000325280
    -351.00000000000    1.0000000325280
    -350.00000000000    1.0000000325280
    -349.00000000000    1.0000000325280
    -348.00000000000    1.0000000325280
    -347.00000000000    1.0000000325280
    -346.00000000000    1.0000000325280
    -345.00000000000    1.0000000325280
    -344.00000000000    1.0000000325280
    -343.00000000000    1.0000000325280
    -342.00000000000    1.0000000325280
    -341.00000000000    1.0000000325280
    -340.00000000000    1.0000000325280
    -339.00000000000    1.0000000325280
    -338.00000000000    1.0000000325280
    -337.00000000000    1.0000000325280
    -336.00000000000    1.0000000325280
    -335.00000000000    1.0000000325280
    -334.00000000000    1.0000000325280
    -333.00000000000    1.0000000325280
    -332.00000000000    1.0000000325280
    -331.00000000000    1.0000000325280
    -330.00000000000    1.0000000325280
    -329.00000000000    1.0000000325280
    -328.00000000000    1.0000000325280
    -327.00000000000    1.0000000325280
    -326.00000000000    1.0000000325280
    -325.00000000000    1.0000000325280
    -324.00000000000    1.0000000325280
    -323.00000000000    1.0000000325280
    -322.00000000000    1.0000000325280
    -321.00000000000    1.0000000325280
    -320.00000000000    1.0000000325280
    -319.00000000000    1.0000000325280
    -318.00000000000    1.0000000325280
    -317.00000000000    1.0000000325280
    -316.00000000000    1.0000000325280
    -315.00000000000    1.0000000325280
    -314.00000000000    1.0000000325280
    -313.00000000000    1.0000000325280
    -312.00000000000    1.0000000325280
    -311.00000000000    1.0000000325280
    -310.00000000000    1.0000000325280
    -309.00000000000    1.0000000325280
    -308.00000000000    1.0000000325280
    -307.00000000000    1.0000000325280
    -306.00000000000    1.0000000325280
    -305.00000000000    1.0000000325280
    -304.00000000000    1.0000000325280
    -303.00000000000    1.0000000325280
    -302.00000000000    1.0000000325280
    -301.00000000000    1.0000000325280
    -300.00000000000    1.0000000325280
    -299.00000000000    1.0000000325280
    -298.00000000000    1.0000000325280
    -297.00000000000    1.0000000325280
    -296.00000000000    1.0000000325280
    -295.00000000000    1.0000000325280
    -294.00000000000    1.0000000325280
    -293.00000000000    1.0000000325280
    -292.00000000000    1.0000000325280
    -291.00000000000    1.0000000325280
    -290.00000000000    1.0000000325280
    -289.00000000000    1.0000000325280
    -288.00000000000    1.0000000325280
    -287.00000000000    1.0000000325280
    -286.00000000000    1.0000000325280
    -285.00000000000    1.0000000325280
    -284.00000000000    1.0000000325280
    -283.00000000000    1.0000000325280
    -282.00000000000    1.0000000325280
    -281.00000000000    1.0000000325280
    -280.00000000000    1.0000000325280
    -279.00000000000    1.0000000325280
    -278.00000000000    1.0000000325280
    -277.00000000000    1.0000000325280
    -276.00000000000    1.0000000325280
    -275.00000000000    1.0000000325280
    -274.00000000000    1.0000000325280
    -273.00000000000    1.0000000325280
    -272.00000000000    1.0000000325280
    -271.00000000000    1.0000000325280
    -270.00000000000    1.0000000325280
    -269.00000000000    1.0000000325280
    -268.00000000000    1.0000000325280
    -267.00000000000    1.0000000325280
    -266.00000000000    1.0000000325280
    -265.00000000000    1.0000000325280
    -264.00000000000    1.0000000325280
    -263.00000000000    1.0000000325280
    -262.00000000000    1.0000000325280
    -261.00000000000    1.0000000325280
    -260.00000000000    1.0000000325280
    -259.00000000000    1.0000000325280
    -258.00000000000    1.0000000325280
    -257.00000000000    1.0000000325280
    -256.00000000000    1.0000000325280
    -255.00000000000    1.0000000325280
    -254.00000000000    1.0000000325280
    -253.00000000000    1.0000000325280
    -252.00000000000    1.0000000325280
    -251.00000000000    1.0000000325280
    -250.00000000000    1.0000000325280
    -249.00000000000    1.0000000325280
    -248.00000000000    1.0000000325280
    -247.00000000000    1.0000000325280
    -246.00000000000    1.0000000325280
    -245.00000000000    1.0000000325280
    -244.00000000000    1.0000000325280
    -243.00000000000    1.0000000325280
    -242.00000000000    1.0000000325280
    -241.00000000000    1.0000000325280
    -240.00000000000    1.0000000325280
    -239.00000000000    1.0000000325280
    -238.00000000000    1.0000000325280
    -237.00000000000    1.0000000325278
    -236.00000000000    1.0000000325274
    -235.00000000000    1.0000000325258
    -234.00000000000    1.0000000325201
    -233.00000000000    1.0000000325005
    -232.00000000000    1.0000000324364
    -231.00000000000    1.0000000322355
    -230.00000000000    1.0000000316330
    -229.00000000000    1.0000000299036
    -228.00000000000    1.0000000251536
    -227.00000000000    1.0000000126657
    -226.00000000000   0.99999998124013
    -225.00000000000   0.99999990553544
    -224.00000000000   0.99999973092974
    -223.00000000000   0.99999934532336
    -222.00000000000   0.99999852978917
    -221.00000000000   0.99999687773977
    -220.00000000000   0.99999367170821
    -219.00000000000   0.99998771001456
    -218.00000000000   0.99997708483419
    -217.00000000000   0.99995892997940
    -216.00000000000   0.99992918012258
    -215.00000000000   0.99988240838851
    -214.00000000000   0.99981182708601
    -213.00000000000   0.99970953519261
    -212.00000000000   0.99956706621901
    -211.00000000000   0.99937622904548
    -210.00000000000   0.99913015228165
    -209.00000000000   0.99882436227603
    -208.00000000000   0.99845767533829
    -207.00000000000   0.99803269075615
    -206.00000000000   0.99755574108986
    -205.00000000000   0.99703627529439
    -204.00000000000   0.99648578376966
    -203.00000000000   0.99591648028974
    -202.00000000000   0.99534000083389
    -201.00000000000   0.99476635260932
    -200.00000000000   0.99420326228124
    -199.00000000000   0.99365596263562
    -198.00000000000   0.99312735737743
    -197.00000000000   0.99261844054644
    -196.00000000000   0.99212882912233
    -195.00000000000   0.99165728759151
    -194.00000000000   0.99120216486668
    -193.00000000000   0.99076170914744
    -192.00000000000   0.99033426228329
    -191.00000000000   0.98991835649198
    -190.00000000000   0.98951274369439
    -189.00000000000   0.98911638551535
    -188.00000000000   0.98872842511203
    -187.00000000000   0.98834815428184
    -186.00000000000   0.98797498293964
    -185.00000000000   0.98760841375078
    -184.00000000000   0.98724802228017
    -183.00000000000   0.98689344192780
    -182.00000000000   0.98654435261657
    -181.00000000000   0.98620047226821
    -180.00000000000   0.98586155030055
    -179.00000000000   0.98552736258397
    -178.00000000000   0.98519770746001
    -177.00000000000   0.98487240254624
    -176.00000000000   0.98455128213445
    -175.00000000000   0.98423419504512
    -174.00000000000   0.98392100283917
    -173.00000000000   0.98361157831362
    -172.00000000000   0.98330580422572
    -171.00000000000   0.98300357220323
    -170.00000000000   0.98270478180749
    -169.00000000000   0.98240933972340
    -168.00000000000   0.98211715905522
    -167.00000000000   0.98182815871145
    -166.00000000000   0.98154226286508
    -165.00000000000   0.98125940047802
    -164.00000000000   0.98097950488051
    -163.00000000000   0.98070251339758
    -162.00000000000   0.98042836701651
    -161.00000000000   0.98015701008952
    -160.00000000000   0.97988839006736
    -159.00000000000   0.97962245725988
    -158.00000000000   0.97935916462018
    -157.00000000000   0.97909846754961
    -156.00000000000   0.97884032372118
    -155.00000000000   0.97858469291924
    -154.00000000000   0.97833153689358
    -153.00000000000   0.97808081922653
    -152.00000000000   0.97783250521143
    -151.00000000000   0.97758656174148
    -150.00000000000   0.97734295720785
    -149.00000000000   0.97710166140601
    -148.00000000000   0.97686264544967
    -147.00000000000   0.97662588169137
    -146.00000000000   0.97639134364926
    -145.00000000000   0.97615900593943
    -144.00000000000   0.97592884421321
    -143.00000000000   0.97570083509915
    -142.00000000000   0.97547495614912
    -141.00000000000   0.97525118578820
    -140.00000000000   0.97502950326814
    -139.00000000000   0.97480988862393
    -138.00000000000   0.97459232263333
    -137.00000000000   0.97437678677911
    -136.00000000000   0.97416326321372
    -135.00000000000   0.97395173472625
    -134.00000000000   0.97374218471152
    -133.00000000000   0.97353459714106
    -132.00000000000   0.97332895653587
    -131.00000000000   0.97312524794092
    -130.00000000000   0.97292345690109
    -129.00000000000   0.97272356943858
    -128.00000000000   0.97252557203162
    -127.00000000000   0.97232945159441
    -126.00000000000   0.97213519545824
    -125.00000000000   0.97194279135360
    -124.00000000000   0.97175222739333
    -123.00000000000   0.97156349205669
    -122.00000000000   0.97137657417428
    -121.00000000000   0.97119146291374
    -120.00000000000   0.97100814776630
    -119.00000000000   0.97082661853389
    -118.00000000000   0.97064686531705
    -117.00000000000   0.97046887850334
    -116.00000000000   0.97029264875646
    -115.00000000000   0.97011816700578
    -114.00000000000   0.96994542443648
    -113.00000000000   0.96977441248015
    -112.00000000000   0.96960512280579
    -111.00000000000   0.96943754731133
    -110.00000000000   0.96927167811548
    -109.00000000000   0.96910750755000
    -108.00000000000   0.96894502815228
    -107.00000000000   0.96878423265833
    -106.00000000000   0.96862511399601
   -105.000000000000   0.96846766527866
   -104.000000000000   0.96831187979889
   -103.000000000000   0.96815775102275
   -102.000000000000   0.96800527258413
   -101.000000000000   0.96785443827935
   -100.000000000000   0.96770524206201
    -99.000000000000   0.96755767803813
    -98.000000000000   0.96741174046138
    -97.000000000000   0.96726742372855
    -96.000000000000   0.96712472237528
    -95.000000000000   0.96698363107183
    -94.000000000000   0.96684414461915
    -93.000000000000   0.96670625794503
    -92.000000000000   0.96656996610042
    -91.000000000000   0.96643526425592
    -90.000000000000   0.96630214769840
    -89.000000000000   0.96617061182770
    -88.000000000000   0.96604065215357
    -87.000000000000   0.96591226429257
    -86.000000000000   0.96578544396528
    -85.000000000000   0.96566018699342
    -84.000000000000   0.96553648929724
    -83.000000000000   0.96541434689291
    -82.000000000000   0.96529375589003
    -81.000000000000   0.96517471248925
    -80.000000000000   0.96505721297997
    -79.000000000000   0.96494125373812
    -78.000000000000   0.96482683122400
    -77.000000000000   0.96471394198025
    -76.000000000000   0.96460258262982
    -75.000000000000   0.96449274987409
    -74.000000000000   0.96438444049100
    -73.000000000000   0.96427765133328
    -72.000000000000   0.96417237932670
    -71.000000000000   0.96406862146843
    -70.000000000000   0.96396637482545
    -69.000000000000   0.96386563653296
    -68.000000000000   0.96376640379290
    -67.000000000000   0.96366867387253
    -66.000000000000   0.96357244410301
    -65.000000000000   0.96347771187804
    -64.000000000000   0.96338447465259
    -63.000000000000   0.96329272994164
    -62.000000000000   0.96320247531892
    -61.000000000000   0.96311370841579
    -60.000000000000   0.96302642692007
    -59.000000000000   0.96294062857496
    -58.000000000000   0.96285631117796
    -57.000000000000   0.96277347257988
    -56.000000000000   0.96269211068381
    -55.000000000000   0.96261222344417
    -54.000000000000   0.96253380886580
    -53.000000000000   0.96245686500307
    -52.000000000000   0.96238138995899
    -51.000000000000   0.96230738188436
    -50.000000000000   0.96223483897703
    -49.000000000000   0.96216375948104
    -48.000000000000   0.96209414168590
    -47.000000000000   0.96202598392587
    -46.000000000000   0.96195928457923
    -45.000000000000   0.96189404206762
    -44.000000000000   0.96183025485537
    -43.000000000000   0.96176792144886
    -42.000000000000   0.96170704039591
    -41.000000000000   0.96164761028518
    -40.000000000000   0.96158962974563
    -39.000000000000   0.96153309744592
    -38.000000000000   0.96147801209390
    -37.000000000000   0.96142437243611
    -36.000000000000   0.96137217725726
    -35.000000000000   0.96132142537975
    -34.000000000000   0.96127211566325
    -33.000000000000   0.96122424700420
    -32.000000000000   0.96117781833543
    -31.000000000000   0.96113282862572
    -30.000000000000   0.96108927687942
    -29.000000000000   0.96104716213608
    -28.000000000000   0.96100648347006
    -27.000000000000   0.96096723999021
    -26.000000000000   0.96092943083949
    -25.000000000000   0.96089305519473
    -24.000000000000   0.96085811226623
    -23.000000000000   0.96082460129754
    -22.000000000000   0.96079252156515
    -21.000000000000   0.96076187237823
    -20.000000000000   0.96073265307835
    -19.000000000000   0.96070486303930
    -18.000000000000   0.96067850166681
    -17.000000000000   0.96065356839834
    -16.000000000000   0.96063006270291
    -15.000000000000   0.96060798408088
    -14.000000000000   0.96058733206376
    -13.000000000000   0.96056810621408
    -12.000000000000   0.96055030612521
    -11.000000000000   0.96053393142121
   -10.0000000000000   0.96051898175669
    -9.0000000000000   0.96050545681673
    -8.0000000000000   0.96049335631672
    -7.0000000000000   0.96048268000229
    -6.0000000000000   0.96047342764919
    -5.0000000000000   0.96046559906323
    -4.0000000000000   0.96045919408024
    -3.0000000000000   0.96045421256594
    -2.0000000000000   0.96045065441596
    -1.0000000000000   0.96044851955578
   0.   0.96044780794069
     1.0000000000000   0.96044851955578
     2.0000000000000   0.96045065441596
     3.0000000000000   0.96045421256594
     4.0000000000000   0.96045919408024
     5.0000000000000   0.96046559906323
     6.0000000000000   0.96047342764919
     7.0000000000000   0.96048268000229
     8.0000000000000   0.96049335631672
     9.0000000000000   0.96050545681673
    10.0000000000000   0.96051898175669
     11.000000000000   0.96053393142121
     12.000000000000   0.96055030612521
     13.000000000000   0.96056810621408
     14.000000000000   0.96058733206376
     15.000000000000   0.96060798408088
     16.000000000000   0.96063006270291
     17.000000000000   0.96065356839834
     18.000000000000   0.96067850166681
     19.000000000000   0.96070486303930
     20.000000000000   0.96073265307835
     21.000000000000   0.96076187237823
     22.000000000000   0.96079252156515
     23.000000000000   0.96082460129754
     24.000000000000   0.96085811226623
     25.000000000000   0.96089305519473
     26.000000000000   0.96092943083949
     27.000000000000   0.96096723999021
     28.000000000000   0.96100648347006
     29.000000000000   0.96104716213608
     30.000000000000   0.96108927687943
     31.000000000000   0.96113282862572
     32.000000000000   0.96117781833543
     33.000000000000   0.96122424700420
     34.000000000000   0.96127211566325
     35.000000000000   0.96132142537975
     36.000000000000   0.96137217725726
     37.000000000000   0.96142437243611
     38.000000000000   0.96147801209390
     39.000000000000   0.96153309744592
     40.000000000000   0.96158962974563
     41.000000000000   0.96164761028518
     42.000000000000   0.96170704039591
     43.000000000000   0.96176792144886
     44.000000000000   0.96183025485537
     45.000000000000   0.96189404206762
     46.000000000000   0.96195928457923
     47.000000000000   0.96202598392587
     48.000000000000   0.96209414168590
     49.000000000000   0.96216375948104
     50.000000000000   0.96223483897703
     51.000000000000   0.96230738188436
     52.000000000000   0.96238138995899
     53.000000000000   0.96245686500307
     54.000000000000   0.96253380886580
     55.000000000000   0.96261222344417
     56.000000000000   0.96269211068381
     57.000000000000   0.96277347257988
     58.000000000000   0.96285631117796
     59.000000000000   0.96294062857496
     60.000000000000   0.96302642692007
     61.000000000000   0.96311370841579
     62.000000000000   0.96320247531892
     63.000000000000   0.96329272994164
     64.000000000000   0.96338447465259
     65.000000000000   0.96347771187804
     66.000000000000   0.96357244410301
     67.000000000000   0.96366867387253
     68.000000000000   0.96376640379290
     69.000000000000   0.96386563653296
     70.000000000000   0.96396637482545
     71.000000000000   0.96406862146843
     72.000000000000   0.96417237932670
     73.000000000000   0.96427765133328
     74.000000000000   0.96438444049100
     75.000000000000   0.96449274987409
     76.000000000000   0.96460258262982
     77.000000000000   0.96471394198025
     78.000000000000   0.96482683122400
     79.000000000000   0.96494125373812
     80.000000000000   0.96505721297997
     81.000000000000   0.96517471248925
     82.000000000000   0.96529375589003
     83.000000000000   0.96541434689291
     84.000000000000   0.96553648929724
     85.000000000000   0.96566018699342
     86.000000000000   0.96578544396528
     87.000000000000   0.96591226429257
     88.000000000000   0.96604065215357
     89.000000000000   0.96617061182770
     90.000000000000   0.96630214769840
     91.000000000000   0.96643526425592
     92.000000000000   0.96656996610042
     93.000000000000   0.96670625794503
     94.000000000000   0.96684414461915
     95.000000000000   0.96698363107183
     96.000000000000   0.96712472237528
     97.000000000000   0.96726742372855
     98.000000000000   0.96741174046138
     99.000000000000   0.96755767803813
    100.000000000000   0.96770524206201
    101.000000000000   0.96785443827935
    102.000000000000   0.96800527258413
    103.000000000000   0.96815775102275
    104.000000000000   0.96831187979889
    105.000000000000   0.96846766527866
     106.00000000000   0.96862511399601
     107.00000000000   0.96878423265833
     108.00000000000   0.96894502815228
     109.00000000000   0.96910750755000
     110.00000000000   0.96927167811548
     111.00000000000   0.96943754731133
     112.00000000000   0.96960512280579
     113.00000000000   0.96977441248015
     114.00000000000   0.96994542443648
     115.00000000000   0.97011816700578
     116.00000000000   0.97029264875646
     117.00000000000   0.97046887850334
     118.00000000000   0.97064686531705
     119.00000000000   0.97082661853389
     120.00000000000   0.97100814776630
     121.00000000000   0.97119146291374
     122.00000000000   0.97137657417428
     123.00000000000   0.97156349205669
     124.00000000000   0.97175222739333
     125.00000000000   0.97194279135360
     126.00000000000   0.97213519545824
     127.00000000000   0.97232945159441
     128.00000000000   0.97252557203162
     129.00000000000   0.97272356943858
     130.00000000000   0.97292345690109
     131.00000000000   0.97312524794092
     132.00000000000   0.97332895653587
     133.00000000000   0.97353459714106
     134.00000000000   0.97374218471152
     135.00000000000   0.97395173472625
     136.00000000000   0.97416326321372
     137.00000000000   0.97437678677911
     138.00000000000   0.97459232263333
     139.00000000000   0.97480988862393
     140.00000000000   0.97502950326814
     141.00000000000   0.97525118578820
     142.00000000000   0.97547495614912
     143.00000000000   0.97570083509915
     144.00000000000   0.97592884421321
     145.00000000000   0.97615900593943
     146.00000000000   0.97639134364926
     147.00000000000   0.97662588169137
     148.00000000000   0.97686264544967
     149.00000000000   0.97710166140601
     150.00000000000   0.97734295720785
     151.00000000000   0.97758656174148
     152.00000000000   0.97783250521143
     153.00000000000   0.97808081922653
     154.00000000000   0.97833153689358
     155.00000000000   0.97858469291924
     156.00000000000   0.97884032372118
     157.00000000000   0.97909846754961
     158.00000000000   0.97935916462018
     159.00000000000   0.97962245725988
     160.00000000000   0.97988839006736
     161.00000000000   0.98015701008952
     162.00000000000   0.98042836701651
     163.00000000000   0.98070251339758
     164.00000000000   0.98097950488051
     165.00000000000   0.98125940047802
     166.00000000000   0.98154226286508
     167.00000000000   0.98182815871145
     168.00000000000   0.98211715905522
     169.00000000000   0.98240933972340
     170.00000000000   0.98270478180749
     171.00000000000   0.98300357220323
     172.00000000000   0.98330580422572
     173.00000000000   0.98361157831362
     174.00000000000   0.98392100283917
     175.00000000000   0.98423419504512
     176.00000000000   0.98455128213445
     177.00000000000   0.98487240254624
     178.00000000000   0.98519770746001
     179.00000000000   0.98552736258397
     180.00000000000   0.98586155030055
     181.00000000000   0.98620047226821
     182.00000000000   0.98654435261657
     183.00000000000   0.98689344192780
     184.00000000000   0.98724802228017
     185.00000000000   0.98760841375078
     186.00000000000   0.98797498293964
     187.00000000000   0.98834815428184
     188.00000000000   0.98872842511203
     189.00000000000   0.98911638551535
     190.00000000000   0.98951274369438
     191.00000000000   0.98991835649198
     192.00000000000   0.99033426228329
     193.00000000000   0.99076170914744
     194.00000000000   0.99120216486668
     195.00000000000   0.99165728759151
     196.00000000000   0.99212882912233
     197.00000000000   0.99261844054644
     198.00000000000   0.99312735737743
     199.00000000000   0.99365596263562
     200.00000000000   0.99420326228124
     201.00000000000   0.99476635260932
     202.00000000000   0.99534000083389
     203.00000000000   0.99591648028974
     204.00000000000   0.99648578376966
     205.00000000000   0.99703627529439
     206.00000000000   0.99755574108986
     207.00000000000   0.99803269075615
     208.00000000000   0.99845767533829
     209.00000000000   0.99882436227603
     210.00000000000   0.99913015228165
     211.00000000000   0.99937622904548
     212.00000000000   0.99956706621901
     213.00000000000   0.99970953519261
     214.00000000000   0.99981182708601
     215.00000000000   0.99988240838851
     216.00000000000   0.99992918012258
     217.00000000000   0.99995892997940
     218.00000000000   0.99997708483419
     219.00000000000   0.99998771001456
     220.00000000000   0.99999367170821
     221.00000000000   0.99999687773977
     222.00000000000   0.99999852978917
     223.00000000000   0.99999934532336
     224.00000000000   0.99999973092974
     225.00000000000   0.99999990553544
     226.00000000000   0.99999998124013
     227.00000000000    1.0000000126657
     228.00000000000    1.0000000251536
     229.00000000000    1.0000000299036
     230.00000000000    1.0000000316330
     231.00000000000    1.0000000322355
     232.00000000000    1.0000000324364
     233.00000000000    1.0000000325005
     234.00000000000    1.0000000325201
     235.00000000000    1.0000000325258
     236.00000000000    1.0000000325274
     237.00000000000    1.0000000325278
     238.00000000000    1.0000000325280
     239.00000000000    1.0000000325280
     240.00000000000    1.0000000325280
     241.00000000000    1.0000000325280
     242.00000000000    1.0000000325280
     243.00000000000    1.0000000325280
     244.00000000000    1.0000000325280
     245.00000000000    1.0000000325280
     246.00000000000    1.0000000325280
     247.00000000000    1.0000000325280
     248.00000000000    1.0000000325280
     249.00000000000    1.0000000325280
     250.00000000000    1.0000000325280
     251.00000000000    1.0000000325280
     252.00000000000    1.0000000325280
     253.00000000000    1.0000000325280
     254.00000000000    1.0000000325280
     255.00000000000    1.0000000325280
     256.00000000000    1.0000000325280
     257.00000000000    1.0000000325280
     258.00000000000    1.0000000325280
     259.00000000000    1.0000000325280
     260.00000000000    1.0000000325280
     261.00000000000    1.0000000325280
     262.00000000000    1.0000000325280
     263.00000000000    1.0000000325280
     264.00000000000    1.0000000325280
     265.00000000000    1.0000000325280
     266.00000000000    1.0000000325280
     267.00000000000    1.0000000325280
     268.00000000000    1.0000000325280
     269.00000000000    1.0000000325280
     270.00000000000    1.0000000325280
     271.00000000000    1.0000000325280
     272.00000000000    1.0000000325280
     273.00000000000    1.0000000325280
     274.00000000000    1.0000000325280
     275.00000000000    1.0000000325280
     276.00000000000    1.0000000325280
     277.00000000000    1.0000000325280
     278.00000000000    1.0000000325280
     279.00000000000    1.0000000325280
     280.00000000000    1.0000000325280
     281.00000000000    1.0000000325280
     282.00000000000    1.0000000325280
     283.00000000000    1.0000000325280
     284.00000000000    1.0000000325280
     285.00000000000    1.0000000325280
     286.00000000000    1.0000000325280
     287.00000000000    1.0000000325280
     288.00000000000    1.0000000325280
     289.00000000000    1.0000000325280
     290.00000000000    1.0000000325280
     291.00000000000    1.0000000325280
     292.00000000000    1.0000000325280
     293.00000000000    1.0000000325280
     294.00000000000    1.0000000325280
     295.00000000000    1.0000000325280
     296.00000000000    1.0000000325280
     297.00000000000    1.0000000325280
     298.00000000000    1.0000000325280
     299.00000000000    1.0000000325280
     300.00000000000    1.0000000325280
     301.00000000000    1.0000000325280
     302.00000000000    1.0000000325280
     303.00000000000    1.0000000325280
     304.00000000000    1.0000000325280
     305.00000000000    1.0000000325280
     306.00000000000    1.0000000325280
     307.00000000000    1.0000000325280
     308.00000000000    1.0000000325280
     309.00000000000    1.0000000325280
     310.00000000000    1.0000000325280
     311.00000000000    1.0000000325280
     312.00000000000    1.0000000325280
     313.00000000000    1.0000000325280
     314.00000000000    1.0000000325280
     315.00000000000    1.0000000325280
     316.00000000000    1.0000000325280
     317.00000000000    1.0000000325280
     318.00000000000    1.0000000325280
     319.00000000000    1.0000000325280
     320.00000000000    1.0000000325280
     321.00000000000    1.0000000325280
     322.00000000000    1.0000000325280
     323.00000000000    1.0000000325280
     324.00000000000    1.0000000325280
     325.00000000000    1.0000000325280
     326.00000000000    1.0000000325280
     327.00000000000    1.0000000325280
     328.00000000000    1.0000000325280
     329.00000000000    1.0000000325280
     330.00000000000    1.0000000325280
     331.00000000000    1.0000000325280
     332.00000000000    1.0000000325280
     333.00000000000    1.0000000325280
     334.00000000000    1.0000000325280
     335.00000000000    1.0000000325280
     336.00000000000    1.0000000325280
     337.00000000000    1.0000000325280
     338.00000000000    1.0000000325280
     339.00000000000    1.0000000325280
     340.00000000000    1.0000000325280
     341.00000000000    1.0000000325280
     342.00000000000    1.0000000325280
     343.00000000000    1.0000000325280
     344.00000000000    1.0000000325280
     345.00000000000    1.0000000325280
     346.00000000000    1.0000000325280
     347.00000000000    1.0000000325280
     348.00000000000    1.0000000325280
     349.00000000000    1.0000000325280
     350.00000000000    1.0000000325280
     351.00000000000    1.0000000325280
     352.00000000000    1.0000000325280
     353.00000000000    1.0000000325280
     354.00000000000    1.0000000325280
     355.00000000000    1.0000000325280
     356.00000000000    1.0000000325280
     357.00000000000    1.0000000325280
     358.00000000000    1.0000000325280
     359.00000000000    1.0000000325280
     360.00000000000    1.0000000325280
     361.00000000000    1.0000000325280
     362.00000000000    1.0000000325280
     363.00000000000    1.0000000325280
     364.00000000000    1.0000000325280
     365.00000000000    1.0000000325280
     366.00000000000    1.0000000325280
     367.00000000000    1.0000000325280
     368.00000000000    1.0000000325280
     369.00000000000    1.0000000325280
     370.00000000000    1.0000000325280
     371.00000000000    1.0000000325280
     372.00000000000    1.0000000325280
     373.00000000000    1.0000000325280
     374.00000000000    1.0000000325280
     375.00000000000    1.0000000325280
     376.00000000000    1.0000000325280
     377.00000000000    1.0000000325280
     378.00000000000    1.0000000325280
     379.00000000000    1.0000000325280
     380.00000000000    1.0000000325280
     381.00000000000    1.0000000325280
     382.00000000000    1.0000000325280
     383.00000000000    1.0000000325280
     384.00000000000    1.0000000325280
     385.00000000000    1.0000000325280
     386.00000000000    1.0000000325280
     387.00000000000    1.0000000325280
     388.00000000000    1.0000000325280
     389.00000000000    1.0000000325280
     390.00000000000    1.0000000325280
     391.00000000000    1.0000000325280
     392.00000000000    1.0000000325280
     393.00000000000    1.0000000325280
     394.00000000000    1.0000000325280
     395.00000000000    1.0000000325280
     396.00000000000    1.0000000325280
     397.00000000000    1.0000000325280
     398.00000000000    1.0000000325280
     399.00000000000    1.0000000325280
     400.00000000000    1.0000000325280
     401.00000000000    1.0000000325280
     402.00000000000    1.0000000325280
     403.00000000000    1.0000000325280
     404.00000000000    1.0000000325280
     405.00000000000    1.0000000325280
     406.00000000000    1.0000000325280
     407.00000000000    1.0000000325280
     408.00000000000    1.0000000325280
     409.00000000000    1.0000000325280
     410.00000000000    1.0000000325280
     411.00000000000    1.0000000325280
     412.00000000000    1.0000000325280
     413.00000000000    1.0000000325280
     414.00000000000    1.0000000325280
     415.00000000000    1.0000000325280
     416.00000000000    1.0000000325280
     417.00000000000    1.0000000325280
     418.00000000000    1.0000000325280
     419.00000000000    1.0000000325280
     420.00000000000    1.0000000325280
     421.00000000000    1.0000000325280
     422.00000000000    1.0000000325280
     423.00000000000    1.0000000325280
     424.00000000000    1.0000000325280
     425.00000000000    1.0000000325280
     426.00000000000    1.0000000325280
     427.00000000000    1.0000000325280
     428.00000000000    1.0000000325280
     429.00000000000    1.0000000325280
     430.00000000000    1.0000000325280
     431.00000000000    1.0000000325280
     432.00000000000    1.0000000325280
     433.00000000000    1.0000000325280
     434.00000000000    1.0000000325280
     435.00000000000    1.0000000325280
     436.00000000000    1.0000000325280
     437.00000000000    1.0000000325280
     438.00000000000    1.0000000325280
     439.00000000000    1.0000000325280
     440.00000000000    1.0000000325280
     441.00000000000    1.0000000325280
     442.00000000000    1.0000000325280
     443.00000000000    1.0000000325280
     444.00000000000    1.0000000325280
     445.00000000000    1.0000000325280
     446.00000000000    1.0000000325280
     447.00000000000    1.0000000325280
     448.00000000000    1.0000000325280
     449.00000000000    1.0000000325280
     450.00000000000    1.0000000325280
     451.00000000000    1.0000000325280
     452.00000000000    1.0000000325280
     453.00000000000    1.0000000325280
     454.00000000000    1.0000000325280
     455.00000000000    1.0000000325280
     456.00000000000    1.0000000325280
     457.00000000000    1.0000000325280
     458.00000000000    1.0000000325280
     459.00000000000    1.0000000325280
     460.00000000000    1.0000000325280
     461.00000000000    1.0000000325280
     462.00000000000    1.0000000325280
     463.00000000000    1.0000000325280
     464.00000000000    1.0000000325280
     465.00000000000    1.0000000325280
     466.00000000000    1.0000000325280
     467.00000000000    1.0000000325280
     468.00000000000    1.0000000325280
     469.00000000000    1.0000000325280
     470.00000000000    1.0000000325280
     471.00000000000    1.0000000325280
     472.00000000000    1.0000000325280
     473.00000000000    1.0000000325280
     474.00000000000    1.0000000325280
     475.00000000000    1.0000000325280
     476.00000000000    1.0000000325280
     477.00000000000    1.0000000325280
     478.00000000000    1.0000000325280
     479.00000000000    1.0000000325280
     480.00000000000    1.0000000325280
     481.00000000000    1.0000000325280
     482.00000000000    1.0000000325280
     483.00000000000    1.0000000325280
     484.00000000000    1.0000000325280
     485.00000000000    1.0000000325280
     486.00000000000    1.0000000325280
     487.00000000000    1.0000000325280
     488.00000000000    1.0000000325280
     489.00000000000    1.0000000325280
     490.00000000000    1.0000000325280
     491.00000000000    1.0000000325280
     492.00000000000    1.0000000325280
     493.00000000000    1.0000000325280
     494.00000000000    1.0000000325280
     495.00000000000    1.0000000325280
     496.00000000000    1.0000000325280
     497.00000000000    1.0000000325280
     498.00000000000    1.0000000325280
     499.00000000000    1.0000000325280
     500.00000000000    1.0000000325280
