    -500.00000000000    1.0000000325280
    -499.00000000000    1.0000000325280
    -498.00000000000    1.0000000325280
    -497.00000000000    1.0000000325280
    -496.00000000000    1.0000000325280
    -495.00000000000    1.0000000325280
    -494.00000000000    1.0000000325280
    -493.00000000000    1.0000000325280
    -492.00000000000    1.0000000325280
    -491.00000000000    1.0000000325280
    -490.00000000000    1.0000000325280
    -489.00000000000    1.0000000325280
    -488.00000000000    1.0000000325280
    -487.00000000000    1.0000000325280
    -486.00000000000    1.0000000325280
    -485.00000000000    1.0000000325280
    -484.00000000000    1.0000000325280
    -483.00000000000    1.0000000325280
    -482.00000000000    1.0000000325280
    -481.00000000000    1.0000000325280
    -480.00000000000    1.0000000325280
    -479.00000000000    1.0000000325280
    -478.00000000000    1.0000000325280
    -477.00000000000    1.0000000325280
    -476.00000000000    1.0000000325280
    -475.00000000000    1.0000000325280
    -474.00000000000    1.0000000325280
    -473.00000000000    1.0000000325280
    -472.00000000000    1.0000000325280
    -471.00000000000    1.0000000325280
    -470.00000000000    1.0000000325280
    -469.00000000000    1.0000000325280
    -468.00000000000    1.0000000325280
    -467.00000000000    1.0000000325280
    -466.00000000000    1.0000000325280
    -465.00000000000    1.0000000325280
    -464.00000000000    1.0000000325280
    -463.00000000000    1.0000000325280
    -462.00000000000    1.0000000325280
    -461.00000000000    1.0000000325280
    -460.00000000000    1.0000000325280
    -459.00000000000    1.0000000325280
    -458.00000000000    1.0000000325280
    -457.00000000000    1.0000000325280
    -456.00000000000    1.0000000325280
    -455.00000000000    1.0000000325280
    -454.00000000000    1.0000000325280
    -453.00000000000    1.0000000325280
    -452.00000000000    1.0000000325280
    -451.00000000000    1.0000000325280
    -450.00000000000    1.0000000325280
    -449.00000000000    1.0000000325280
    -448.00000000000    1.0000000325280
    -447.00000000000    1.0000000325280
    -446.00000000000    1.0000000325280
    -445.00000000000    1.0000000325280
    -444.00000000000    1.0000000325280
    -443.00000000000    1.0000000325280
    -442.00000000000    1.0000000325280
    -441.00000000000    1.0000000325280
    -440.00000000000    1.0000000325280
    -439.00000000000    1.0000000325280
    -438.00000000000    1.0000000325280
    -437.00000000000    1.0000000325280
    -436.00000000000    1.0000000325280
    -435.00000000000    1.0000000325280
    -434.00000000000    1.0000000325280
    -433.00000000000    1.0000000325280
    -432.00000000000    1.0000000325280
    -431.00000000000    1.0000000325280
    -430.00000000000    1.0000000325280
    -429.00000000000    1.0000000325280
    -428.00000000000    1.0000000325280
    -427.00000000000    1.0000000325280
    -426.00000000000    1.0000000325280
    -425.00000000000    1.0000000325280
    -424.00000000000    1.0000000325280
    -423.00000000000    1.0000000325280
    -422.00000000000    1.0000000325280
    -421.00000000000    1.0000000325280
    -420.00000000000    1.0000000325280
    -419.00000000000    1.0000000325280
    -418.00000000000    1.0000000325280
    -417.00000000000    1.0000000325280
    -416.00000000000    1.0000000325280
    -415.00000000000    1.0000000325280
    -414.00000000000    1.0000000325280
    -413.00000000000    1.0000000325280
    -412.00000000000    1.0000000325280
    -411.00000000000    1.0000000325280
    -410.00000000000    1.0000000325280
    -409.00000000000    1.0000000325280
    -408.00000000000    1.0000000325280
    -407.00000000000    1.0000000325280
    -406.00000000000    1.0000000325280
    -405.00000000000    1.0000000325280
    -404.00000000000    1.0000000325280
    -403.00000000000    1.0000000325280
    -402.00000000000    1.0000000325280
    -401.00000000000    1.0000000325280
    -400.00000000000    1.0000000325280
    -399.00000000000    1.0000000325280
    -398.00000000000    1.0000000325280
    -397.00000000000    1.0000000325280
    -396.00000000000    1.0000000325280
    -395.00000000000    1.0000000325280
    -394.00000000000    1.0000000325280
    -393.00000000000    1.0000000325280
    -392.00000000000    1.0000000325280
    -391.00000000000    1.0000000325280
    -390.00000000000    1.0000000325280
    -389.00000000000    1.0000000325280
    -388.00000000000    1.0000000325280
    -387.00000000000    1.0000000325280
    -386.00000000000    1.0000000325280
    -385.00000000000    1.0000000325280
    -384.00000000000    1.0000000325280
    -383.00000000000    1.0000000325280
    -382.00000000000    1.0000000325280
    -381.00000000000    1.0000000325280
    -380.00000000000    1.0000000325280
    -379.00000000000    1.0000000325280
    -378.00000000000    1.0000000325280
    -377.00000000000    1.0000000325280
    -376.00000000000    1.0000000325280
    -375.00000000000    1.0000000325280
    -374.00000000000    1.0000000325280
    -373.00000000000    1.0000000325280
    -372.00000000000    1.0000000325280
    -371.00000000000    1.0000000325280
    -370.00000000000    1.0000000325280
    -369.00000000000    1.0000000325280
    -368.00000000000    1.0000000325280
    -367.00000000000    1.0000000325280
    -366.00000000000    1.0000000325280
    -365.00000000000    1.0000000325280
    -364.00000000000    1.0000000325280
    -363.00000000000    1.0000000325280
    -362.00000000000    1.0000000325280
    -361.00000000000    1.0000000325280
    -360.00000000000    1.0000000325280
    -359.00000000000    1.0000000325280
    -358.00000000000    1.0000000325280
    -357.00000000000    1.0000000325280
    -356.00000000000    1.0000000325280
    -355.00000000000    1.0000000325280
    -354.00000000000    1.0000000325280
    -353.00000000000    1.0000000325280
    -352.00000000000    1.0000000325280
    -351.00000000000    1.0000000325280
    -350.00000000000    1.0000000325280
    -349.00000000000    1.0000000325280
    -348.00000000000    1.0000000325280
    -347.00000000000    1.0000000325280
    -346.00000000000    1.0000000325280
    -345.00000000000    1.0000000325280
    -344.00000000000    1.0000000325280
    -343.00000000000    1.0000000325280
    -342.00000000000    1.0000000325280
    -341.00000000000    1.0000000325280
    -340.00000000000    1.0000000325280
    -339.00000000000    1.0000000325280
    -338.00000000000    1.0000000325280
    -337.00000000000    1.0000000325280
    -336.00000000000    1.0000000325280
    -335.00000000000    1.0000000325280
    -334.00000000000    1.0000000325280
    -333.00000000000    1.0000000325280
    -332.00000000000    1.0000000325280
    -331.00000000000    1.0000000325280
    -330.00000000000    1.0000000325280
    -329.00000000000    1.0000000325280
    -328.00000000000    1.0000000325280
    -327.00000000000    1.0000000325280
    -326.00000000000    1.0000000325280
    -325.00000000000    1.0000000325280
    -324.00000000000    1.0000000325280
    -323.00000000000    1.0000000325280
    -322.00000000000    1.0000000325280
    -321.00000000000    1.0000000325280
    -320.00000000000    1.0000000325280
    -319.00000000000    1.0000000325280
    -318.00000000000    1.0000000325280
    -317.00000000000    1.0000000325280
    -316.00000000000    1.0000000325280
    -315.00000000000    1.0000000325280
    -314.00000000000    1.0000000325280
    -313.00000000000    1.0000000325280
    -312.00000000000    1.0000000325280
    -311.00000000000    1.0000000325280
    -310.00000000000    1.0000000325280
    -309.00000000000    1.0000000325280
    -308.00000000000    1.0000000325280
    -307.00000000000    1.0000000325280
    -306.00000000000    1.0000000325280
    -305.00000000000    1.0000000325280
    -304.00000000000    1.0000000325280
    -303.00000000000    1.0000000325280
    -302.00000000000    1.0000000325280
    -301.00000000000    1.0000000325280
    -300.00000000000    1.0000000325280
    -299.00000000000    1.0000000325280
    -298.00000000000    1.0000000325280
    -297.00000000000    1.0000000325280
    -296.00000000000    1.0000000325280
    -295.00000000000    1.0000000325280
    -294.00000000000    1.0000000325280
    -293.00000000000    1.0000000325280
    -292.00000000000    1.0000000325280
    -291.00000000000    1.0000000325280
    -290.00000000000    1.0000000325280
    -289.00000000000    1.0000000325280
    -288.00000000000    1.0000000325280
    -287.00000000000    1.0000000325280
    -286.00000000000    1.0000000325280
    -285.00000000000    1.0000000325280
    -284.00000000000    1.0000000325280
    -283.00000000000    1.0000000325280
    -282.00000000000    1.0000000325280
    -281.00000000000    1.0000000325280
    -280.00000000000    1.0000000325280
    -279.00000000000    1.0000000325280
    -278.00000000000    1.0000000325280
    -277.00000000000    1.0000000325280
    -276.00000000000    1.0000000325280
    -275.00000000000    1.0000000325280
    -274.00000000000    1.0000000325280
    -273.00000000000    1.0000000325280
    -272.00000000000    1.0000000325280
    -271.00000000000    1.0000000325279
    -270.00000000000    1.0000000325275
    -269.00000000000    1.0000000325263
    -268.00000000000    1.0000000325218
    -267.00000000000    1.0000000325063
    -266.00000000000    1.0000000324556
    -265.00000000000    1.0000000322969
    -264.00000000000    1.0000000318210
    -263.00000000000    1.0000000304553
    -262.00000000000    1.0000000267046
    -261.00000000000    1.0000000168454
    -260.00000000000   0.99999999203886
    -259.00000000000   0.99999993228940
    -258.00000000000   0.99999979450715
    -257.00000000000   0.99999949027988
    -256.00000000000   0.99999884698496
    -255.00000000000   0.99999754411980
    -254.00000000000   0.99999501629710
    -253.00000000000   0.99999031687894
    -252.00000000000   0.99998194353605
    -251.00000000000   0.99996764027198
    -250.00000000000   0.99994420889466
    -249.00000000000   0.99990738271523
    -248.00000000000   0.99985182918935
    -247.00000000000   0.99977134711995
    -246.00000000000   0.99965930020472
    -245.00000000000   0.99950928045885
    -244.00000000000   0.99931593037585
    -243.00000000000   0.99907578950060
    -242.00000000000   0.99878799243662
    -241.00000000000   0.99845465059600
    -240.00000000000   0.99808080561413
    -239.00000000000   0.99767393650983
    -238.00000000000   0.99724310790474
    -237.00000000000   0.99679792964956
    -236.00000000000   0.99634753307133
    -235.00000000000   0.99589974726357
    -234.00000000000   0.99546059184970
    -233.00000000000   0.99503411585484
    -232.00000000000   0.99462253396245
    -231.00000000000   0.99422656195517
    -230.00000000000   0.99384583949502
    -229.00000000000   0.99347934476205
    -228.00000000000   0.99312573857926
    -227.00000000000   0.99278361140716
    -226.00000000000   0.99245163492719
    -225.00000000000   0.99212863660402
    -224.00000000000   0.99181362131388
    -223.00000000000   0.99150576225362
    -222.00000000000   0.99120437782486
    -221.00000000000   0.99090890505864
    -220.00000000000   0.99061887511167
    -219.00000000000   0.99033389297360
    -218.00000000000   0.99005362162230
    -217.00000000000   0.98977777001756
    -216.00000000000   0.98950608409444
    -215.00000000000   0.98923833998110
    -214.00000000000   0.98897433882723
    -213.00000000000   0.98871390279407
    -212.00000000000   0.98845687188969
    -211.00000000000   0.98820310142945
    -210.00000000000   0.98795245996836
    -209.00000000000   0.98770482759619
    -208.00000000000   0.98746009451659
    -207.00000000000   0.98721815985188
    -206.00000000000   0.98697893062951
    -205.00000000000   0.98674232091632
    -204.00000000000   0.98650825107442
    -203.00000000000   0.98627664711778
    -202.00000000000   0.98604744015296
    -201.00000000000   0.98582056589059
    -200.00000000000   0.98559596421682
    -199.00000000000   0.98537357881569
    -198.00000000000   0.98515335683511
    -197.00000000000   0.98493524859042
    -196.00000000000   0.98471920730029
    -195.00000000000   0.98450518885080
    -194.00000000000   0.98429315158389
    -193.00000000000   0.98408305610738
    -192.00000000000   0.98387486512361
    -191.00000000000   0.98366854327473
    -190.00000000000   0.98346405700254
    -189.00000000000   0.98326137442127
    -188.00000000000   0.98306046520181
    -187.00000000000   0.98286130046628
    -186.00000000000   0.98266385269159
    -185.00000000000   0.98246809562128
    -184.00000000000   0.98227400418466
    -183.00000000000   0.98208155442257
    -182.00000000000   0.98189072341902
    -181.00000000000   0.98170148923829
    -180.00000000000   0.98151383086681
    -179.00000000000   0.98132772815951
    -178.00000000000   0.98114316179010
    -177.00000000000   0.98096011320503
    -176.00000000000   0.98077856458077
    -175.00000000000   0.98059849878409
    -174.00000000000   0.98041989933511
    -173.00000000000   0.98024275037291
    -172.00000000000   0.98006703662344
    -171.00000000000   0.97989274336955
    -170.00000000000   0.97971985642299
    -169.00000000000   0.97954836209825
    -168.00000000000   0.97937824718801
    -167.00000000000   0.97920949894016
    -166.00000000000   0.97904210503620
    -165.00000000000   0.97887605357104
    -164.00000000000   0.97871133303389
    -163.00000000000   0.97854793229037
    -162.00000000000   0.97838584056566
    -161.00000000000   0.97822504742859
    -160.00000000000   0.97806554277662
    -159.00000000000   0.97790731682173
    -158.00000000000   0.97775036007701
    -157.00000000000   0.97759466334409
    -156.00000000000   0.97744021770110
    -155.00000000000   0.97728701449145
    -154.00000000000   0.97713504531303
    -153.00000000000   0.97698430200811
    -152.00000000000   0.97683477665367
    -151.00000000000   0.97668646155230
    -150.00000000000   0.97653934922346
    -149.00000000000   0.97639343239528
    -148.00000000000   0.97624870399668
    -147.00000000000   0.97610515714992
    -146.00000000000   0.97596278516351
    -145.00000000000   0.97582158152544
    -144.00000000000   0.97568153989669
    -143.00000000000   0.97554265410516
    -142.00000000000   0.97540491813976
    -141.00000000000   0.97526832614482
    -140.00000000000   0.97513287241475
    -139.00000000000   0.97499855138895
    -138.00000000000   0.97486535764692
    -137.00000000000   0.97473328590362
    -136.00000000000   0.97460233100498
    -135.00000000000   0.97447248792366
    -134.00000000000   0.97434375175493
    -133.00000000000   0.97421611771280
    -132.00000000000   0.97408958112623
    -131.00000000000   0.97396413743559
    -130.00000000000   0.97383978218913
    -129.00000000000   0.97371651103977
    -128.00000000000   0.97359431974184
    -127.00000000000   0.97347320414811
    -126.00000000000   0.97335316020681
    -125.00000000000   0.97323418395884
    -124.00000000000   0.97311627153507
    -123.00000000000   0.97299941915375
    -122.00000000000   0.97288362311800
    -121.00000000000   0.97276887981341
    -120.00000000000   0.97265518570575
    -119.00000000000   0.97254253733872
    -118.00000000000   0.97243093133180
    -117.00000000000   0.97232036437823
    -116.00000000000   0.97221083324298
    -115.00000000000   0.97210233476085
    -114.00000000000   0.97199486583464
    -113.00000000000   0.97188842343333
    -112.00000000000   0.97178300459038
    -111.00000000000   0.97167860640211
    -110.00000000000   0.97157522602604
    -109.00000000000   0.97147286067937
    -108.00000000000   0.97137150763750
    -107.00000000000   0.97127116423261
    -106.00000000000   0.97117182785219
   -105.000000000000   0.97107349593779
   -104.000000000000   0.97097616598366
   -103.000000000000   0.97087983553553
   -102.000000000000   0.97078450218935
   -101.000000000000   0.97069016359019
   -100.000000000000   0.97059681743102
    -99.000000000000   0.97050446145168
    -98.000000000000   0.97041309343777
    -97.000000000000   0.97032271121966
    -96.000000000000   0.97023331267145
    -95.000000000000   0.97014489571005
    -94.000000000000   0.97005745829421
    -93.000000000000   0.96997099842365
    -92.000000000000   0.96988551413813
    -91.000000000000   0.96980100351668
    -90.000000000000   0.96971746467670
    -89.000000000000   0.96963489577320
    -88.000000000000   0.96955329499803
    -87.000000000000   0.96947266057910
    -86.000000000000   0.96939299077971
    -85.000000000000   0.96931428389779
    -84.000000000000   0.96923653826522
    -83.000000000000   0.96915975224721
    -82.000000000000   0.96908392424161
    -81.000000000000   0.96900905267832
    -80.000000000000   0.96893513601867
    -79.000000000000   0.96886217275481
    -78.000000000000   0.96879016140917
    -77.000000000000   0.96871910053392
    -76.000000000000   0.96864898871038
    -75.000000000000   0.96857982454854
    -74.000000000000   0.96851160668653
    -73.000000000000   0.96844433379015
    -72.000000000000   0.96837800455237
    -71.000000000000   0.96831261769289
    -70.000000000000   0.96824817195765
    -69.000000000000   0.96818466611845
    -68.000000000000   0.96812209897247
    -67.000000000000   0.96806046934187
    -66.000000000000   0.96799977607343
    -65.000000000000   0.96794001803810
    -64.000000000000   0.96788119413066
    -63.000000000000   0.96782330326934
    -62.000000000000   0.96776634439547
    -61.000000000000   0.96771031647312
    -60.000000000000   0.96765521848879
    -59.000000000000   0.96760104945103
    -58.000000000000   0.96754780839018
    -57.000000000000   0.96749549435804
    -56.000000000000   0.96744410642756
    -55.000000000000   0.96739364369254
    -54.000000000000   0.96734410526739
    -53.000000000000   0.96729549028682
    -52.000000000000   0.96724779790558
    -51.000000000000   0.96720102729820
    -50.000000000000   0.96715517765874
    -49.000000000000   0.96711024820057
    -48.000000000000   0.96706623815608
    -47.000000000000   0.96702314677652
    -46.000000000000   0.96698097333171
    -45.000000000000   0.96693971710987
    -44.000000000000   0.96689937741739
    -43.000000000000   0.96685995357864
    -42.000000000000   0.96682144493575
    -41.000000000000   0.96678385084847
    -40.000000000000   0.96674717069390
    -39.000000000000   0.96671140386642
    -38.000000000000   0.96667654977743
    -37.000000000000   0.96664260785520
    -36.000000000000   0.96660957754476
    -35.000000000000   0.96657745830768
    -34.000000000000   0.96654624962196
    -33.000000000000   0.96651595098184
    -32.000000000000   0.96648656189773
    -31.000000000000   0.96645808189602
    -30.000000000000   0.96643051051894
    -29.000000000000   0.96640384732449
    -28.000000000000   0.96637809188628
    -27.000000000000   0.96635324379340
    -26.000000000000   0.96632930265034
    -25.000000000000   0.96630626807688
    -24.000000000000   0.96628413970798
    -23.000000000000   0.96626291719368
    -22.000000000000   0.96624260019898
    -21.000000000000   0.96622318840381
    -20.000000000000   0.96620468150290
    -19.000000000000   0.96618707920572
    -18.000000000000   0.96617038123636
    -17.000000000000   0.96615458733353
    -16.000000000000   0.96613969725045
    -15.000000000000   0.96612571075474
    -14.000000000000   0.96611262762845
    -13.000000000000   0.96610044766795
    -12.000000000000   0.96608917068387
    -11.000000000000   0.96607879650107
   -10.0000000000000   0.96606932495858
    -9.0000000000000   0.96606075590960
    -8.0000000000000   0.96605308922140
    -7.0000000000000   0.96604632477530
    -6.0000000000000   0.96604046246667
    -5.0000000000000   0.96603550220492
    -4.0000000000000   0.96603144391338
    -3.0000000000000   0.96602828752937
    -2.0000000000000   0.96602603300416
    -1.0000000000000   0.96602468030295
   0.   0.96602422940488
     1.0000000000000   0.96602468030295
     2.0000000000000   0.96602603300416
     3.0000000000000   0.96602828752937
     4.0000000000000   0.96603144391338
     5.0000000000000   0.96603550220492
     6.0000000000000   0.96604046246667
     7.0000000000000   0.96604632477530
     8.0000000000000   0.96605308922140
     9.0000000000000   0.96606075590960
    10.0000000000000   0.96606932495858
     11.000000000000   0.96607879650107
     12.000000000000   0.96608917068387
     13.000000000000   0.96610044766795
     14.000000000000   0.96611262762845
     15.000000000000   0.96612571075474
     16.000000000000   0.96613969725045
     17.000000000000   0.96615458733353
     18.000000000000   0.96617038123636
     19.000000000000   0.96618707920572
     20.000000000000   0.96620468150290
     21.000000000000   0.96622318840381
     22.000000000000   0.96624260019898
     23.000000000000   0.96626291719368
     24.000000000000   0.96628413970798
     25.000000000000   0.96630626807688
     26.000000000000   0.96632930265034
     27.000000000000   0.96635324379340
     28.000000000000   0.96637809188628
     29.000000000000   0.96640384732449
     30.000000000000   0.96643051051895
     31.000000000000   0.96645808189602
     32.000000000000   0.96648656189773
     33.000000000000   0.96651595098184
     34.000000000000   0.96654624962196
     35.000000000000   0.96657745830768
     36.000000000000   0.96660957754476
     37.000000000000   0.96664260785520
     38.000000000000   0.96667654977743
     39.000000000000   0.96671140386642
     40.000000000000   0.96674717069390
     41.000000000000   0.96678385084847
     42.000000000000   0.96682144493575
     43.000000000000   0.96685995357864
     44.000000000000   0.96689937741739
     45.000000000000   0.96693971710987
     46.000000000000   0.96698097333171
     47.000000000000   0.96702314677652
     48.000000000000   0.96706623815608
     49.000000000000   0.96711024820057
     50.000000000000   0.96715517765874
     51.000000000000   0.96720102729820
     52.000000000000   0.96724779790558
     53.000000000000   0.96729549028682
     54.000000000000   0.96734410526739
     55.000000000000   0.96739364369254
     56.000000000000   0.96744410642756
     57.000000000000   0.96749549435804
     58.000000000000   0.96754780839018
     59.000000000000   0.96760104945103
     60.000000000000   0.96765521848879
     61.000000000000   0.96771031647313
     62.000000000000   0.96776634439547
     63.000000000000   0.96782330326934
     64.000000000000   0.96788119413066
     65.000000000000   0.96794001803810
     66.000000000000   0.96799977607343
     67.000000000000   0.96806046934187
     68.000000000000   0.96812209897247
     69.000000000000   0.96818466611845
     70.000000000000   0.96824817195765
     71.000000000000   0.96831261769289
     72.000000000000   0.96837800455237
     73.000000000000   0.96844433379015
     74.000000000000   0.96851160668653
     75.000000000000   0.96857982454854
     76.000000000000   0.96864898871038
     77.000000000000   0.96871910053392
     78.000000000000   0.96879016140917
     79.000000000000   0.96886217275481
     80.000000000000   0.96893513601867
     81.000000000000   0.96900905267832
     82.000000000000   0.96908392424161
     83.000000000000   0.96915975224721
     84.000000000000   0.96923653826522
     85.000000000000   0.96931428389779
     86.000000000000   0.96939299077971
     87.000000000000   0.96947266057910
     88.000000000000   0.96955329499803
     89.000000000000   0.96963489577320
     90.000000000000   0.96971746467670
     91.000000000000   0.96980100351668
     92.000000000000   0.96988551413813
     93.000000000000   0.96997099842365
     94.000000000000   0.97005745829421
     95.000000000000   0.97014489571005
     96.000000000000   0.97023331267145
     97.000000000000   0.97032271121966
     98.000000000000   0.97041309343777
     99.000000000000   0.97050446145168
    100.000000000000   0.97059681743102
    101.000000000000   0.97069016359019
    102.000000000000   0.97078450218935
    103.000000000000   0.97087983553553
    104.000000000000   0.97097616598366
    105.000000000000   0.97107349593779
     106.00000000000   0.97117182785219
     107.00000000000   0.97127116423261
     108.00000000000   0.97137150763750
     109.00000000000   0.97147286067937
     110.00000000000   0.97157522602604
     111.00000000000   0.97167860640211
     112.00000000000   0.97178300459038
     113.00000000000   0.97188842343333
     114.00000000000   0.97199486583464
     115.00000000000   0.97210233476085
     116.00000000000   0.97221083324298
     117.00000000000   0.97232036437823
     118.00000000000   0.97243093133180
     119.00000000000   0.97254253733871
     120.00000000000   0.97265518570575
     121.00000000000   0.97276887981341
     122.00000000000   0.97288362311800
     123.00000000000   0.97299941915375
     124.00000000000   0.97311627153507
     125.00000000000   0.97323418395884
     126.00000000000   0.97335316020681
     127.00000000000   0.97347320414811
     128.00000000000   0.97359431974184
     129.00000000000   0.97371651103977
     130.00000000000   0.97383978218913
     131.00000000000   0.97396413743559
     132.00000000000   0.97408958112623
     133.00000000000   0.97421611771280
     134.00000000000   0.97434375175493
     135.00000000000   0.97447248792366
     136.00000000000   0.97460233100498
     137.00000000000   0.97473328590362
     138.00000000000   0.97486535764692
     139.00000000000   0.97499855138895
     140.00000000000   0.97513287241475
     141.00000000000   0.97526832614482
     142.00000000000   0.97540491813976
     143.00000000000   0.97554265410516
     144.00000000000   0.97568153989669
     145.00000000000   0.97582158152544
     146.00000000000   0.97596278516351
     147.00000000000   0.97610515714992
     148.00000000000   0.97624870399668
     149.00000000000   0.97639343239528
     150.00000000000   0.97653934922346
     151.00000000000   0.97668646155230
     152.00000000000   0.97683477665367
     153.00000000000   0.97698430200811
     154.00000000000   0.97713504531303
     155.00000000000   0.97728701449145
     156.00000000000   0.97744021770110
     157.00000000000   0.97759466334409
     158.00000000000   0.97775036007701
     159.00000000000   0.97790731682173
     160.00000000000   0.97806554277662
     161.00000000000   0.97822504742859
     162.00000000000   0.97838584056566
     163.00000000000   0.97854793229037
     164.00000000000   0.97871133303389
     165.00000000000   0.97887605357104
     166.00000000000   0.97904210503620
     167.00000000000   0.97920949894016
     168.00000000000   0.97937824718801
     169.00000000000   0.97954836209825
     170.00000000000   0.97971985642299
     171.00000000000   0.97989274336955
     172.00000000000   0.98006703662344
     173.00000000000   0.98024275037291
     174.00000000000   0.98041989933511
     175.00000000000   0.98059849878409
     176.00000000000   0.98077856458077
     177.00000000000   0.98096011320503
     178.00000000000   0.98114316179010
     179.00000000000   0.98132772815951
     180.00000000000   0.98151383086681
     181.00000000000   0.98170148923829
     182.00000000000   0.98189072341902
     183.00000000000   0.98208155442257
     184.00000000000   0.98227400418466
     185.00000000000   0.98246809562128
     186.00000000000   0.98266385269159
     187.00000000000   0.98286130046628
     188.00000000000   0.98306046520181
     189.00000000000   0.98326137442127
     190.00000000000   0.98346405700254
     191.00000000000   0.98366854327473
     192.00000000000   0.98387486512361
     193.00000000000   0.98408305610738
     194.00000000000   0.98429315158389
     195.00000000000   0.98450518885080
     196.00000000000   0.98471920730029
     197.00000000000   0.98493524859042
     198.00000000000   0.98515335683511
     199.00000000000   0.98537357881569
     200.00000000000   0.98559596421682
     201.00000000000   0.98582056589059
     202.00000000000   0.98604744015296
     203.00000000000   0.98627664711778
     204.00000000000   0.98650825107442
     205.00000000000   0.98674232091632
     206.00000000000   0.98697893062951
     207.00000000000   0.98721815985188
     208.00000000000   0.98746009451659
     209.00000000000   0.98770482759619
     210.00000000000   0.98795245996836
     211.00000000000   0.98820310142945
     212.00000000000   0.98845687188969
     213.00000000000   0.98871390279407
     214.00000000000   0.98897433882722
     215.00000000000   0.98923833998110
     216.00000000000   0.98950608409444
     217.00000000000   0.98977777001756
     218.00000000000   0.99005362162230
     219.00000000000   0.99033389297360
     220.00000000000   0.99061887511167
     221.00000000000   0.99090890505864
     222.00000000000   0.99120437782486
     223.00000000000   0.99150576225362
     224.00000000000   0.99181362131388
     225.00000000000   0.99212863660402
     226.00000000000   0.99245163492719
     227.00000000000   0.99278361140716
     228.00000000000   0.99312573857926
     229.00000000000   0.99347934476205
     230.00000000000   0.99384583949502
     231.00000000000   0.99422656195517
     232.00000000000   0.99462253396245
     233.00000000000   0.99503411585484
     234.00000000000   0.99546059184970
     235.00000000000   0.99589974726357
     236.00000000000   0.99634753307133
     237.00000000000   0.99679792964956
     238.00000000000   0.99724310790474
     239.00000000000   0.99767393650983
     240.00000000000   0.99808080561413
     241.00000000000   0.99845465059600
     242.00000000000   0.99878799243662
     243.00000000000   0.99907578950060
     244.00000000000   0.99931593037585
     245.00000000000   0.99950928045885
     246.00000000000   0.99965930020472
     247.00000000000   0.99977134711995
     248.00000000000   0.99985182918935
     249.00000000000   0.99990738271523
     250.00000000000   0.99994420889466
     251.00000000000   0.99996764027198
     252.00000000000   0.99998194353605
     253.00000000000   0.99999031687893
     254.00000000000   0.99999501629710
     255.00000000000   0.99999754411980
     256.00000000000   0.99999884698496
     257.00000000000   0.99999949027988
     258.00000000000   0.99999979450715
     259.00000000000   0.99999993228940
     260.00000000000   0.99999999203886
     261.00000000000    1.0000000168454
     262.00000000000    1.0000000267046
     263.00000000000    1.0000000304553
     264.00000000000    1.0000000318210
     265.00000000000    1.0000000322969
     266.00000000000    1.0000000324556
     267.00000000000    1.0000000325063
     268.00000000000    1.0000000325218
     269.00000000000    1.0000000325263
     270.00000000000    1.0000000325275
     271.00000000000    1.0000000325279
     272.00000000000    1.0000000325280
     273.00000000000    1.0000000325280
     274.00000000000    1.0000000325280
     275.00000000000    1.0000000325280
     276.00000000000    1.0000000325280
     277.00000000000    1.0000000325280
     278.00000000000    1.0000000325280
     279.00000000000    1.0000000325280
     280.00000000000    1.0000000325280
     281.00000000000    1.0000000325280
     282.00000000000    1.0000000325280
     283.00000000000    1.0000000325280
     284.00000000000    1.0000000325280
     285.00000000000    1.0000000325280
     286.00000000000    1.0000000325280
     287.00000000000    1.0000000325280
     288.00000000000    1.0000000325280
     289.00000000000    1.0000000325280
     290.00000000000    1.0000000325280
     291.00000000000    1.0000000325280
     292.00000000000    1.0000000325280
     293.00000000000    1.0000000325280
     294.00000000000    1.0000000325280
     295.00000000000    1.0000000325280
     296.00000000000    1.0000000325280
     297.00000000000    1.0000000325280
     298.00000000000    1.0000000325280
     299.00000000000    1.0000000325280
     300.00000000000    1.0000000325280
     301.00000000000    1.0000000325280
     302.00000000000    1.0000000325280
     303.00000000000    1.0000000325280
     304.00000000000    1.0000000325280
     305.00000000000    1.0000000325280
     306.00000000000    1.0000000325280
     307.00000000000    1.0000000325280
     308.00000000000    1.0000000325280
     309.00000000000    1.0000000325280
     310.00000000000    1.0000000325280
     311.00000000000    1.0000000325280
     312.00000000000    1.0000000325280
     313.00000000000    1.0000000325280
     314.00000000000    1.0000000325280
     315.00000000000    1.0000000325280
     316.00000000000    1.0000000325280
     317.00000000000    1.0000000325280
     318.00000000000    1.0000000325280
     319.00000000000    1.0000000325280
     320.00000000000    1.0000000325280
     321.00000000000    1.0000000325280
     322.00000000000    1.0000000325280
     323.00000000000    1.0000000325280
     324.00000000000    1.0000000325280
     325.00000000000    1.0000000325280
     326.00000000000    1.0000000325280
     327.00000000000    1.0000000325280
     328.00000000000    1.0000000325280
     329.00000000000    1.0000000325280
     330.00000000000    1.0000000325280
     331.00000000000    1.0000000325280
     332.00000000000    1.0000000325280
     333.00000000000    1.0000000325280
     334.00000000000    1.0000000325280
     335.00000000000    1.0000000325280
     336.00000000000    1.0000000325280
     337.00000000000    1.0000000325280
     338.00000000000    1.0000000325280
     339.00000000000    1.0000000325280
     340.00000000000    1.0000000325280
     341.00000000000    1.0000000325280
     342.00000000000    1.0000000325280
     343.00000000000    1.0000000325280
     344.00000000000    1.0000000325280
     345.00000000000    1.0000000325280
     346.00000000000    1.0000000325280
     347.00000000000    1.0000000325280
     348.00000000000    1.0000000325280
     349.00000000000    1.0000000325280
     350.00000000000    1.0000000325280
     351.00000000000    1.0000000325280
     352.00000000000    1.0000000325280
     353.00000000000    1.0000000325280
     354.00000000000    1.0000000325280
     355.00000000000    1.0000000325280
     356.00000000000    1.0000000325280
     357.00000000000    1.0000000325280
     358.00000000000    1.0000000325280
     359.00000000000    1.0000000325280
     360.00000000000    1.0000000325280
     361.00000000000    1.0000000325280
     362.00000000000    1.0000000325280
     363.00000000000    1.0000000325280
     364.00000000000    1.0000000325280
     365.00000000000    1.0000000325280
     366.00000000000    1.0000000325280
     367.00000000000    1.0000000325280
     368.00000000000    1.0000000325280
     369.00000000000    1.0000000325280
     370.00000000000    1.0000000325280
     371.00000000000    1.0000000325280
     372.00000000000    1.0000000325280
     373.00000000000    1.0000000325280
     374.00000000000    1.0000000325280
     375.00000000000    1.0000000325280
     376.00000000000    1.0000000325280
     377.00000000000    1.0000000325280
     378.00000000000    1.0000000325280
     379.00000000000    1.0000000325280
     380.00000000000    1.0000000325280
     381.00000000000    1.0000000325280
     382.00000000000    1.0000000325280
     383.00000000000    1.0000000325280
     384.00000000000    1.0000000325280
     385.00000000000    1.0000000325280
     386.00000000000    1.0000000325280
     387.00000000000    1.0000000325280
     388.00000000000    1.0000000325280
     389.00000000000    1.0000000325280
     390.00000000000    1.0000000325280
     391.00000000000    1.0000000325280
     392.00000000000    1.0000000325280
     393.00000000000    1.0000000325280
     394.00000000000    1.0000000325280
     395.00000000000    1.0000000325280
     396.00000000000    1.0000000325280
     397.00000000000    1.0000000325280
     398.00000000000    1.0000000325280
     399.00000000000    1.0000000325280
     400.00000000000    1.0000000325280
     401.00000000000    1.0000000325280
     402.00000000000    1.0000000325280
     403.00000000000    1.0000000325280
     404.00000000000    1.0000000325280
     405.00000000000    1.0000000325280
     406.00000000000    1.0000000325280
     407.00000000000    1.0000000325280
     408.00000000000    1.0000000325280
     409.00000000000    1.0000000325280
     410.00000000000    1.0000000325280
     411.00000000000    1.0000000325280
     412.00000000000    1.0000000325280
     413.00000000000    1.0000000325280
     414.00000000000    1.0000000325280
     415.00000000000    1.0000000325280
     416.00000000000    1.0000000325280
     417.00000000000    1.0000000325280
     418.00000000000    1.0000000325280
     419.00000000000    1.0000000325280
     420.00000000000    1.0000000325280
     421.00000000000    1.0000000325280
     422.00000000000    1.0000000325280
     423.00000000000    1.0000000325280
     424.00000000000    1.0000000325280
     425.00000000000    1.0000000325280
     426.00000000000    1.0000000325280
     427.00000000000    1.0000000325280
     428.00000000000    1.0000000325280
     429.00000000000    1.0000000325280
     430.00000000000    1.0000000325280
     431.00000000000    1.0000000325280
     432.00000000000    1.0000000325280
     433.00000000000    1.0000000325280
     434.00000000000    1.0000000325280
     435.00000000000    1.0000000325280
     436.00000000000    1.0000000325280
     437.00000000000    1.0000000325280
     438.00000000000    1.0000000325280
     439.00000000000    1.0000000325280
     440.00000000000    1.0000000325280
     441.00000000000    1.0000000325280
     442.00000000000    1.0000000325280
     443.00000000000    1.0000000325280
     444.00000000000    1.0000000325280
     445.00000000000    1.0000000325280
     446.00000000000    1.0000000325280
     447.00000000000    1.0000000325280
     448.00000000000    1.0000000325280
     449.00000000000    1.0000000325280
     450.00000000000    1.0000000325280
     451.00000000000    1.0000000325280
     452.00000000000    1.0000000325280
     453.00000000000    1.0000000325280
     454.00000000000    1.0000000325280
     455.00000000000    1.0000000325280
     456.00000000000    1.0000000325280
     457.00000000000    1.0000000325280
     458.00000000000    1.0000000325280
     459.00000000000    1.0000000325280
     460.00000000000    1.0000000325280
     461.00000000000    1.0000000325280
     462.00000000000    1.0000000325280
     463.00000000000    1.0000000325280
     464.00000000000    1.0000000325280
     465.00000000000    1.0000000325280
     466.00000000000    1.0000000325280
     467.00000000000    1.0000000325280
     468.00000000000    1.0000000325280
     469.00000000000    1.0000000325280
     470.00000000000    1.0000000325280
     471.00000000000    1.0000000325280
     472.00000000000    1.0000000325280
     473.00000000000    1.0000000325280
     474.00000000000    1.0000000325280
     475.00000000000    1.0000000325280
     476.00000000000    1.0000000325280
     477.00000000000    1.0000000325280
     478.00000000000    1.0000000325280
     479.00000000000    1.0000000325280
     480.00000000000    1.0000000325280
     481.00000000000    1.0000000325280
     482.00000000000    1.0000000325280
     483.00000000000    1.0000000325280
     484.00000000000    1.0000000325280
     485.00000000000    1.0000000325280
     486.00000000000    1.0000000325280
     487.00000000000    1.0000000325280
     488.00000000000    1.0000000325280
     489.00000000000    1.0000000325280
     490.00000000000    1.0000000325280
     491.00000000000    1.0000000325280
     492.00000000000    1.0000000325280
     493.00000000000    1.0000000325280
     494.00000000000    1.0000000325280
     495.00000000000    1.0000000325280
     496.00000000000    1.0000000325280
     497.00000000000    1.0000000325280
     498.00000000000    1.0000000325280
     499.00000000000    1.0000000325280
     500.00000000000    1.0000000325280
