    -500.00000000000    1.0000000325280
    -499.00000000000    1.0000000325280
    -498.00000000000    1.0000000325280
    -497.00000000000    1.0000000325280
    -496.00000000000    1.0000000325280
    -495.00000000000    1.0000000325280
    -494.00000000000    1.0000000325280
    -493.00000000000    1.0000000325280
    -492.00000000000    1.0000000325280
    -491.00000000000    1.0000000325280
    -490.00000000000    1.0000000325280
    -489.00000000000    1.0000000325280
    -488.00000000000    1.0000000325280
    -487.00000000000    1.0000000325280
    -486.00000000000    1.0000000325280
    -485.00000000000    1.0000000325280
    -484.00000000000    1.0000000325280
    -483.00000000000    1.0000000325280
    -482.00000000000    1.0000000325280
    -481.00000000000    1.0000000325280
    -480.00000000000    1.0000000325280
    -479.00000000000    1.0000000325280
    -478.00000000000    1.0000000325280
    -477.00000000000    1.0000000325280
    -476.00000000000    1.0000000325280
    -475.00000000000    1.0000000325280
    -474.00000000000    1.0000000325280
    -473.00000000000    1.0000000325280
    -472.00000000000    1.0000000325280
    -471.00000000000    1.0000000325280
    -470.00000000000    1.0000000325280
    -469.00000000000    1.0000000325280
    -468.00000000000    1.0000000325280
    -467.00000000000    1.0000000325280
    -466.00000000000    1.0000000325280
    -465.00000000000    1.0000000325280
    -464.00000000000    1.0000000325280
    -463.00000000000    1.0000000325280
    -462.00000000000    1.0000000325280
    -461.00000000000    1.0000000325280
    -460.00000000000    1.0000000325280
    -459.00000000000    1.0000000325280
    -458.00000000000    1.0000000325280
    -457.00000000000    1.0000000325280
    -456.00000000000    1.0000000325280
    -455.00000000000    1.0000000325280
    -454.00000000000    1.0000000325280
    -453.00000000000    1.0000000325280
    -452.00000000000    1.0000000325280
    -451.00000000000    1.0000000325280
    -450.00000000000    1.0000000325280
    -449.00000000000    1.0000000325280
    -448.00000000000    1.0000000325280
    -447.00000000000    1.0000000325280
    -446.00000000000    1.0000000325280
    -445.00000000000    1.0000000325280
    -444.00000000000    1.0000000325280
    -443.00000000000    1.0000000325280
    -442.00000000000    1.0000000325280
    -441.00000000000    1.0000000325280
    -440.00000000000    1.0000000325280
    -439.00000000000    1.0000000325280
    -438.00000000000    1.0000000325280
    -437.00000000000    1.0000000325280
    -436.00000000000    1.0000000325280
    -435.00000000000    1.0000000325280
    -434.00000000000    1.0000000325280
    -433.00000000000    1.0000000325280
    -432.00000000000    1.0000000325280
    -431.00000000000    1.0000000325280
    -430.00000000000    1.0000000325280
    -429.00000000000    1.0000000325280
    -428.00000000000    1.0000000325280
    -427.00000000000    1.0000000325280
    -426.00000000000    1.0000000325280
    -425.00000000000    1.0000000325280
    -424.00000000000    1.0000000325280
    -423.00000000000    1.0000000325280
    -422.00000000000    1.0000000325280
    -421.00000000000    1.0000000325280
    -420.00000000000    1.0000000325280
    -419.00000000000    1.0000000325280
    -418.00000000000    1.0000000325280
    -417.00000000000    1.0000000325280
    -416.00000000000    1.0000000325280
    -415.00000000000    1.0000000325280
    -414.00000000000    1.0000000325280
    -413.00000000000    1.0000000325280
    -412.00000000000    1.0000000325280
    -411.00000000000    1.0000000325280
    -410.00000000000    1.0000000325280
    -409.00000000000    1.0000000325280
    -408.00000000000    1.0000000325280
    -407.00000000000    1.0000000325280
    -406.00000000000    1.0000000325280
    -405.00000000000    1.0000000325280
    -404.00000000000    1.0000000325280
    -403.00000000000    1.0000000325280
    -402.00000000000    1.0000000325280
    -401.00000000000    1.0000000325280
    -400.00000000000    1.0000000325280
    -399.00000000000    1.0000000325280
    -398.00000000000    1.0000000325280
    -397.00000000000    1.0000000325280
    -396.00000000000    1.0000000325280
    -395.00000000000    1.0000000325280
    -394.00000000000    1.0000000325280
    -393.00000000000    1.0000000325280
    -392.00000000000    1.0000000325280
    -391.00000000000    1.0000000325280
    -390.00000000000    1.0000000325280
    -389.00000000000    1.0000000325280
    -388.00000000000    1.0000000325280
    -387.00000000000    1.0000000325280
    -386.00000000000    1.0000000325280
    -385.00000000000    1.0000000325280
    -384.00000000000    1.0000000325280
    -383.00000000000    1.0000000325280
    -382.00000000000    1.0000000325280
    -381.00000000000    1.0000000325280
    -380.00000000000    1.0000000325280
    -379.00000000000    1.0000000325280
    -378.00000000000    1.0000000325280
    -377.00000000000    1.0000000325280
    -376.00000000000    1.0000000325280
    -375.00000000000    1.0000000325280
    -374.00000000000    1.0000000325280
    -373.00000000000    1.0000000325280
    -372.00000000000    1.0000000325280
    -371.00000000000    1.0000000325280
    -370.00000000000    1.0000000325280
    -369.00000000000    1.0000000325280
    -368.00000000000    1.0000000325280
    -367.00000000000    1.0000000325280
    -366.00000000000    1.0000000325280
    -365.00000000000    1.0000000325280
    -364.00000000000    1.0000000325280
    -363.00000000000    1.0000000325280
    -362.00000000000    1.0000000325280
    -361.00000000000    1.0000000325280
    -360.00000000000    1.0000000325280
    -359.00000000000    1.0000000325280
    -358.00000000000    1.0000000325280
    -357.00000000000    1.0000000325280
    -356.00000000000    1.0000000325280
    -355.00000000000    1.0000000325280
    -354.00000000000    1.0000000325280
    -353.00000000000    1.0000000325280
    -352.00000000000    1.0000000325280
    -351.00000000000    1.0000000325280
    -350.00000000000    1.0000000325280
    -349.00000000000    1.0000000325280
    -348.00000000000    1.0000000325280
    -347.00000000000    1.0000000325280
    -346.00000000000    1.0000000325280
    -345.00000000000    1.0000000325280
    -344.00000000000    1.0000000325280
    -343.00000000000    1.0000000325280
    -342.00000000000    1.0000000325280
    -341.00000000000    1.0000000325280
    -340.00000000000    1.0000000325280
    -339.00000000000    1.0000000325280
    -338.00000000000    1.0000000325280
    -337.00000000000    1.0000000325280
    -336.00000000000    1.0000000325280
    -335.00000000000    1.0000000325280
    -334.00000000000    1.0000000325280
    -333.00000000000    1.0000000325280
    -332.00000000000    1.0000000325280
    -331.00000000000    1.0000000325280
    -330.00000000000    1.0000000325280
    -329.00000000000    1.0000000325280
    -328.00000000000    1.0000000325280
    -327.00000000000    1.0000000325280
    -326.00000000000    1.0000000325280
    -325.00000000000    1.0000000325280
    -324.00000000000    1.0000000325280
    -323.00000000000    1.0000000325280
    -322.00000000000    1.0000000325280
    -321.00000000000    1.0000000325280
    -320.00000000000    1.0000000325280
    -319.00000000000    1.0000000325280
    -318.00000000000    1.0000000325280
    -317.00000000000    1.0000000325280
    -316.00000000000    1.0000000325280
    -315.00000000000    1.0000000325280
    -314.00000000000    1.0000000325280
    -313.00000000000    1.0000000325280
    -312.00000000000    1.0000000325280
    -311.00000000000    1.0000000325280
    -310.00000000000    1.0000000325280
    -309.00000000000    1.0000000325280
    -308.00000000000    1.0000000325280
    -307.00000000000    1.0000000325280
    -306.00000000000    1.0000000325280
    -305.00000000000    1.0000000325280
    -304.00000000000    1.0000000325280
    -303.00000000000    1.0000000325280
    -302.00000000000    1.0000000325280
    -301.00000000000    1.0000000325280
    -300.00000000000    1.0000000325280
    -299.00000000000    1.0000000325280
    -298.00000000000    1.0000000325280
    -297.00000000000    1.0000000325280
    -296.00000000000    1.0000000325280
    -295.00000000000    1.0000000325280
    -294.00000000000    1.0000000325280
    -293.00000000000    1.0000000325280
    -292.00000000000    1.0000000325280
    -291.00000000000    1.0000000325280
    -290.00000000000    1.0000000325280
    -289.00000000000    1.0000000325280
    -288.00000000000    1.0000000325280
    -287.00000000000    1.0000000325280
    -286.00000000000    1.0000000325280
    -285.00000000000    1.0000000325280
    -284.00000000000    1.0000000325280
    -283.00000000000    1.0000000325280
    -282.00000000000    1.0000000325280
    -281.00000000000    1.0000000325280
    -280.00000000000    1.0000000325280
    -279.00000000000    1.0000000325280
    -278.00000000000    1.0000000325280
    -277.00000000000    1.0000000325280
    -276.00000000000    1.0000000325280
    -275.00000000000    1.0000000325280
    -274.00000000000    1.0000000325280
    -273.00000000000    1.0000000325280
    -272.00000000000    1.0000000325280
    -271.00000000000    1.0000000325280
    -270.00000000000    1.0000000325280
    -269.00000000000    1.0000000325280
    -268.00000000000    1.0000000325280
    -267.00000000000    1.0000000325280
    -266.00000000000    1.0000000325280
    -265.00000000000    1.0000000325280
    -264.00000000000    1.0000000325280
    -263.00000000000    1.0000000325280
    -262.00000000000    1.0000000325280
    -261.00000000000    1.0000000325280
    -260.00000000000    1.0000000325280
    -259.00000000000    1.0000000325280
    -258.00000000000    1.0000000325280
    -257.00000000000    1.0000000325280
    -256.00000000000    1.0000000325280
    -255.00000000000    1.0000000325280
    -254.00000000000    1.0000000325280
    -253.00000000000    1.0000000325280
    -252.00000000000    1.0000000325280
    -251.00000000000    1.0000000325280
    -250.00000000000    1.0000000325280
    -249.00000000000    1.0000000325280
    -248.00000000000    1.0000000325280
    -247.00000000000    1.0000000325280
    -246.00000000000    1.0000000325280
    -245.00000000000    1.0000000325280
    -244.00000000000    1.0000000325280
    -243.00000000000    1.0000000325280
    -242.00000000000    1.0000000325280
    -241.00000000000    1.0000000325280
    -240.00000000000    1.0000000325280
    -239.00000000000    1.0000000325280
    -238.00000000000    1.0000000325280
    -237.00000000000    1.0000000325280
    -236.00000000000    1.0000000325280
    -235.00000000000    1.0000000325280
    -234.00000000000    1.0000000325280
    -233.00000000000    1.0000000325280
    -232.00000000000    1.0000000325280
    -231.00000000000    1.0000000325280
    -230.00000000000    1.0000000325280
    -229.00000000000    1.0000000325280
    -228.00000000000    1.0000000325280
    -227.00000000000    1.0000000325280
    -226.00000000000    1.0000000325280
    -225.00000000000    1.0000000325280
    -224.00000000000    1.0000000325280
    -223.00000000000    1.0000000325280
    -222.00000000000    1.0000000325280
    -221.00000000000    1.0000000325280
    -220.00000000000    1.0000000325280
    -219.00000000000    1.0000000325280
    -218.00000000000    1.0000000325280
    -217.00000000000    1.0000000325280
    -216.00000000000    1.0000000325280
    -215.00000000000    1.0000000325280
    -214.00000000000    1.0000000325280
    -213.00000000000    1.0000000325280
    -212.00000000000    1.0000000325280
    -211.00000000000    1.0000000325280
    -210.00000000000    1.0000000325280
    -209.00000000000    1.0000000325280
    -208.00000000000    1.0000000325280
    -207.00000000000    1.0000000325280
    -206.00000000000    1.0000000325280
    -205.00000000000    1.0000000325280
    -204.00000000000    1.0000000325280
    -203.00000000000    1.0000000325280
    -202.00000000000    1.0000000325280
    -201.00000000000    1.0000000325280
    -200.00000000000    1.0000000325280
    -199.00000000000    1.0000000325280
    -198.00000000000    1.0000000325280
    -197.00000000000    1.0000000325280
    -196.00000000000    1.0000000325280
    -195.00000000000    1.0000000325280
    -194.00000000000    1.0000000325280
    -193.00000000000    1.0000000325280
    -192.00000000000    1.0000000325280
    -191.00000000000    1.0000000325280
    -190.00000000000    1.0000000325280
    -189.00000000000    1.0000000325280
    -188.00000000000    1.0000000325280
    -187.00000000000    1.0000000325279
    -186.00000000000    1.0000000325278
    -185.00000000000    1.0000000325271
    -184.00000000000    1.0000000325246
    -183.00000000000    1.0000000325158
    -182.00000000000    1.0000000324854
    -181.00000000000    1.0000000323859
    -180.00000000000    1.0000000320739
    -179.00000000000    1.0000000311381
    -178.00000000000    1.0000000284516
    -177.00000000000    1.0000000210704
    -176.00000000000    1.0000000016593
    -175.00000000000   0.99999995279676
    -174.00000000000   0.99999983504728
    -173.00000000000   0.99999956337503
    -172.00000000000   0.99999896318258
    -171.00000000000   0.99999769331727
    -170.00000000000   0.99999511985188
    -169.00000000000   0.99999012348145
    -168.00000000000   0.99998082823441
    -167.00000000000   0.99996425351105
    -166.00000000000   0.99993591759762
    -165.00000000000   0.99988945738103
    -164.00000000000   0.99981636853963
    -163.00000000000   0.99970599881262
    -162.00000000000   0.99954592585989
    -161.00000000000   0.99932280523375
    -160.00000000000   0.99902367935142
    -159.00000000000   0.99863761041199
    -158.00000000000   0.99815737397224
    -157.00000000000   0.99758087098004
    -156.00000000000   0.99691192333411
    -155.00000000000   0.99616022505005
    -154.00000000000   0.99534040561891
    -153.00000000000   0.99447037057798
    -152.00000000000   0.99356925097674
    -151.00000000000   0.99265536630802
    -150.00000000000   0.99174456660409
    -149.00000000000   0.99084919016535
    -148.00000000000   0.98997770314785
    -147.00000000000   0.98913493165549
    -146.00000000000   0.98832269697650
    -145.00000000000   0.98754063480073
    -144.00000000000   0.98678700902434
    -143.00000000000   0.98605939446864
    -142.00000000000   0.98535517282627
    -141.00000000000   0.98467184233805
    -140.00000000000   0.98400717535648
    -139.00000000000   0.98335927007383
    -138.00000000000   0.98272653975154
    -137.00000000000   0.98210767240728
    -136.00000000000   0.98150158209491
    -135.00000000000   0.98090736306596
    -134.00000000000   0.98032425138636
    -133.00000000000   0.97975159475811
    -132.00000000000   0.97918882954568
    -131.00000000000   0.97863546348807
    -130.00000000000   0.97809106265310
    -129.00000000000   0.97755524147597
    -128.00000000000   0.97702765502803
    -127.00000000000   0.97650799291134
    -126.00000000000   0.97599597435735
    -125.00000000000   0.97549134423467
    -124.00000000000   0.97499386975642
    -123.00000000000   0.97450333773530
    -122.00000000000   0.97401955227394
    -121.00000000000   0.97354233280587
    -120.00000000000   0.97307151242186
    -119.00000000000   0.97260693643084
    -118.00000000000   0.97214846111538
    -117.00000000000   0.97169595264976
    -116.00000000000   0.97124928615461
    -115.00000000000   0.97080834486735
    -114.00000000000   0.97037301941118
    -113.00000000000   0.96994320714831
    -112.00000000000   0.96951881160579
    -111.00000000000   0.96909974196391
    -110.00000000000   0.96868591259905
    -109.00000000000   0.96827724267384
    -108.00000000000   0.96787365576878
    -107.00000000000   0.96747507955014
    -106.00000000000   0.96708144546993
   -105.000000000000   0.96669268849407
   -104.000000000000   0.96630874685568
   -103.000000000000   0.96592956183049
   -102.000000000000   0.96555507753220
   -101.000000000000   0.96518524072546
   -100.000000000000   0.96482000065467
    -99.000000000000   0.96445930888709
    -98.000000000000   0.96410311916863
    -97.000000000000   0.96375138729129
    -96.000000000000   0.96340407097086
    -95.000000000000   0.96306112973418
    -94.000000000000   0.96272252481485
    -93.000000000000   0.96238821905675
    -92.000000000000   0.96205817682459
    -91.000000000000   0.96173236392092
    -90.000000000000   0.96141074750898
    -89.000000000000   0.96109329604095
    -88.000000000000   0.96077997919113
    -87.000000000000   0.96047076779360
    -86.000000000000   0.96016563378402
    -85.000000000000   0.95986455014529
    -84.000000000000   0.95956749085668
    -83.000000000000   0.95927443084616
    -82.000000000000   0.95898534594584
    -81.000000000000   0.95870021285001
    -80.000000000000   0.95841900907588
    -79.000000000000   0.95814171292659
    -78.000000000000   0.95786830345645
    -77.000000000000   0.95759876043824
    -76.000000000000   0.95733306433236
    -75.000000000000   0.95707119625779
    -74.000000000000   0.95681313796466
    -73.000000000000   0.95655887180834
    -72.000000000000   0.95630838072504
    -71.000000000000   0.95606164820860
    -70.000000000000   0.95581865828869
    -69.000000000000   0.95557939551004
    -68.000000000000   0.95534384491286
    -67.000000000000   0.95511199201422
    -66.000000000000   0.95488382279044
    -65.000000000000   0.95465932366034
    -64.000000000000   0.95443848146936
    -63.000000000000   0.95422128347448
    -62.000000000000   0.95400771732990
    -61.000000000000   0.95379777107337
    -60.000000000000   0.95359143311326
    -59.000000000000   0.95338869221620
    -58.000000000000   0.95318953749535
    -57.000000000000   0.95299395839924
    -56.000000000000   0.95280194470105
    -55.000000000000   0.95261348648851
    -54.000000000000   0.95242857415421
    -53.000000000000   0.95224719838634
    -52.000000000000   0.95206935015990
    -51.000000000000   0.95189502072830
    -50.000000000000   0.95172420161532
    -49.000000000000   0.95155688460745
    -48.000000000000   0.95139306174661
    -47.000000000000   0.95123272532310
    -46.000000000000   0.95107586786898
    -45.000000000000   0.95092248215164
    -44.000000000000   0.95077256116777
    -43.000000000000   0.95062609813747
    -42.000000000000   0.95048308649872
    -41.000000000000   0.95034351990203
    -40.000000000000   0.95020739220539
    -39.000000000000   0.95007469746936
    -38.000000000000   0.94994542995246
    -37.000000000000   0.94981958410671
    -36.000000000000   0.94969715457336
    -35.000000000000   0.94957813617889
    -34.000000000000   0.94946252393105
    -33.000000000000   0.94935031301525
    -32.000000000000   0.94924149879094
    -31.000000000000   0.94913607678827
    -30.000000000000   0.94903404270488
    -29.000000000000   0.94893539240280
    -28.000000000000   0.94884012190551
    -27.000000000000   0.94874822739519
    -26.000000000000   0.94865970521002
    -25.000000000000   0.94857455184165
    -24.000000000000   0.94849276393283
    -23.000000000000   0.94841433827507
    -22.000000000000   0.94833927180651
    -21.000000000000   0.94826756160985
    -20.000000000000   0.94819920491039
    -19.000000000000   0.94813419907420
    -18.000000000000   0.94807254160640
    -17.000000000000   0.94801423014947
    -16.000000000000   0.94795926248177
    -15.000000000000   0.94790763651607
    -14.000000000000   0.94785935029821
    -13.000000000000   0.94781440200583
    -12.000000000000   0.94777278994720
    -11.000000000000   0.94773451256016
   -10.0000000000000   0.94769956841113
    -9.0000000000000   0.94766795619416
    -8.0000000000000   0.94763967473015
    -7.0000000000000   0.94761472296610
    -6.0000000000000   0.94759309997441
    -5.0000000000000   0.94757480495234
    -4.0000000000000   0.94755983722152
    -3.0000000000000   0.94754819622745
    -2.0000000000000   0.94753988153924
    -1.0000000000000   0.94753489284930
   0.   0.94753322997315
     1.0000000000000   0.94753489284930
     2.0000000000000   0.94753988153924
     3.0000000000000   0.94754819622745
     4.0000000000000   0.94755983722152
     5.0000000000000   0.94757480495235
     6.0000000000000   0.94759309997441
     7.0000000000000   0.94761472296610
     8.0000000000000   0.94763967473015
     9.0000000000000   0.94766795619416
    10.0000000000000   0.94769956841113
     11.000000000000   0.94773451256016
     12.000000000000   0.94777278994720
     13.000000000000   0.94781440200583
     14.000000000000   0.94785935029821
     15.000000000000   0.94790763651607
     16.000000000000   0.94795926248177
     17.000000000000   0.94801423014947
     18.000000000000   0.94807254160640
     19.000000000000   0.94813419907420
     20.000000000000   0.94819920491039
     21.000000000000   0.94826756160985
     22.000000000000   0.94833927180651
     23.000000000000   0.94841433827507
     24.000000000000   0.94849276393283
     25.000000000000   0.94857455184165
     26.000000000000   0.94865970521002
     27.000000000000   0.94874822739519
     28.000000000000   0.94884012190551
     29.000000000000   0.94893539240280
     30.000000000000   0.94903404270488
     31.000000000000   0.94913607678827
     32.000000000000   0.94924149879094
     33.000000000000   0.94935031301525
     34.000000000000   0.94946252393105
     35.000000000000   0.94957813617889
     36.000000000000   0.94969715457336
     37.000000000000   0.94981958410671
     38.000000000000   0.94994542995246
     39.000000000000   0.95007469746936
     40.000000000000   0.95020739220539
     41.000000000000   0.95034351990203
     42.000000000000   0.95048308649872
     43.000000000000   0.95062609813747
     44.000000000000   0.95077256116777
     45.000000000000   0.95092248215164
     46.000000000000   0.95107586786898
     47.000000000000   0.95123272532310
     48.000000000000   0.95139306174661
     49.000000000000   0.95155688460745
     50.000000000000   0.95172420161532
     51.000000000000   0.95189502072830
     52.000000000000   0.95206935015990
     53.000000000000   0.95224719838634
     54.000000000000   0.95242857415421
     55.000000000000   0.95261348648851
     56.000000000000   0.95280194470105
     57.000000000000   0.95299395839924
     58.000000000000   0.95318953749535
     59.000000000000   0.95338869221620
     60.000000000000   0.95359143311326
     61.000000000000   0.95379777107337
     62.000000000000   0.95400771732990
     63.000000000000   0.95422128347448
     64.000000000000   0.95443848146936
     65.000000000000   0.95465932366034
     66.000000000000   0.95488382279044
     67.000000000000   0.95511199201422
     68.000000000000   0.95534384491286
     69.000000000000   0.95557939551004
     70.000000000000   0.95581865828869
     71.000000000000   0.95606164820860
     72.000000000000   0.95630838072504
     73.000000000000   0.95655887180834
     74.000000000000   0.95681313796466
     75.000000000000   0.95707119625779
     76.000000000000   0.95733306433236
     77.000000000000   0.95759876043824
     78.000000000000   0.95786830345645
     79.000000000000   0.95814171292659
     80.000000000000   0.95841900907588
     81.000000000000   0.95870021285001
     82.000000000000   0.95898534594584
     83.000000000000   0.95927443084616
     84.000000000000   0.95956749085668
     85.000000000000   0.95986455014529
     86.000000000000   0.96016563378402
     87.000000000000   0.96047076779360
     88.000000000000   0.96077997919113
     89.000000000000   0.96109329604095
     90.000000000000   0.96141074750898
     91.000000000000   0.96173236392092
     92.000000000000   0.96205817682459
     93.000000000000   0.96238821905675
     94.000000000000   0.96272252481485
     95.000000000000   0.96306112973418
     96.000000000000   0.96340407097086
     97.000000000000   0.96375138729129
     98.000000000000   0.96410311916863
     99.000000000000   0.96445930888708
    100.000000000000   0.96482000065467
    101.000000000000   0.96518524072546
    102.000000000000   0.96555507753220
    103.000000000000   0.96592956183049
    104.000000000000   0.96630874685568
    105.000000000000   0.96669268849407
     106.00000000000   0.96708144546993
     107.00000000000   0.96747507955014
     108.00000000000   0.96787365576878
     109.00000000000   0.96827724267384
     110.00000000000   0.96868591259905
     111.00000000000   0.96909974196391
     112.00000000000   0.96951881160579
     113.00000000000   0.96994320714831
     114.00000000000   0.97037301941118
     115.00000000000   0.97080834486735
     116.00000000000   0.97124928615461
     117.00000000000   0.97169595264976
     118.00000000000   0.97214846111538
     119.00000000000   0.97260693643084
     120.00000000000   0.97307151242186
     121.00000000000   0.97354233280587
     122.00000000000   0.97401955227394
     123.00000000000   0.97450333773530
     124.00000000000   0.97499386975642
     125.00000000000   0.97549134423467
     126.00000000000   0.97599597435735
     127.00000000000   0.97650799291134
     128.00000000000   0.97702765502803
     129.00000000000   0.97755524147597
     130.00000000000   0.97809106265310
     131.00000000000   0.97863546348807
     132.00000000000   0.97918882954568
     133.00000000000   0.97975159475811
     134.00000000000   0.98032425138636
     135.00000000000   0.98090736306596
     136.00000000000   0.98150158209491
     137.00000000000   0.98210767240728
     138.00000000000   0.98272653975154
     139.00000000000   0.98335927007383
     140.00000000000   0.98400717535648
     141.00000000000   0.98467184233805
     142.00000000000   0.98535517282627
     143.00000000000   0.98605939446864
     144.00000000000   0.98678700902434
     145.00000000000   0.98754063480073
     146.00000000000   0.98832269697650
     147.00000000000   0.98913493165549
     148.00000000000   0.98997770314785
     149.00000000000   0.99084919016535
     150.00000000000   0.99174456660409
     151.00000000000   0.99265536630802
     152.00000000000   0.99356925097674
     153.00000000000   0.99447037057798
     154.00000000000   0.99534040561891
     155.00000000000   0.99616022505005
     156.00000000000   0.99691192333411
     157.00000000000   0.99758087098004
     158.00000000000   0.99815737397224
     159.00000000000   0.99863761041199
     160.00000000000   0.99902367935142
     161.00000000000   0.99932280523375
     162.00000000000   0.99954592585989
     163.00000000000   0.99970599881262
     164.00000000000   0.99981636853963
     165.00000000000   0.99988945738103
     166.00000000000   0.99993591759762
     167.00000000000   0.99996425351104
     168.00000000000   0.99998082823441
     169.00000000000   0.99999012348145
     170.00000000000   0.99999511985188
     171.00000000000   0.99999769331727
     172.00000000000   0.99999896318258
     173.00000000000   0.99999956337503
     174.00000000000   0.99999983504728
     175.00000000000   0.99999995279676
     176.00000000000    1.0000000016593
     177.00000000000    1.0000000210704
     178.00000000000    1.0000000284516
     179.00000000000    1.0000000311381
     180.00000000000    1.0000000320739
     181.00000000000    1.0000000323859
     182.00000000000    1.0000000324854
     183.00000000000    1.0000000325158
     184.00000000000    1.0000000325246
     185.00000000000    1.0000000325271
     186.00000000000    1.0000000325278
     187.00000000000    1.0000000325279
     188.00000000000    1.0000000325280
     189.00000000000    1.0000000325280
     190.00000000000    1.0000000325280
     191.00000000000    1.0000000325280
     192.00000000000    1.0000000325280
     193.00000000000    1.0000000325280
     194.00000000000    1.0000000325280
     195.00000000000    1.0000000325280
     196.00000000000    1.0000000325280
     197.00000000000    1.0000000325280
     198.00000000000    1.0000000325280
     199.00000000000    1.0000000325280
     200.00000000000    1.0000000325280
     201.00000000000    1.0000000325280
     202.00000000000    1.0000000325280
     203.00000000000    1.0000000325280
     204.00000000000    1.0000000325280
     205.00000000000    1.0000000325280
     206.00000000000    1.0000000325280
     207.00000000000    1.0000000325280
     208.00000000000    1.0000000325280
     209.00000000000    1.0000000325280
     210.00000000000    1.0000000325280
     211.00000000000    1.0000000325280
     212.00000000000    1.0000000325280
     213.00000000000    1.0000000325280
     214.00000000000    1.0000000325280
     215.00000000000    1.0000000325280
     216.00000000000    1.0000000325280
     217.00000000000    1.0000000325280
     218.00000000000    1.0000000325280
     219.00000000000    1.0000000325280
     220.00000000000    1.0000000325280
     221.00000000000    1.0000000325280
     222.00000000000    1.0000000325280
     223.00000000000    1.0000000325280
     224.00000000000    1.0000000325280
     225.00000000000    1.0000000325280
     226.00000000000    1.0000000325280
     227.00000000000    1.0000000325280
     228.00000000000    1.0000000325280
     229.00000000000    1.0000000325280
     230.00000000000    1.0000000325280
     231.00000000000    1.0000000325280
     232.00000000000    1.0000000325280
     233.00000000000    1.0000000325280
     234.00000000000    1.0000000325280
     235.00000000000    1.0000000325280
     236.00000000000    1.0000000325280
     237.00000000000    1.0000000325280
     238.00000000000    1.0000000325280
     239.00000000000    1.0000000325280
     240.00000000000    1.0000000325280
     241.00000000000    1.0000000325280
     242.00000000000    1.0000000325280
     243.00000000000    1.0000000325280
     244.00000000000    1.0000000325280
     245.00000000000    1.0000000325280
     246.00000000000    1.0000000325280
     247.00000000000    1.0000000325280
     248.00000000000    1.0000000325280
     249.00000000000    1.0000000325280
     250.00000000000    1.0000000325280
     251.00000000000    1.0000000325280
     252.00000000000    1.0000000325280
     253.00000000000    1.0000000325280
     254.00000000000    1.0000000325280
     255.00000000000    1.0000000325280
     256.00000000000    1.0000000325280
     257.00000000000    1.0000000325280
     258.00000000000    1.0000000325280
     259.00000000000    1.0000000325280
     260.00000000000    1.0000000325280
     261.00000000000    1.0000000325280
     262.00000000000    1.0000000325280
     263.00000000000    1.0000000325280
     264.00000000000    1.0000000325280
     265.00000000000    1.0000000325280
     266.00000000000    1.0000000325280
     267.00000000000    1.0000000325280
     268.00000000000    1.0000000325280
     269.00000000000    1.0000000325280
     270.00000000000    1.0000000325280
     271.00000000000    1.0000000325280
     272.00000000000    1.0000000325280
     273.00000000000    1.0000000325280
     274.00000000000    1.0000000325280
     275.00000000000    1.0000000325280
     276.00000000000    1.0000000325280
     277.00000000000    1.0000000325280
     278.00000000000    1.0000000325280
     279.00000000000    1.0000000325280
     280.00000000000    1.0000000325280
     281.00000000000    1.0000000325280
     282.00000000000    1.0000000325280
     283.00000000000    1.0000000325280
     284.00000000000    1.0000000325280
     285.00000000000    1.0000000325280
     286.00000000000    1.0000000325280
     287.00000000000    1.0000000325280
     288.00000000000    1.0000000325280
     289.00000000000    1.0000000325280
     290.00000000000    1.0000000325280
     291.00000000000    1.0000000325280
     292.00000000000    1.0000000325280
     293.00000000000    1.0000000325280
     294.00000000000    1.0000000325280
     295.00000000000    1.0000000325280
     296.00000000000    1.0000000325280
     297.00000000000    1.0000000325280
     298.00000000000    1.0000000325280
     299.00000000000    1.0000000325280
     300.00000000000    1.0000000325280
     301.00000000000    1.0000000325280
     302.00000000000    1.0000000325280
     303.00000000000    1.0000000325280
     304.00000000000    1.0000000325280
     305.00000000000    1.0000000325280
     306.00000000000    1.0000000325280
     307.00000000000    1.0000000325280
     308.00000000000    1.0000000325280
     309.00000000000    1.0000000325280
     310.00000000000    1.0000000325280
     311.00000000000    1.0000000325280
     312.00000000000    1.0000000325280
     313.00000000000    1.0000000325280
     314.00000000000    1.0000000325280
     315.00000000000    1.0000000325280
     316.00000000000    1.0000000325280
     317.00000000000    1.0000000325280
     318.00000000000    1.0000000325280
     319.00000000000    1.0000000325280
     320.00000000000    1.0000000325280
     321.00000000000    1.0000000325280
     322.00000000000    1.0000000325280
     323.00000000000    1.0000000325280
     324.00000000000    1.0000000325280
     325.00000000000    1.0000000325280
     326.00000000000    1.0000000325280
     327.00000000000    1.0000000325280
     328.00000000000    1.0000000325280
     329.00000000000    1.0000000325280
     330.00000000000    1.0000000325280
     331.00000000000    1.0000000325280
     332.00000000000    1.0000000325280
     333.00000000000    1.0000000325280
     334.00000000000    1.0000000325280
     335.00000000000    1.0000000325280
     336.00000000000    1.0000000325280
     337.00000000000    1.0000000325280
     338.00000000000    1.0000000325280
     339.00000000000    1.0000000325280
     340.00000000000    1.0000000325280
     341.00000000000    1.0000000325280
     342.00000000000    1.0000000325280
     343.00000000000    1.0000000325280
     344.00000000000    1.0000000325280
     345.00000000000    1.0000000325280
     346.00000000000    1.0000000325280
     347.00000000000    1.0000000325280
     348.00000000000    1.0000000325280
     349.00000000000    1.0000000325280
     350.00000000000    1.0000000325280
     351.00000000000    1.0000000325280
     352.00000000000    1.0000000325280
     353.00000000000    1.0000000325280
     354.00000000000    1.0000000325280
     355.00000000000    1.0000000325280
     356.00000000000    1.0000000325280
     357.00000000000    1.0000000325280
     358.00000000000    1.0000000325280
     359.00000000000    1.0000000325280
     360.00000000000    1.0000000325280
     361.00000000000    1.0000000325280
     362.00000000000    1.0000000325280
     363.00000000000    1.0000000325280
     364.00000000000    1.0000000325280
     365.00000000000    1.0000000325280
     366.00000000000    1.0000000325280
     367.00000000000    1.0000000325280
     368.00000000000    1.0000000325280
     369.00000000000    1.0000000325280
     370.00000000000    1.0000000325280
     371.00000000000    1.0000000325280
     372.00000000000    1.0000000325280
     373.00000000000    1.0000000325280
     374.00000000000    1.0000000325280
     375.00000000000    1.0000000325280
     376.00000000000    1.0000000325280
     377.00000000000    1.0000000325280
     378.00000000000    1.0000000325280
     379.00000000000    1.0000000325280
     380.00000000000    1.0000000325280
     381.00000000000    1.0000000325280
     382.00000000000    1.0000000325280
     383.00000000000    1.0000000325280
     384.00000000000    1.0000000325280
     385.00000000000    1.0000000325280
     386.00000000000    1.0000000325280
     387.00000000000    1.0000000325280
     388.00000000000    1.0000000325280
     389.00000000000    1.0000000325280
     390.00000000000    1.0000000325280
     391.00000000000    1.0000000325280
     392.00000000000    1.0000000325280
     393.00000000000    1.0000000325280
     394.00000000000    1.0000000325280
     395.00000000000    1.0000000325280
     396.00000000000    1.0000000325280
     397.00000000000    1.0000000325280
     398.00000000000    1.0000000325280
     399.00000000000    1.0000000325280
     400.00000000000    1.0000000325280
     401.00000000000    1.0000000325280
     402.00000000000    1.0000000325280
     403.00000000000    1.0000000325280
     404.00000000000    1.0000000325280
     405.00000000000    1.0000000325280
     406.00000000000    1.0000000325280
     407.00000000000    1.0000000325280
     408.00000000000    1.0000000325280
     409.00000000000    1.0000000325280
     410.00000000000    1.0000000325280
     411.00000000000    1.0000000325280
     412.00000000000    1.0000000325280
     413.00000000000    1.0000000325280
     414.00000000000    1.0000000325280
     415.00000000000    1.0000000325280
     416.00000000000    1.0000000325280
     417.00000000000    1.0000000325280
     418.00000000000    1.0000000325280
     419.00000000000    1.0000000325280
     420.00000000000    1.0000000325280
     421.00000000000    1.0000000325280
     422.00000000000    1.0000000325280
     423.00000000000    1.0000000325280
     424.00000000000    1.0000000325280
     425.00000000000    1.0000000325280
     426.00000000000    1.0000000325280
     427.00000000000    1.0000000325280
     428.00000000000    1.0000000325280
     429.00000000000    1.0000000325280
     430.00000000000    1.0000000325280
     431.00000000000    1.0000000325280
     432.00000000000    1.0000000325280
     433.00000000000    1.0000000325280
     434.00000000000    1.0000000325280
     435.00000000000    1.0000000325280
     436.00000000000    1.0000000325280
     437.00000000000    1.0000000325280
     438.00000000000    1.0000000325280
     439.00000000000    1.0000000325280
     440.00000000000    1.0000000325280
     441.00000000000    1.0000000325280
     442.00000000000    1.0000000325280
     443.00000000000    1.0000000325280
     444.00000000000    1.0000000325280
     445.00000000000    1.0000000325280
     446.00000000000    1.0000000325280
     447.00000000000    1.0000000325280
     448.00000000000    1.0000000325280
     449.00000000000    1.0000000325280
     450.00000000000    1.0000000325280
     451.00000000000    1.0000000325280
     452.00000000000    1.0000000325280
     453.00000000000    1.0000000325280
     454.00000000000    1.0000000325280
     455.00000000000    1.0000000325280
     456.00000000000    1.0000000325280
     457.00000000000    1.0000000325280
     458.00000000000    1.0000000325280
     459.00000000000    1.0000000325280
     460.00000000000    1.0000000325280
     461.00000000000    1.0000000325280
     462.00000000000    1.0000000325280
     463.00000000000    1.0000000325280
     464.00000000000    1.0000000325280
     465.00000000000    1.0000000325280
     466.00000000000    1.0000000325280
     467.00000000000    1.0000000325280
     468.00000000000    1.0000000325280
     469.00000000000    1.0000000325280
     470.00000000000    1.0000000325280
     471.00000000000    1.0000000325280
     472.00000000000    1.0000000325280
     473.00000000000    1.0000000325280
     474.00000000000    1.0000000325280
     475.00000000000    1.0000000325280
     476.00000000000    1.0000000325280
     477.00000000000    1.0000000325280
     478.00000000000    1.0000000325280
     479.00000000000    1.0000000325280
     480.00000000000    1.0000000325280
     481.00000000000    1.0000000325280
     482.00000000000    1.0000000325280
     483.00000000000    1.0000000325280
     484.00000000000    1.0000000325280
     485.00000000000    1.0000000325280
     486.00000000000    1.0000000325280
     487.00000000000    1.0000000325280
     488.00000000000    1.0000000325280
     489.00000000000    1.0000000325280
     490.00000000000    1.0000000325280
     491.00000000000    1.0000000325280
     492.00000000000    1.0000000325280
     493.00000000000    1.0000000325280
     494.00000000000    1.0000000325280
     495.00000000000    1.0000000325280
     496.00000000000    1.0000000325280
     497.00000000000    1.0000000325280
     498.00000000000    1.0000000325280
     499.00000000000    1.0000000325280
     500.00000000000    1.0000000325280
