    -500.00000000000    1.0000000325280
    -499.00000000000    1.0000000325280
    -498.00000000000    1.0000000325280
    -497.00000000000    1.0000000325280
    -496.00000000000    1.0000000325280
    -495.00000000000    1.0000000325280
    -494.00000000000    1.0000000325280
    -493.00000000000    1.0000000325280
    -492.00000000000    1.0000000325280
    -491.00000000000    1.0000000325280
    -490.00000000000    1.0000000325280
    -489.00000000000    1.0000000325280
    -488.00000000000    1.0000000325280
    -487.00000000000    1.0000000325280
    -486.00000000000    1.0000000325280
    -485.00000000000    1.0000000325280
    -484.00000000000    1.0000000325280
    -483.00000000000    1.0000000325280
    -482.00000000000    1.0000000325280
    -481.00000000000    1.0000000325280
    -480.00000000000    1.0000000325280
    -479.00000000000    1.0000000325280
    -478.00000000000    1.0000000325280
    -477.00000000000    1.0000000325280
    -476.00000000000    1.0000000325280
    -475.00000000000    1.0000000325280
    -474.00000000000    1.0000000325280
    -473.00000000000    1.0000000325280
    -472.00000000000    1.0000000325280
    -471.00000000000    1.0000000325280
    -470.00000000000    1.0000000325280
    -469.00000000000    1.0000000325280
    -468.00000000000    1.0000000325280
    -467.00000000000    1.0000000325280
    -466.00000000000    1.0000000325280
    -465.00000000000    1.0000000325280
    -464.00000000000    1.0000000325280
    -463.00000000000    1.0000000325280
    -462.00000000000    1.0000000325280
    -461.00000000000    1.0000000325280
    -460.00000000000    1.0000000325280
    -459.00000000000    1.0000000325280
    -458.00000000000    1.0000000325280
    -457.00000000000    1.0000000325280
    -456.00000000000    1.0000000325280
    -455.00000000000    1.0000000325280
    -454.00000000000    1.0000000325280
    -453.00000000000    1.0000000325280
    -452.00000000000    1.0000000325280
    -451.00000000000    1.0000000325280
    -450.00000000000    1.0000000325280
    -449.00000000000    1.0000000325280
    -448.00000000000    1.0000000325280
    -447.00000000000    1.0000000325280
    -446.00000000000    1.0000000325280
    -445.00000000000    1.0000000325280
    -444.00000000000    1.0000000325280
    -443.00000000000    1.0000000325280
    -442.00000000000    1.0000000325280
    -441.00000000000    1.0000000325280
    -440.00000000000    1.0000000325280
    -439.00000000000    1.0000000325280
    -438.00000000000    1.0000000325280
    -437.00000000000    1.0000000325280
    -436.00000000000    1.0000000325280
    -435.00000000000    1.0000000325280
    -434.00000000000    1.0000000325280
    -433.00000000000    1.0000000325280
    -432.00000000000    1.0000000325280
    -431.00000000000    1.0000000325280
    -430.00000000000    1.0000000325280
    -429.00000000000    1.0000000325280
    -428.00000000000    1.0000000325280
    -427.00000000000    1.0000000325280
    -426.00000000000    1.0000000325280
    -425.00000000000    1.0000000325280
    -424.00000000000    1.0000000325280
    -423.00000000000    1.0000000325280
    -422.00000000000    1.0000000325280
    -421.00000000000    1.0000000325280
    -420.00000000000    1.0000000325280
    -419.00000000000    1.0000000325280
    -418.00000000000    1.0000000325280
    -417.00000000000    1.0000000325280
    -416.00000000000    1.0000000325280
    -415.00000000000    1.0000000325280
    -414.00000000000    1.0000000325280
    -413.00000000000    1.0000000325280
    -412.00000000000    1.0000000325280
    -411.00000000000    1.0000000325280
    -410.00000000000    1.0000000325280
    -409.00000000000    1.0000000325280
    -408.00000000000    1.0000000325280
    -407.00000000000    1.0000000325280
    -406.00000000000    1.0000000325280
    -405.00000000000    1.0000000325280
    -404.00000000000    1.0000000325280
    -403.00000000000    1.0000000325280
    -402.00000000000    1.0000000325280
    -401.00000000000    1.0000000325280
    -400.00000000000    1.0000000325280
    -399.00000000000    1.0000000325280
    -398.00000000000    1.0000000325280
    -397.00000000000    1.0000000325280
    -396.00000000000    1.0000000325280
    -395.00000000000    1.0000000325280
    -394.00000000000    1.0000000325280
    -393.00000000000    1.0000000325280
    -392.00000000000    1.0000000325280
    -391.00000000000    1.0000000325280
    -390.00000000000    1.0000000325280
    -389.00000000000    1.0000000325280
    -388.00000000000    1.0000000325280
    -387.00000000000    1.0000000325280
    -386.00000000000    1.0000000325280
    -385.00000000000    1.0000000325280
    -384.00000000000    1.0000000325280
    -383.00000000000    1.0000000325280
    -382.00000000000    1.0000000325280
    -381.00000000000    1.0000000325280
    -380.00000000000    1.0000000325280
    -379.00000000000    1.0000000325280
    -378.00000000000    1.0000000325280
    -377.00000000000    1.0000000325280
    -376.00000000000    1.0000000325280
    -375.00000000000    1.0000000325280
    -374.00000000000    1.0000000325280
    -373.00000000000    1.0000000325280
    -372.00000000000    1.0000000325280
    -371.00000000000    1.0000000325280
    -370.00000000000    1.0000000325280
    -369.00000000000    1.0000000325280
    -368.00000000000    1.0000000325280
    -367.00000000000    1.0000000325280
    -366.00000000000    1.0000000325280
    -365.00000000000    1.0000000325280
    -364.00000000000    1.0000000325280
    -363.00000000000    1.0000000325280
    -362.00000000000    1.0000000325280
    -361.00000000000    1.0000000325280
    -360.00000000000    1.0000000325280
    -359.00000000000    1.0000000325280
    -358.00000000000    1.0000000325280
    -357.00000000000    1.0000000325280
    -356.00000000000    1.0000000325280
    -355.00000000000    1.0000000325280
    -354.00000000000    1.0000000325280
    -353.00000000000    1.0000000325280
    -352.00000000000    1.0000000325280
    -351.00000000000    1.0000000325280
    -350.00000000000    1.0000000325280
    -349.00000000000    1.0000000325280
    -348.00000000000    1.0000000325280
    -347.00000000000    1.0000000325280
    -346.00000000000    1.0000000325280
    -345.00000000000    1.0000000325280
    -344.00000000000    1.0000000325280
    -343.00000000000    1.0000000325280
    -342.00000000000    1.0000000325280
    -341.00000000000    1.0000000325280
    -340.00000000000    1.0000000325280
    -339.00000000000    1.0000000325280
    -338.00000000000    1.0000000325280
    -337.00000000000    1.0000000325280
    -336.00000000000    1.0000000325280
    -335.00000000000    1.0000000325280
    -334.00000000000    1.0000000325280
    -333.00000000000    1.0000000325280
    -332.00000000000    1.0000000325280
    -331.00000000000    1.0000000325280
    -330.00000000000    1.0000000325280
    -329.00000000000    1.0000000325280
    -328.00000000000    1.0000000325280
    -327.00000000000    1.0000000325280
    -326.00000000000    1.0000000325280
    -325.00000000000    1.0000000325280
    -324.00000000000    1.0000000325280
    -323.00000000000    1.0000000325280
    -322.00000000000    1.0000000325280
    -321.00000000000    1.0000000325280
    -320.00000000000    1.0000000325280
    -319.00000000000    1.0000000325280
    -318.00000000000    1.0000000325280
    -317.00000000000    1.0000000325280
    -316.00000000000    1.0000000325280
    -315.00000000000    1.0000000325280
    -314.00000000000    1.0000000325280
    -313.00000000000    1.0000000325280
    -312.00000000000    1.0000000325280
    -311.00000000000    1.0000000325280
    -310.00000000000    1.0000000325280
    -309.00000000000    1.0000000325280
    -308.00000000000    1.0000000325280
    -307.00000000000    1.0000000325280
    -306.00000000000    1.0000000325280
    -305.00000000000    1.0000000325280
    -304.00000000000    1.0000000325280
    -303.00000000000    1.0000000325280
    -302.00000000000    1.0000000325280
    -301.00000000000    1.0000000325280
    -300.00000000000    1.0000000325280
    -299.00000000000    1.0000000325280
    -298.00000000000    1.0000000325280
    -297.00000000000    1.0000000325280
    -296.00000000000    1.0000000325280
    -295.00000000000    1.0000000325280
    -294.00000000000    1.0000000325280
    -293.00000000000    1.0000000325280
    -292.00000000000    1.0000000325280
    -291.00000000000    1.0000000325280
    -290.00000000000    1.0000000325280
    -289.00000000000    1.0000000325280
    -288.00000000000    1.0000000325280
    -287.00000000000    1.0000000325280
    -286.00000000000    1.0000000325280
    -285.00000000000    1.0000000325280
    -284.00000000000    1.0000000325280
    -283.00000000000    1.0000000325280
    -282.00000000000    1.0000000325280
    -281.00000000000    1.0000000325280
    -280.00000000000    1.0000000325280
    -279.00000000000    1.0000000325280
    -278.00000000000    1.0000000325280
    -277.00000000000    1.0000000325280
    -276.00000000000    1.0000000325280
    -275.00000000000    1.0000000325280
    -274.00000000000    1.0000000325280
    -273.00000000000    1.0000000325280
    -272.00000000000    1.0000000325280
    -271.00000000000    1.0000000325280
    -270.00000000000    1.0000000325280
    -269.00000000000    1.0000000325280
    -268.00000000000    1.0000000325280
    -267.00000000000    1.0000000325280
    -266.00000000000    1.0000000325280
    -265.00000000000    1.0000000325280
    -264.00000000000    1.0000000325280
    -263.00000000000    1.0000000325280
    -262.00000000000    1.0000000325280
    -261.00000000000    1.0000000325280
    -260.00000000000    1.0000000325280
    -259.00000000000    1.0000000325280
    -258.00000000000    1.0000000325280
    -257.00000000000    1.0000000325280
    -256.00000000000    1.0000000325280
    -255.00000000000    1.0000000325280
    -254.00000000000    1.0000000325280
    -253.00000000000    1.0000000325280
    -252.00000000000    1.0000000325280
    -251.00000000000    1.0000000325280
    -250.00000000000    1.0000000325280
    -249.00000000000    1.0000000325280
    -248.00000000000    1.0000000325280
    -247.00000000000    1.0000000325280
    -246.00000000000    1.0000000325280
    -245.00000000000    1.0000000325280
    -244.00000000000    1.0000000325280
    -243.00000000000    1.0000000325280
    -242.00000000000    1.0000000325280
    -241.00000000000    1.0000000325280
    -240.00000000000    1.0000000325280
    -239.00000000000    1.0000000325280
    -238.00000000000    1.0000000325280
    -237.00000000000    1.0000000325280
    -236.00000000000    1.0000000325280
    -235.00000000000    1.0000000325280
    -234.00000000000    1.0000000325280
    -233.00000000000    1.0000000325280
    -232.00000000000    1.0000000325280
    -231.00000000000    1.0000000325280
    -230.00000000000    1.0000000325280
    -229.00000000000    1.0000000325280
    -228.00000000000    1.0000000325280
    -227.00000000000    1.0000000325280
    -226.00000000000    1.0000000325280
    -225.00000000000    1.0000000325280
    -224.00000000000    1.0000000325280
    -223.00000000000    1.0000000325280
    -222.00000000000    1.0000000325280
    -221.00000000000    1.0000000325280
    -220.00000000000    1.0000000325280
    -219.00000000000    1.0000000325280
    -218.00000000000    1.0000000325280
    -217.00000000000    1.0000000325280
    -216.00000000000    1.0000000325280
    -215.00000000000    1.0000000325280
    -214.00000000000    1.0000000325280
    -213.00000000000    1.0000000325280
    -212.00000000000    1.0000000325280
    -211.00000000000    1.0000000325280
    -210.00000000000    1.0000000325280
    -209.00000000000    1.0000000325280
    -208.00000000000    1.0000000325280
    -207.00000000000    1.0000000325280
    -206.00000000000    1.0000000325280
    -205.00000000000    1.0000000325280
    -204.00000000000    1.0000000325280
    -203.00000000000    1.0000000325280
    -202.00000000000    1.0000000325280
    -201.00000000000    1.0000000325280
    -200.00000000000    1.0000000325280
    -199.00000000000    1.0000000325280
    -198.00000000000    1.0000000325280
    -197.00000000000    1.0000000325280
    -196.00000000000    1.0000000325280
    -195.00000000000    1.0000000325280
    -194.00000000000    1.0000000325280
    -193.00000000000    1.0000000325280
    -192.00000000000    1.0000000325280
    -191.00000000000    1.0000000325280
    -190.00000000000    1.0000000325280
    -189.00000000000    1.0000000325280
    -188.00000000000    1.0000000325280
    -187.00000000000    1.0000000325280
    -186.00000000000    1.0000000325280
    -185.00000000000    1.0000000325280
    -184.00000000000    1.0000000325280
    -183.00000000000    1.0000000325280
    -182.00000000000    1.0000000325280
    -181.00000000000    1.0000000325280
    -180.00000000000    1.0000000325280
    -179.00000000000    1.0000000325280
    -178.00000000000    1.0000000325280
    -177.00000000000    1.0000000325280
    -176.00000000000    1.0000000325280
    -175.00000000000    1.0000000325280
    -174.00000000000    1.0000000325280
    -173.00000000000    1.0000000325280
    -172.00000000000    1.0000000325280
    -171.00000000000    1.0000000325280
    -170.00000000000    1.0000000325280
    -169.00000000000    1.0000000325280
    -168.00000000000    1.0000000325280
    -167.00000000000    1.0000000325280
    -166.00000000000    1.0000000325280
    -165.00000000000    1.0000000325280
    -164.00000000000    1.0000000325280
    -163.00000000000    1.0000000325280
    -162.00000000000    1.0000000325280
    -161.00000000000    1.0000000325280
    -160.00000000000    1.0000000325280
    -159.00000000000    1.0000000325280
    -158.00000000000    1.0000000325280
    -157.00000000000    1.0000000325280
    -156.00000000000    1.0000000325280
    -155.00000000000    1.0000000325280
    -154.00000000000    1.0000000325279
    -153.00000000000    1.0000000325277
    -152.00000000000    1.0000000325267
    -151.00000000000    1.0000000325231
    -150.00000000000    1.0000000325103
    -149.00000000000    1.0000000324663
    -148.00000000000    1.0000000323221
    -147.00000000000    1.0000000318699
    -146.00000000000    1.0000000305132
    -145.00000000000    1.0000000266174
    -144.00000000000    1.0000000159109
    -143.00000000000   0.99999998774783
    -142.00000000000   0.99999991683426
    -141.00000000000   0.99999974589586
    -140.00000000000   0.99999935138354
    -139.00000000000   0.99999847952071
    -138.00000000000   0.99999663422496
    -137.00000000000   0.99999289323549
    -136.00000000000   0.99998562728197
    -135.00000000000   0.99997210407416
    -134.00000000000   0.99994797959686
    -133.00000000000   0.99990671715682
    -132.00000000000   0.99983902793412
    -131.00000000000   0.99973248467797
    -130.00000000000   0.99957150205531
    -129.00000000000   0.99933787649386
    -128.00000000000   0.99901201241973
    -127.00000000000   0.99857482476694
    -126.00000000000   0.99801012140878
    -125.00000000000   0.99730708438796
    -124.00000000000   0.99646235185574
    -123.00000000000   0.99548121046558
    -122.00000000000   0.99437756112867
    -121.00000000000   0.99317258807269
    -120.00000000000   0.99189236475408
    -119.00000000000   0.99056487485055
    -118.00000000000   0.98921703605453
    -117.00000000000   0.98787226149705
    -116.00000000000   0.98654890838460
    -115.00000000000   0.98525971689130
    -114.00000000000   0.98401211537275
    -113.00000000000   0.98280912052359
    -112.00000000000   0.98165051524793
    -111.00000000000   0.98053402806360
    -110.00000000000   0.97945632905983
    -109.00000000000   0.97841375865688
    -108.00000000000   0.97740278733681
    -107.00000000000   0.97642025410508
    -106.00000000000   0.97546344984403
   -105.000000000000   0.97453010811430
   -104.000000000000   0.97361835132803
   -103.000000000000   0.97272662327662
   -102.000000000000   0.97185362476005
   -101.000000000000   0.97099825928418
   -100.000000000000   0.97015959016904
    -99.000000000000   0.96933680779767
    -98.000000000000   0.96852920491955
    -97.000000000000   0.96773615798813
    -96.000000000000   0.96695711289740
    -95.000000000000   0.96619157390491
    -94.000000000000   0.96543909488037
    -93.000000000000   0.96469927227805
    -92.000000000000   0.96397173941124
    -91.000000000000   0.96325616172900
    -90.000000000000   0.96255223287783
    -89.000000000000   0.96185967138737
    -88.000000000000   0.96117821785861
    -87.000000000000   0.96050763256139
    -86.000000000000   0.95984769336833
    -85.000000000000   0.95919819396784
    -84.000000000000   0.95855894231018
    -83.000000000000   0.95792975924978
    -82.000000000000   0.95731047735353
    -81.000000000000   0.95670093985055
    -80.000000000000   0.95610099970292
    -79.000000000000   0.95551051878058
    -78.000000000000   0.95492936712617
    -77.000000000000   0.95435742229800
    -76.000000000000   0.95379456878096
    -75.000000000000   0.95324069745701
    -74.000000000000   0.95269570512788
    -73.000000000000   0.95215949408370
    -72.000000000000   0.95163197171231
    -71.000000000000   0.95111305014456
    -70.000000000000   0.95060264593156
    -69.000000000000   0.95010067975043
    -68.000000000000   0.94960707613557
    -67.000000000000   0.94912176323264
    -66.000000000000   0.94864467257304
    -65.000000000000   0.94817573886681
    -64.000000000000   0.94771489981209
    -63.000000000000   0.94726209591957
    -62.000000000000   0.94681727035059
    -61.000000000000   0.94638036876743
    -60.000000000000   0.94595133919484
    -59.000000000000   0.94553013189178
    -58.000000000000   0.94511669923241
    -57.000000000000   0.94471099559552
    -56.000000000000   0.94431297726176
    -55.000000000000   0.94392260231799
    -54.000000000000   0.94353983056811
    -53.000000000000   0.94316462344988
    -52.000000000000   0.94279694395726
    -51.000000000000   0.94243675656785
    -50.000000000000   0.94208402717499
    -49.000000000000   0.94173872302420
    -48.000000000000   0.94140081265361
    -47.000000000000   0.94107026583813
    -46.000000000000   0.94074705353700
    -45.000000000000   0.94043114784464
    -44.000000000000   0.94012252194437
    -43.000000000000   0.93982115006488
    -42.000000000000   0.93952700743943
    -41.000000000000   0.93924007026722
    -40.000000000000   0.93896031567722
    -39.000000000000   0.93868772169394
    -38.000000000000   0.93842226720524
    -37.000000000000   0.93816393193197
    -36.000000000000   0.93791269639928
    -35.000000000000   0.93766854190964
    -34.000000000000   0.93743145051727
    -33.000000000000   0.93720140500411
    -32.000000000000   0.93697838885704
    -31.000000000000   0.93676238624643
    -30.000000000000   0.93655338200589
    -29.000000000000   0.93635136161309
    -28.000000000000   0.93615631117174
    -27.000000000000   0.93596821739452
    -26.000000000000   0.93578706758698
    -25.000000000000   0.93561284963241
    -24.000000000000   0.93544555197746
    -23.000000000000   0.93528516361874
    -22.000000000000   0.93513167409006
    -21.000000000000   0.93498507345055
    -20.000000000000   0.93484535227337
    -19.000000000000   0.93471250163522
    -18.000000000000   0.93458651310645
    -17.000000000000   0.93446737874178
    -16.000000000000   0.93435509107171
    -15.000000000000   0.93424964309441
    -14.000000000000   0.93415102826824
    -13.000000000000   0.93405924050483
    -12.000000000000   0.93397427416260
    -11.000000000000   0.93389612404086
   -10.0000000000000   0.93382478537441
    -9.0000000000000   0.93376025382855
    -8.0000000000000   0.93370252549467
    -7.0000000000000   0.93365159688616
    -6.0000000000000   0.93360746493490
    -5.0000000000000   0.93357012698811
    -4.0000000000000   0.93353958080566
    -3.0000000000000   0.93351582455778
    -2.0000000000000   0.93349885682324
    -1.0000000000000   0.93348867658789
   0.   0.93348528324365
     1.0000000000000   0.93348867658789
     2.0000000000000   0.93349885682324
     3.0000000000000   0.93351582455778
     4.0000000000000   0.93353958080566
     5.0000000000000   0.93357012698811
     6.0000000000000   0.93360746493490
     7.0000000000000   0.93365159688616
     8.0000000000000   0.93370252549467
     9.0000000000000   0.93376025382855
    10.0000000000000   0.93382478537441
     11.000000000000   0.93389612404086
     12.000000000000   0.93397427416260
     13.000000000000   0.93405924050483
     14.000000000000   0.93415102826824
     15.000000000000   0.93424964309441
     16.000000000000   0.93435509107171
     17.000000000000   0.93446737874178
     18.000000000000   0.93458651310645
     19.000000000000   0.93471250163522
     20.000000000000   0.93484535227337
     21.000000000000   0.93498507345055
     22.000000000000   0.93513167409006
     23.000000000000   0.93528516361874
     24.000000000000   0.93544555197746
     25.000000000000   0.93561284963241
     26.000000000000   0.93578706758698
     27.000000000000   0.93596821739452
     28.000000000000   0.93615631117174
     29.000000000000   0.93635136161309
     30.000000000000   0.93655338200589
     31.000000000000   0.93676238624643
     32.000000000000   0.93697838885704
     33.000000000000   0.93720140500411
     34.000000000000   0.93743145051727
     35.000000000000   0.93766854190964
     36.000000000000   0.93791269639928
     37.000000000000   0.93816393193197
     38.000000000000   0.93842226720524
     39.000000000000   0.93868772169394
     40.000000000000   0.93896031567722
     41.000000000000   0.93924007026722
     42.000000000000   0.93952700743943
     43.000000000000   0.93982115006488
     44.000000000000   0.94012252194436
     45.000000000000   0.94043114784464
     46.000000000000   0.94074705353700
     47.000000000000   0.94107026583812
     48.000000000000   0.94140081265361
     49.000000000000   0.94173872302420
     50.000000000000   0.94208402717499
     51.000000000000   0.94243675656785
     52.000000000000   0.94279694395726
     53.000000000000   0.94316462344988
     54.000000000000   0.94353983056811
     55.000000000000   0.94392260231799
     56.000000000000   0.94431297726176
     57.000000000000   0.94471099559552
     58.000000000000   0.94511669923241
     59.000000000000   0.94553013189178
     60.000000000000   0.94595133919484
     61.000000000000   0.94638036876742
     62.000000000000   0.94681727035059
     63.000000000000   0.94726209591957
     64.000000000000   0.94771489981209
     65.000000000000   0.94817573886681
     66.000000000000   0.94864467257304
     67.000000000000   0.94912176323264
     68.000000000000   0.94960707613557
     69.000000000000   0.95010067975043
     70.000000000000   0.95060264593156
     71.000000000000   0.95111305014456
     72.000000000000   0.95163197171231
     73.000000000000   0.95215949408370
     74.000000000000   0.95269570512788
     75.000000000000   0.95324069745701
     76.000000000000   0.95379456878096
     77.000000000000   0.95435742229800
     78.000000000000   0.95492936712617
     79.000000000000   0.95551051878058
     80.000000000000   0.95610099970292
     81.000000000000   0.95670093985055
     82.000000000000   0.95731047735353
     83.000000000000   0.95792975924978
     84.000000000000   0.95855894231018
     85.000000000000   0.95919819396784
     86.000000000000   0.95984769336833
     87.000000000000   0.96050763256139
     88.000000000000   0.96117821785861
     89.000000000000   0.96185967138737
     90.000000000000   0.96255223287783
     91.000000000000   0.96325616172900
     92.000000000000   0.96397173941124
     93.000000000000   0.96469927227805
     94.000000000000   0.96543909488037
     95.000000000000   0.96619157390491
     96.000000000000   0.96695711289740
     97.000000000000   0.96773615798813
     98.000000000000   0.96852920491955
     99.000000000000   0.96933680779767
    100.000000000000   0.97015959016904
    101.000000000000   0.97099825928418
    102.000000000000   0.97185362476005
    103.000000000000   0.97272662327662
    104.000000000000   0.97361835132803
    105.000000000000   0.97453010811430
     106.00000000000   0.97546344984403
     107.00000000000   0.97642025410508
     108.00000000000   0.97740278733681
     109.00000000000   0.97841375865688
     110.00000000000   0.97945632905983
     111.00000000000   0.98053402806360
     112.00000000000   0.98165051524793
     113.00000000000   0.98280912052359
     114.00000000000   0.98401211537275
     115.00000000000   0.98525971689130
     116.00000000000   0.98654890838460
     117.00000000000   0.98787226149705
     118.00000000000   0.98921703605453
     119.00000000000   0.99056487485055
     120.00000000000   0.99189236475408
     121.00000000000   0.99317258807269
     122.00000000000   0.99437756112867
     123.00000000000   0.99548121046558
     124.00000000000   0.99646235185574
     125.00000000000   0.99730708438796
     126.00000000000   0.99801012140878
     127.00000000000   0.99857482476694
     128.00000000000   0.99901201241973
     129.00000000000   0.99933787649386
     130.00000000000   0.99957150205531
     131.00000000000   0.99973248467797
     132.00000000000   0.99983902793412
     133.00000000000   0.99990671715682
     134.00000000000   0.99994797959686
     135.00000000000   0.99997210407416
     136.00000000000   0.99998562728197
     137.00000000000   0.99999289323549
     138.00000000000   0.99999663422496
     139.00000000000   0.99999847952070
     140.00000000000   0.99999935138354
     141.00000000000   0.99999974589586
     142.00000000000   0.99999991683426
     143.00000000000   0.99999998774783
     144.00000000000    1.0000000159109
     145.00000000000    1.0000000266174
     146.00000000000    1.0000000305132
     147.00000000000    1.0000000318699
     148.00000000000    1.0000000323221
     149.00000000000    1.0000000324663
     150.00000000000    1.0000000325103
     151.00000000000    1.0000000325231
     152.00000000000    1.0000000325267
     153.00000000000    1.0000000325277
     154.00000000000    1.0000000325279
     155.00000000000    1.0000000325280
     156.00000000000    1.0000000325280
     157.00000000000    1.0000000325280
     158.00000000000    1.0000000325280
     159.00000000000    1.0000000325280
     160.00000000000    1.0000000325280
     161.00000000000    1.0000000325280
     162.00000000000    1.0000000325280
     163.00000000000    1.0000000325280
     164.00000000000    1.0000000325280
     165.00000000000    1.0000000325280
     166.00000000000    1.0000000325280
     167.00000000000    1.0000000325280
     168.00000000000    1.0000000325280
     169.00000000000    1.0000000325280
     170.00000000000    1.0000000325280
     171.00000000000    1.0000000325280
     172.00000000000    1.0000000325280
     173.00000000000    1.0000000325280
     174.00000000000    1.0000000325280
     175.00000000000    1.0000000325280
     176.00000000000    1.0000000325280
     177.00000000000    1.0000000325280
     178.00000000000    1.0000000325280
     179.00000000000    1.0000000325280
     180.00000000000    1.0000000325280
     181.00000000000    1.0000000325280
     182.00000000000    1.0000000325280
     183.00000000000    1.0000000325280
     184.00000000000    1.0000000325280
     185.00000000000    1.0000000325280
     186.00000000000    1.0000000325280
     187.00000000000    1.0000000325280
     188.00000000000    1.0000000325280
     189.00000000000    1.0000000325280
     190.00000000000    1.0000000325280
     191.00000000000    1.0000000325280
     192.00000000000    1.0000000325280
     193.00000000000    1.0000000325280
     194.00000000000    1.0000000325280
     195.00000000000    1.0000000325280
     196.00000000000    1.0000000325280
     197.00000000000    1.0000000325280
     198.00000000000    1.0000000325280
     199.00000000000    1.0000000325280
     200.00000000000    1.0000000325280
     201.00000000000    1.0000000325280
     202.00000000000    1.0000000325280
     203.00000000000    1.0000000325280
     204.00000000000    1.0000000325280
     205.00000000000    1.0000000325280
     206.00000000000    1.0000000325280
     207.00000000000    1.0000000325280
     208.00000000000    1.0000000325280
     209.00000000000    1.0000000325280
     210.00000000000    1.0000000325280
     211.00000000000    1.0000000325280
     212.00000000000    1.0000000325280
     213.00000000000    1.0000000325280
     214.00000000000    1.0000000325280
     215.00000000000    1.0000000325280
     216.00000000000    1.0000000325280
     217.00000000000    1.0000000325280
     218.00000000000    1.0000000325280
     219.00000000000    1.0000000325280
     220.00000000000    1.0000000325280
     221.00000000000    1.0000000325280
     222.00000000000    1.0000000325280
     223.00000000000    1.0000000325280
     224.00000000000    1.0000000325280
     225.00000000000    1.0000000325280
     226.00000000000    1.0000000325280
     227.00000000000    1.0000000325280
     228.00000000000    1.0000000325280
     229.00000000000    1.0000000325280
     230.00000000000    1.0000000325280
     231.00000000000    1.0000000325280
     232.00000000000    1.0000000325280
     233.00000000000    1.0000000325280
     234.00000000000    1.0000000325280
     235.00000000000    1.0000000325280
     236.00000000000    1.0000000325280
     237.00000000000    1.0000000325280
     238.00000000000    1.0000000325280
     239.00000000000    1.0000000325280
     240.00000000000    1.0000000325280
     241.00000000000    1.0000000325280
     242.00000000000    1.0000000325280
     243.00000000000    1.0000000325280
     244.00000000000    1.0000000325280
     245.00000000000    1.0000000325280
     246.00000000000    1.0000000325280
     247.00000000000    1.0000000325280
     248.00000000000    1.0000000325280
     249.00000000000    1.0000000325280
     250.00000000000    1.0000000325280
     251.00000000000    1.0000000325280
     252.00000000000    1.0000000325280
     253.00000000000    1.0000000325280
     254.00000000000    1.0000000325280
     255.00000000000    1.0000000325280
     256.00000000000    1.0000000325280
     257.00000000000    1.0000000325280
     258.00000000000    1.0000000325280
     259.00000000000    1.0000000325280
     260.00000000000    1.0000000325280
     261.00000000000    1.0000000325280
     262.00000000000    1.0000000325280
     263.00000000000    1.0000000325280
     264.00000000000    1.0000000325280
     265.00000000000    1.0000000325280
     266.00000000000    1.0000000325280
     267.00000000000    1.0000000325280
     268.00000000000    1.0000000325280
     269.00000000000    1.0000000325280
     270.00000000000    1.0000000325280
     271.00000000000    1.0000000325280
     272.00000000000    1.0000000325280
     273.00000000000    1.0000000325280
     274.00000000000    1.0000000325280
     275.00000000000    1.0000000325280
     276.00000000000    1.0000000325280
     277.00000000000    1.0000000325280
     278.00000000000    1.0000000325280
     279.00000000000    1.0000000325280
     280.00000000000    1.0000000325280
     281.00000000000    1.0000000325280
     282.00000000000    1.0000000325280
     283.00000000000    1.0000000325280
     284.00000000000    1.0000000325280
     285.00000000000    1.0000000325280
     286.00000000000    1.0000000325280
     287.00000000000    1.0000000325280
     288.00000000000    1.0000000325280
     289.00000000000    1.0000000325280
     290.00000000000    1.0000000325280
     291.00000000000    1.0000000325280
     292.00000000000    1.0000000325280
     293.00000000000    1.0000000325280
     294.00000000000    1.0000000325280
     295.00000000000    1.0000000325280
     296.00000000000    1.0000000325280
     297.00000000000    1.0000000325280
     298.00000000000    1.0000000325280
     299.00000000000    1.0000000325280
     300.00000000000    1.0000000325280
     301.00000000000    1.0000000325280
     302.00000000000    1.0000000325280
     303.00000000000    1.0000000325280
     304.00000000000    1.0000000325280
     305.00000000000    1.0000000325280
     306.00000000000    1.0000000325280
     307.00000000000    1.0000000325280
     308.00000000000    1.0000000325280
     309.00000000000    1.0000000325280
     310.00000000000    1.0000000325280
     311.00000000000    1.0000000325280
     312.00000000000    1.0000000325280
     313.00000000000    1.0000000325280
     314.00000000000    1.0000000325280
     315.00000000000    1.0000000325280
     316.00000000000    1.0000000325280
     317.00000000000    1.0000000325280
     318.00000000000    1.0000000325280
     319.00000000000    1.0000000325280
     320.00000000000    1.0000000325280
     321.00000000000    1.0000000325280
     322.00000000000    1.0000000325280
     323.00000000000    1.0000000325280
     324.00000000000    1.0000000325280
     325.00000000000    1.0000000325280
     326.00000000000    1.0000000325280
     327.00000000000    1.0000000325280
     328.00000000000    1.0000000325280
     329.00000000000    1.0000000325280
     330.00000000000    1.0000000325280
     331.00000000000    1.0000000325280
     332.00000000000    1.0000000325280
     333.00000000000    1.0000000325280
     334.00000000000    1.0000000325280
     335.00000000000    1.0000000325280
     336.00000000000    1.0000000325280
     337.00000000000    1.0000000325280
     338.00000000000    1.0000000325280
     339.00000000000    1.0000000325280
     340.00000000000    1.0000000325280
     341.00000000000    1.0000000325280
     342.00000000000    1.0000000325280
     343.00000000000    1.0000000325280
     344.00000000000    1.0000000325280
     345.00000000000    1.0000000325280
     346.00000000000    1.0000000325280
     347.00000000000    1.0000000325280
     348.00000000000    1.0000000325280
     349.00000000000    1.0000000325280
     350.00000000000    1.0000000325280
     351.00000000000    1.0000000325280
     352.00000000000    1.0000000325280
     353.00000000000    1.0000000325280
     354.00000000000    1.0000000325280
     355.00000000000    1.0000000325280
     356.00000000000    1.0000000325280
     357.00000000000    1.0000000325280
     358.00000000000    1.0000000325280
     359.00000000000    1.0000000325280
     360.00000000000    1.0000000325280
     361.00000000000    1.0000000325280
     362.00000000000    1.0000000325280
     363.00000000000    1.0000000325280
     364.00000000000    1.0000000325280
     365.00000000000    1.0000000325280
     366.00000000000    1.0000000325280
     367.00000000000    1.0000000325280
     368.00000000000    1.0000000325280
     369.00000000000    1.0000000325280
     370.00000000000    1.0000000325280
     371.00000000000    1.0000000325280
     372.00000000000    1.0000000325280
     373.00000000000    1.0000000325280
     374.00000000000    1.0000000325280
     375.00000000000    1.0000000325280
     376.00000000000    1.0000000325280
     377.00000000000    1.0000000325280
     378.00000000000    1.0000000325280
     379.00000000000    1.0000000325280
     380.00000000000    1.0000000325280
     381.00000000000    1.0000000325280
     382.00000000000    1.0000000325280
     383.00000000000    1.0000000325280
     384.00000000000    1.0000000325280
     385.00000000000    1.0000000325280
     386.00000000000    1.0000000325280
     387.00000000000    1.0000000325280
     388.00000000000    1.0000000325280
     389.00000000000    1.0000000325280
     390.00000000000    1.0000000325280
     391.00000000000    1.0000000325280
     392.00000000000    1.0000000325280
     393.00000000000    1.0000000325280
     394.00000000000    1.0000000325280
     395.00000000000    1.0000000325280
     396.00000000000    1.0000000325280
     397.00000000000    1.0000000325280
     398.00000000000    1.0000000325280
     399.00000000000    1.0000000325280
     400.00000000000    1.0000000325280
     401.00000000000    1.0000000325280
     402.00000000000    1.0000000325280
     403.00000000000    1.0000000325280
     404.00000000000    1.0000000325280
     405.00000000000    1.0000000325280
     406.00000000000    1.0000000325280
     407.00000000000    1.0000000325280
     408.00000000000    1.0000000325280
     409.00000000000    1.0000000325280
     410.00000000000    1.0000000325280
     411.00000000000    1.0000000325280
     412.00000000000    1.0000000325280
     413.00000000000    1.0000000325280
     414.00000000000    1.0000000325280
     415.00000000000    1.0000000325280
     416.00000000000    1.0000000325280
     417.00000000000    1.0000000325280
     418.00000000000    1.0000000325280
     419.00000000000    1.0000000325280
     420.00000000000    1.0000000325280
     421.00000000000    1.0000000325280
     422.00000000000    1.0000000325280
     423.00000000000    1.0000000325280
     424.00000000000    1.0000000325280
     425.00000000000    1.0000000325280
     426.00000000000    1.0000000325280
     427.00000000000    1.0000000325280
     428.00000000000    1.0000000325280
     429.00000000000    1.0000000325280
     430.00000000000    1.0000000325280
     431.00000000000    1.0000000325280
     432.00000000000    1.0000000325280
     433.00000000000    1.0000000325280
     434.00000000000    1.0000000325280
     435.00000000000    1.0000000325280
     436.00000000000    1.0000000325280
     437.00000000000    1.0000000325280
     438.00000000000    1.0000000325280
     439.00000000000    1.0000000325280
     440.00000000000    1.0000000325280
     441.00000000000    1.0000000325280
     442.00000000000    1.0000000325280
     443.00000000000    1.0000000325280
     444.00000000000    1.0000000325280
     445.00000000000    1.0000000325280
     446.00000000000    1.0000000325280
     447.00000000000    1.0000000325280
     448.00000000000    1.0000000325280
     449.00000000000    1.0000000325280
     450.00000000000    1.0000000325280
     451.00000000000    1.0000000325280
     452.00000000000    1.0000000325280
     453.00000000000    1.0000000325280
     454.00000000000    1.0000000325280
     455.00000000000    1.0000000325280
     456.00000000000    1.0000000325280
     457.00000000000    1.0000000325280
     458.00000000000    1.0000000325280
     459.00000000000    1.0000000325280
     460.00000000000    1.0000000325280
     461.00000000000    1.0000000325280
     462.00000000000    1.0000000325280
     463.00000000000    1.0000000325280
     464.00000000000    1.0000000325280
     465.00000000000    1.0000000325280
     466.00000000000    1.0000000325280
     467.00000000000    1.0000000325280
     468.00000000000    1.0000000325280
     469.00000000000    1.0000000325280
     470.00000000000    1.0000000325280
     471.00000000000    1.0000000325280
     472.00000000000    1.0000000325280
     473.00000000000    1.0000000325280
     474.00000000000    1.0000000325280
     475.00000000000    1.0000000325280
     476.00000000000    1.0000000325280
     477.00000000000    1.0000000325280
     478.00000000000    1.0000000325280
     479.00000000000    1.0000000325280
     480.00000000000    1.0000000325280
     481.00000000000    1.0000000325280
     482.00000000000    1.0000000325280
     483.00000000000    1.0000000325280
     484.00000000000    1.0000000325280
     485.00000000000    1.0000000325280
     486.00000000000    1.0000000325280
     487.00000000000    1.0000000325280
     488.00000000000    1.0000000325280
     489.00000000000    1.0000000325280
     490.00000000000    1.0000000325280
     491.00000000000    1.0000000325280
     492.00000000000    1.0000000325280
     493.00000000000    1.0000000325280
     494.00000000000    1.0000000325280
     495.00000000000    1.0000000325280
     496.00000000000    1.0000000325280
     497.00000000000    1.0000000325280
     498.00000000000    1.0000000325280
     499.00000000000    1.0000000325280
     500.00000000000    1.0000000325280
