    -500.00000000000    1.0000000325280
    -499.00000000000    1.0000000325280
    -498.00000000000    1.0000000325280
    -497.00000000000    1.0000000325280
    -496.00000000000    1.0000000325280
    -495.00000000000    1.0000000325280
    -494.00000000000    1.0000000325280
    -493.00000000000    1.0000000325280
    -492.00000000000    1.0000000325280
    -491.00000000000    1.0000000325280
    -490.00000000000    1.0000000325280
    -489.00000000000    1.0000000325280
    -488.00000000000    1.0000000325280
    -487.00000000000    1.0000000325280
    -486.00000000000    1.0000000325280
    -485.00000000000    1.0000000325280
    -484.00000000000    1.0000000325280
    -483.00000000000    1.0000000325280
    -482.00000000000    1.0000000325280
    -481.00000000000    1.0000000325280
    -480.00000000000    1.0000000325280
    -479.00000000000    1.0000000325280
    -478.00000000000    1.0000000325280
    -477.00000000000    1.0000000325280
    -476.00000000000    1.0000000325280
    -475.00000000000    1.0000000325280
    -474.00000000000    1.0000000325280
    -473.00000000000    1.0000000325280
    -472.00000000000    1.0000000325280
    -471.00000000000    1.0000000325280
    -470.00000000000    1.0000000325280
    -469.00000000000    1.0000000325280
    -468.00000000000    1.0000000325280
    -467.00000000000    1.0000000325280
    -466.00000000000    1.0000000325280
    -465.00000000000    1.0000000325280
    -464.00000000000    1.0000000325280
    -463.00000000000    1.0000000325280
    -462.00000000000    1.0000000325280
    -461.00000000000    1.0000000325280
    -460.00000000000    1.0000000325280
    -459.00000000000    1.0000000325280
    -458.00000000000    1.0000000325280
    -457.00000000000    1.0000000325280
    -456.00000000000    1.0000000325280
    -455.00000000000    1.0000000325280
    -454.00000000000    1.0000000325280
    -453.00000000000    1.0000000325280
    -452.00000000000    1.0000000325280
    -451.00000000000    1.0000000325280
    -450.00000000000    1.0000000325280
    -449.00000000000    1.0000000325280
    -448.00000000000    1.0000000325280
    -447.00000000000    1.0000000325280
    -446.00000000000    1.0000000325280
    -445.00000000000    1.0000000325280
    -444.00000000000    1.0000000325280
    -443.00000000000    1.0000000325280
    -442.00000000000    1.0000000325280
    -441.00000000000    1.0000000325280
    -440.00000000000    1.0000000325280
    -439.00000000000    1.0000000325280
    -438.00000000000    1.0000000325280
    -437.00000000000    1.0000000325280
    -436.00000000000    1.0000000325280
    -435.00000000000    1.0000000325280
    -434.00000000000    1.0000000325280
    -433.00000000000    1.0000000325280
    -432.00000000000    1.0000000325280
    -431.00000000000    1.0000000325280
    -430.00000000000    1.0000000325280
    -429.00000000000    1.0000000325280
    -428.00000000000    1.0000000325280
    -427.00000000000    1.0000000325280
    -426.00000000000    1.0000000325280
    -425.00000000000    1.0000000325280
    -424.00000000000    1.0000000325280
    -423.00000000000    1.0000000325280
    -422.00000000000    1.0000000325280
    -421.00000000000    1.0000000325280
    -420.00000000000    1.0000000325280
    -419.00000000000    1.0000000325280
    -418.00000000000    1.0000000325280
    -417.00000000000    1.0000000325280
    -416.00000000000    1.0000000325280
    -415.00000000000    1.0000000325280
    -414.00000000000    1.0000000325280
    -413.00000000000    1.0000000325280
    -412.00000000000    1.0000000325280
    -411.00000000000    1.0000000325280
    -410.00000000000    1.0000000325280
    -409.00000000000    1.0000000325280
    -408.00000000000    1.0000000325280
    -407.00000000000    1.0000000325280
    -406.00000000000    1.0000000325280
    -405.00000000000    1.0000000325280
    -404.00000000000    1.0000000325280
    -403.00000000000    1.0000000325280
    -402.00000000000    1.0000000325280
    -401.00000000000    1.0000000325280
    -400.00000000000    1.0000000325280
    -399.00000000000    1.0000000325280
    -398.00000000000    1.0000000325280
    -397.00000000000    1.0000000325280
    -396.00000000000    1.0000000325280
    -395.00000000000    1.0000000325280
    -394.00000000000    1.0000000325280
    -393.00000000000    1.0000000325280
    -392.00000000000    1.0000000325280
    -391.00000000000    1.0000000325280
    -390.00000000000    1.0000000325280
    -389.00000000000    1.0000000325280
    -388.00000000000    1.0000000325280
    -387.00000000000    1.0000000325280
    -386.00000000000    1.0000000325280
    -385.00000000000    1.0000000325280
    -384.00000000000    1.0000000325280
    -383.00000000000    1.0000000325280
    -382.00000000000    1.0000000325280
    -381.00000000000    1.0000000325280
    -380.00000000000    1.0000000325280
    -379.00000000000    1.0000000325280
    -378.00000000000    1.0000000325280
    -377.00000000000    1.0000000325280
    -376.00000000000    1.0000000325280
    -375.00000000000    1.0000000325280
    -374.00000000000    1.0000000325280
    -373.00000000000    1.0000000325280
    -372.00000000000    1.0000000325280
    -371.00000000000    1.0000000325280
    -370.00000000000    1.0000000325280
    -369.00000000000    1.0000000325280
    -368.00000000000    1.0000000325280
    -367.00000000000    1.0000000325280
    -366.00000000000    1.0000000325280
    -365.00000000000    1.0000000325280
    -364.00000000000    1.0000000325280
    -363.00000000000    1.0000000325280
    -362.00000000000    1.0000000325280
    -361.00000000000    1.0000000325280
    -360.00000000000    1.0000000325280
    -359.00000000000    1.0000000325280
    -358.00000000000    1.0000000325280
    -357.00000000000    1.0000000325280
    -356.00000000000    1.0000000325280
    -355.00000000000    1.0000000325280
    -354.00000000000    1.0000000325280
    -353.00000000000    1.0000000325280
    -352.00000000000    1.0000000325280
    -351.00000000000    1.0000000325280
    -350.00000000000    1.0000000325280
    -349.00000000000    1.0000000325280
    -348.00000000000    1.0000000325280
    -347.00000000000    1.0000000325280
    -346.00000000000    1.0000000325280
    -345.00000000000    1.0000000325280
    -344.00000000000    1.0000000325280
    -343.00000000000    1.0000000325280
    -342.00000000000    1.0000000325280
    -341.00000000000    1.0000000325280
    -340.00000000000    1.0000000325280
    -339.00000000000    1.0000000325280
    -338.00000000000    1.0000000325280
    -337.00000000000    1.0000000325280
    -336.00000000000    1.0000000325280
    -335.00000000000    1.0000000325280
    -334.00000000000    1.0000000325280
    -333.00000000000    1.0000000325280
    -332.00000000000    1.0000000325280
    -331.00000000000    1.0000000325280
    -330.00000000000    1.0000000325280
    -329.00000000000    1.0000000325280
    -328.00000000000    1.0000000325280
    -327.00000000000    1.0000000325280
    -326.00000000000    1.0000000325280
    -325.00000000000    1.0000000325280
    -324.00000000000    1.0000000325280
    -323.00000000000    1.0000000325280
    -322.00000000000    1.0000000325280
    -321.00000000000    1.0000000325280
    -320.00000000000    1.0000000325280
    -319.00000000000    1.0000000325280
    -318.00000000000    1.0000000325280
    -317.00000000000    1.0000000325280
    -316.00000000000    1.0000000325280
    -315.00000000000    1.0000000325280
    -314.00000000000    1.0000000325280
    -313.00000000000    1.0000000325280
    -312.00000000000    1.0000000325280
    -311.00000000000    1.0000000325280
    -310.00000000000    1.0000000325279
    -309.00000000000    1.0000000325276
    -308.00000000000    1.0000000325266
    -307.00000000000    1.0000000325230
    -306.00000000000    1.0000000325108
    -305.00000000000    1.0000000324706
    -304.00000000000    1.0000000323448
    -303.00000000000    1.0000000319675
    -302.00000000000    1.0000000308849
    -301.00000000000    1.0000000279122
    -300.00000000000    1.0000000200991
    -299.00000000000    1.0000000004437
    -298.00000000000   0.99999995310877
    -297.00000000000   0.99999984397254
    -296.00000000000   0.99999960303896
    -295.00000000000   0.99999909367519
    -294.00000000000   0.99999806226645
    -293.00000000000   0.99999606155013
    -292.00000000000   0.99999234291065
    -291.00000000000   0.99998571872140
    -290.00000000000   0.99997440631854
    -289.00000000000   0.99995587977384
    -288.00000000000   0.99992677124964
    -287.00000000000   0.99988287464951
    -286.00000000000   0.99981930327247
    -285.00000000000   0.99973083416849
    -284.00000000000   0.99961243360364
    -283.00000000000   0.99945990687134
    -282.00000000000   0.99927056583860
    -281.00000000000   0.99904377734007
    -280.00000000000   0.99878126012193
    -279.00000000000   0.99848704242859
    -278.00000000000   0.99816706706238
    -277.00000000000   0.99782851399187
    -276.00000000000   0.99747897599116
    -275.00000000000   0.99712564989087
    -274.00000000000   0.99677468824070
    -273.00000000000   0.99643080275270
    -272.00000000000   0.99609714202130
    -271.00000000000   0.99577540407590
    -270.00000000000   0.99546610543243
    -269.00000000000   0.99516891786547
    -268.00000000000   0.99488299739877
    -267.00000000000   0.99460725643687
    -266.00000000000   0.99434055835151
    -265.00000000000   0.99408183624479
    -264.00000000000   0.99383015072087
    -263.00000000000   0.99358470590043
    -262.00000000000   0.99334484133575
    -261.00000000000   0.99311001304738
    -260.00000000000   0.99287977201587
    -259.00000000000   0.99265374446302
    -258.00000000000   0.99243161557386
    -257.00000000000   0.99221311681234
    -256.00000000000   0.99199801632275
    -255.00000000000   0.99178611173588
    -254.00000000000   0.99157722475523
    -253.00000000000   0.99137119703058
    -252.00000000000   0.99116788695918
    -251.00000000000   0.99096716716169
    -250.00000000000   0.99076892245699
    -249.00000000000   0.99057304821346
    -248.00000000000   0.99037944898964
    -247.00000000000   0.99018803740140
    -246.00000000000   0.98999873316910
    -245.00000000000   0.98981146230965
    -244.00000000000   0.98962615644645
    -243.00000000000   0.98944275221623
    -242.00000000000   0.98926119075630
    -241.00000000000   0.98908141725881
    -240.00000000000   0.98890338058148
    -239.00000000000   0.98872703290607
    -238.00000000000   0.98855232943749
    -237.00000000000   0.98837922813770
    -236.00000000000   0.98820768948950
    -235.00000000000   0.98803767628614
    -234.00000000000   0.98786915344335
    -233.00000000000   0.98770208783092
    -232.00000000000   0.98753644812127
    -231.00000000000   0.98737220465301
    -230.00000000000   0.98720932930775
    -229.00000000000   0.98704779539840
    -228.00000000000   0.98688757756795
    -227.00000000000   0.98672865169722
    -226.00000000000   0.98657099482093
    -225.00000000000   0.98641458505091
    -224.00000000000   0.98625940150592
    -223.00000000000   0.98610542424725
    -222.00000000000   0.98595263421962
    -221.00000000000   0.98580101319682
    -220.00000000000   0.98565054373154
    -219.00000000000   0.98550120910919
    -218.00000000000   0.98535299330517
    -217.00000000000   0.98520588094529
    -216.00000000000   0.98505985726912
    -215.00000000000   0.98491490809603
    -214.00000000000   0.98477101979356
    -213.00000000000   0.98462817924800
    -212.00000000000   0.98448637383704
    -211.00000000000   0.98434559140425
    -210.00000000000   0.98420582023521
    -209.00000000000   0.98406704903526
    -208.00000000000   0.98392926690865
    -207.00000000000   0.98379246333904
    -206.00000000000   0.98365662817121
    -205.00000000000   0.98352175159387
    -204.00000000000   0.98338782412360
    -203.00000000000   0.98325483658965
    -202.00000000000   0.98312278011971
    -201.00000000000   0.98299164612649
    -200.00000000000   0.98286142629509
    -199.00000000000   0.98273211257103
    -198.00000000000   0.98260369714906
    -197.00000000000   0.98247617246247
    -196.00000000000   0.98234953117308
    -195.00000000000   0.98222376616172
    -194.00000000000   0.98209887051923
    -193.00000000000   0.98197483753794
    -192.00000000000   0.98185166070360
    -191.00000000000   0.98172933368771
    -190.00000000000   0.98160785034026
    -189.00000000000   0.98148720468281
    -188.00000000000   0.98136739090192
    -187.00000000000   0.98124840334296
    -186.00000000000   0.98113023650411
    -185.00000000000   0.98101288503077
    -184.00000000000   0.98089634371014
    -183.00000000000   0.98078060746612
    -182.00000000000   0.98066567135439
    -181.00000000000   0.98055153055780
    -180.00000000000   0.98043818038187
    -179.00000000000   0.98032561625057
    -178.00000000000   0.98021383370225
    -177.00000000000   0.98010282838576
    -176.00000000000   0.97999259605678
    -175.00000000000   0.97988313257420
    -174.00000000000   0.97977443389680
    -173.00000000000   0.97966649607995
    -172.00000000000   0.97955931527251
    -171.00000000000   0.97945288771388
    -170.00000000000   0.97934720973106
    -169.00000000000   0.97924227773601
    -168.00000000000   0.97913808822294
    -167.00000000000   0.97903463776582
    -166.00000000000   0.97893192301595
    -165.00000000000   0.97882994069962
    -164.00000000000   0.97872868761590
    -163.00000000000   0.97862816063447
    -162.00000000000   0.97852835669354
    -161.00000000000   0.97842927279789
    -160.00000000000   0.97833090601694
    -159.00000000000   0.97823325348293
    -158.00000000000   0.97813631238910
    -157.00000000000   0.97804007998805
    -156.00000000000   0.97794455359002
    -155.00000000000   0.97784973056138
    -154.00000000000   0.97775560832303
    -153.00000000000   0.97766218434900
    -152.00000000000   0.97756945616498
    -151.00000000000   0.97747742134694
    -150.00000000000   0.97738607751986
    -149.00000000000   0.97729542235641
    -148.00000000000   0.97720545357573
    -147.00000000000   0.97711616894222
    -146.00000000000   0.97702756626445
    -145.00000000000   0.97693964339397
    -144.00000000000   0.97685239822429
    -143.00000000000   0.97676582868980
    -142.00000000000   0.97667993276482
    -141.00000000000   0.97659470846258
    -140.00000000000   0.97651015383430
    -139.00000000000   0.97642626696826
    -138.00000000000   0.97634304598895
    -137.00000000000   0.97626048905622
    -136.00000000000   0.97617859436440
    -135.00000000000   0.97609736014155
    -134.00000000000   0.97601678464868
    -133.00000000000   0.97593686617902
    -132.00000000000   0.97585760305721
    -131.00000000000   0.97577899363863
    -130.00000000000   0.97570103630882
    -129.00000000000   0.97562372948271
    -128.00000000000   0.97554707160394
    -127.00000000000   0.97547106114427
    -126.00000000000   0.97539569660312
    -125.00000000000   0.97532097650683
    -124.00000000000   0.97524689940804
    -123.00000000000   0.97517346388517
    -122.00000000000   0.97510066854211
    -121.00000000000   0.97502851200749
    -120.00000000000   0.97495699293405
    -119.00000000000   0.97488610999825
    -118.00000000000   0.97481586190008
    -117.00000000000   0.97474624736237
    -116.00000000000   0.97467726513003
    -115.00000000000   0.97460891396990
    -114.00000000000   0.97454119267060
    -113.00000000000   0.97447410004192
    -112.00000000000   0.97440763491395
    -111.00000000000   0.97434179613697
    -110.00000000000   0.97427658258161
    -109.00000000000   0.97421199313817
    -108.00000000000   0.97414802671562
    -107.00000000000   0.97408468224153
    -106.00000000000   0.97402195866254
   -105.000000000000   0.97395985494372
   -104.000000000000   0.97389837006730
   -103.000000000000   0.97383750303263
   -102.000000000000   0.97377725285694
   -101.000000000000   0.97371761857491
   -100.000000000000   0.97365859923705
    -99.000000000000   0.97360019390948
    -98.000000000000   0.97354240167516
    -97.000000000000   0.97348522163372
    -96.000000000000   0.97342865289950
    -95.000000000000   0.97337269460097
    -94.000000000000   0.97331734588231
    -93.000000000000   0.97326260590392
    -92.000000000000   0.97320847384000
    -91.000000000000   0.97315494887740
    -90.000000000000   0.97310203021749
    -89.000000000000   0.97304971707751
    -88.000000000000   0.97299800868803
    -87.000000000000   0.97294690429081
    -86.000000000000   0.97289640314071
    -85.000000000000   0.97284650450816
    -84.000000000000   0.97279720767694
    -83.000000000000   0.97274851194072
    -82.000000000000   0.97270041660454
    -81.000000000000   0.97265292098861
    -80.000000000000   0.97260602442691
    -79.000000000000   0.97255972626252
    -78.000000000000   0.97251402584783
    -77.000000000000   0.97246892254952
    -76.000000000000   0.97242441574893
    -75.000000000000   0.97238050483635
    -74.000000000000   0.97233718920919
    -73.000000000000   0.97229446827762
    -72.000000000000   0.97225234146741
    -71.000000000000   0.97221080821408
    -70.000000000000   0.97216986795833
    -69.000000000000   0.97212952015117
    -68.000000000000   0.97208976425980
    -67.000000000000   0.97205059976297
    -66.000000000000   0.97201202614345
    -65.000000000000   0.97197404289105
    -64.000000000000   0.97193664951136
    -63.000000000000   0.97189984552410
    -62.000000000000   0.97186363045320
    -61.000000000000   0.97182800382604
    -60.000000000000   0.97179296518375
    -59.000000000000   0.97175851408431
    -58.000000000000   0.97172465009193
    -57.000000000000   0.97169137277107
    -56.000000000000   0.97165868169624
    -55.000000000000   0.97162657646047
    -54.000000000000   0.97159505666688
    -53.000000000000   0.97156412191731
    -52.000000000000   0.97153377181835
    -51.000000000000   0.97150400599481
    -50.000000000000   0.97147482408651
    -49.000000000000   0.97144622573304
    -48.000000000000   0.97141821057315
    -47.000000000000   0.97139077826058
    -46.000000000000   0.97136392846862
    -45.000000000000   0.97133766087453
    -44.000000000000   0.97131197515040
    -43.000000000000   0.97128687097721
    -42.000000000000   0.97126234805789
    -41.000000000000   0.97123840610596
    -40.000000000000   0.97121504482869
    -39.000000000000   0.97119226393434
    -38.000000000000   0.97117006315171
    -37.000000000000   0.97114844222765
    -36.000000000000   0.97112740090598
    -35.000000000000   0.97110693892413
    -34.000000000000   0.97108705603420
    -33.000000000000   0.97106775201203
    -32.000000000000   0.97104902663789
    -31.000000000000   0.97103087968145
    -30.000000000000   0.97101331091769
    -29.000000000000   0.97099632014675
    -28.000000000000   0.97097990718297
    -27.000000000000   0.97096407183125
    -26.000000000000   0.97094881389157
    -25.000000000000   0.97093413318468
    -24.000000000000   0.97092002955453
    -23.000000000000   0.97090650284261
    -22.000000000000   0.97089355287794
    -21.000000000000   0.97088117950063
    -20.000000000000   0.97086938257873
    -19.000000000000   0.97085816198894
    -18.000000000000   0.97084751759375
    -17.000000000000   0.97083744925456
    -16.000000000000   0.97082795685867
    -15.000000000000   0.97081904031382
    -14.000000000000   0.97081069951888
    -13.000000000000   0.97080293436104
    -12.000000000000   0.97079574474464
    -11.000000000000   0.97078913060245
   -10.0000000000000   0.97078309186962
    -9.0000000000000   0.97077762846466
    -8.0000000000000   0.97077274031027
    -7.0000000000000   0.97076842735854
    -6.0000000000000   0.97076468957735
    -5.0000000000000   0.97076152692087
    -4.0000000000000   0.97075893933466
    -3.0000000000000   0.97075692678690
    -2.0000000000000   0.97075548927226
    -1.0000000000000   0.97075462678179
   0.   0.97075433929007
     1.0000000000000   0.97075462678179
     2.0000000000000   0.97075548927226
     3.0000000000000   0.97075692678690
     4.0000000000000   0.97075893933466
     5.0000000000000   0.97076152692087
     6.0000000000000   0.97076468957735
     7.0000000000000   0.97076842735854
     8.0000000000000   0.97077274031027
     9.0000000000000   0.97077762846466
    10.0000000000000   0.97078309186962
     11.000000000000   0.97078913060245
     12.000000000000   0.97079574474464
     13.000000000000   0.97080293436104
     14.000000000000   0.97081069951888
     15.000000000000   0.97081904031382
     16.000000000000   0.97082795685867
     17.000000000000   0.97083744925456
     18.000000000000   0.97084751759375
     19.000000000000   0.97085816198894
     20.000000000000   0.97086938257873
     21.000000000000   0.97088117950063
     22.000000000000   0.97089355287794
     23.000000000000   0.97090650284261
     24.000000000000   0.97092002955453
     25.000000000000   0.97093413318468
     26.000000000000   0.97094881389157
     27.000000000000   0.97096407183125
     28.000000000000   0.97097990718297
     29.000000000000   0.97099632014675
     30.000000000000   0.97101331091769
     31.000000000000   0.97103087968145
     32.000000000000   0.97104902663789
     33.000000000000   0.97106775201203
     34.000000000000   0.97108705603420
     35.000000000000   0.97110693892413
     36.000000000000   0.97112740090598
     37.000000000000   0.97114844222765
     38.000000000000   0.97117006315171
     39.000000000000   0.97119226393434
     40.000000000000   0.97121504482869
     41.000000000000   0.97123840610596
     42.000000000000   0.97126234805789
     43.000000000000   0.97128687097721
     44.000000000000   0.97131197515040
     45.000000000000   0.97133766087453
     46.000000000000   0.97136392846862
     47.000000000000   0.97139077826058
     48.000000000000   0.97141821057315
     49.000000000000   0.97144622573304
     50.000000000000   0.97147482408651
     51.000000000000   0.97150400599481
     52.000000000000   0.97153377181835
     53.000000000000   0.97156412191731
     54.000000000000   0.97159505666688
     55.000000000000   0.97162657646047
     56.000000000000   0.97165868169624
     57.000000000000   0.97169137277107
     58.000000000000   0.97172465009193
     59.000000000000   0.97175851408431
     60.000000000000   0.97179296518375
     61.000000000000   0.97182800382604
     62.000000000000   0.97186363045320
     63.000000000000   0.97189984552410
     64.000000000000   0.97193664951136
     65.000000000000   0.97197404289105
     66.000000000000   0.97201202614345
     67.000000000000   0.97205059976297
     68.000000000000   0.97208976425980
     69.000000000000   0.97212952015117
     70.000000000000   0.97216986795833
     71.000000000000   0.97221080821408
     72.000000000000   0.97225234146741
     73.000000000000   0.97229446827762
     74.000000000000   0.97233718920919
     75.000000000000   0.97238050483635
     76.000000000000   0.97242441574893
     77.000000000000   0.97246892254951
     78.000000000000   0.97251402584783
     79.000000000000   0.97255972626252
     80.000000000000   0.97260602442691
     81.000000000000   0.97265292098861
     82.000000000000   0.97270041660454
     83.000000000000   0.97274851194072
     84.000000000000   0.97279720767694
     85.000000000000   0.97284650450816
     86.000000000000   0.97289640314071
     87.000000000000   0.97294690429081
     88.000000000000   0.97299800868803
     89.000000000000   0.97304971707751
     90.000000000000   0.97310203021749
     91.000000000000   0.97315494887740
     92.000000000000   0.97320847384000
     93.000000000000   0.97326260590391
     94.000000000000   0.97331734588231
     95.000000000000   0.97337269460097
     96.000000000000   0.97342865289950
     97.000000000000   0.97348522163372
     98.000000000000   0.97354240167516
     99.000000000000   0.97360019390948
    100.000000000000   0.97365859923705
    101.000000000000   0.97371761857491
    102.000000000000   0.97377725285694
    103.000000000000   0.97383750303263
    104.000000000000   0.97389837006730
    105.000000000000   0.97395985494372
     106.00000000000   0.97402195866254
     107.00000000000   0.97408468224153
     108.00000000000   0.97414802671562
     109.00000000000   0.97421199313817
     110.00000000000   0.97427658258161
     111.00000000000   0.97434179613697
     112.00000000000   0.97440763491395
     113.00000000000   0.97447410004192
     114.00000000000   0.97454119267060
     115.00000000000   0.97460891396990
     116.00000000000   0.97467726513003
     117.00000000000   0.97474624736237
     118.00000000000   0.97481586190008
     119.00000000000   0.97488610999825
     120.00000000000   0.97495699293405
     121.00000000000   0.97502851200749
     122.00000000000   0.97510066854211
     123.00000000000   0.97517346388517
     124.00000000000   0.97524689940804
     125.00000000000   0.97532097650683
     126.00000000000   0.97539569660312
     127.00000000000   0.97547106114427
     128.00000000000   0.97554707160394
     129.00000000000   0.97562372948271
     130.00000000000   0.97570103630882
     131.00000000000   0.97577899363863
     132.00000000000   0.97585760305721
     133.00000000000   0.97593686617902
     134.00000000000   0.97601678464868
     135.00000000000   0.97609736014155
     136.00000000000   0.97617859436440
     137.00000000000   0.97626048905622
     138.00000000000   0.97634304598895
     139.00000000000   0.97642626696826
     140.00000000000   0.97651015383430
     141.00000000000   0.97659470846258
     142.00000000000   0.97667993276482
     143.00000000000   0.97676582868980
     144.00000000000   0.97685239822429
     145.00000000000   0.97693964339397
     146.00000000000   0.97702756626445
     147.00000000000   0.97711616894222
     148.00000000000   0.97720545357573
     149.00000000000   0.97729542235641
     150.00000000000   0.97738607751986
     151.00000000000   0.97747742134694
     152.00000000000   0.97756945616498
     153.00000000000   0.97766218434900
     154.00000000000   0.97775560832303
     155.00000000000   0.97784973056138
     156.00000000000   0.97794455359002
     157.00000000000   0.97804007998805
     158.00000000000   0.97813631238910
     159.00000000000   0.97823325348293
     160.00000000000   0.97833090601694
     161.00000000000   0.97842927279789
     162.00000000000   0.97852835669353
     163.00000000000   0.97862816063447
     164.00000000000   0.97872868761590
     165.00000000000   0.97882994069962
     166.00000000000   0.97893192301595
     167.00000000000   0.97903463776582
     168.00000000000   0.97913808822294
     169.00000000000   0.97924227773601
     170.00000000000   0.97934720973106
     171.00000000000   0.97945288771388
     172.00000000000   0.97955931527251
     173.00000000000   0.97966649607995
     174.00000000000   0.97977443389680
     175.00000000000   0.97988313257420
     176.00000000000   0.97999259605678
     177.00000000000   0.98010282838576
     178.00000000000   0.98021383370225
     179.00000000000   0.98032561625057
     180.00000000000   0.98043818038187
     181.00000000000   0.98055153055780
     182.00000000000   0.98066567135439
     183.00000000000   0.98078060746612
     184.00000000000   0.98089634371014
     185.00000000000   0.98101288503077
     186.00000000000   0.98113023650411
     187.00000000000   0.98124840334296
     188.00000000000   0.98136739090192
     189.00000000000   0.98148720468281
     190.00000000000   0.98160785034026
     191.00000000000   0.98172933368771
     192.00000000000   0.98185166070360
     193.00000000000   0.98197483753794
     194.00000000000   0.98209887051923
     195.00000000000   0.98222376616172
     196.00000000000   0.98234953117308
     197.00000000000   0.98247617246247
     198.00000000000   0.98260369714906
     199.00000000000   0.98273211257103
     200.00000000000   0.98286142629509
     201.00000000000   0.98299164612649
     202.00000000000   0.98312278011971
     203.00000000000   0.98325483658965
     204.00000000000   0.98338782412360
     205.00000000000   0.98352175159387
     206.00000000000   0.98365662817121
     207.00000000000   0.98379246333904
     208.00000000000   0.98392926690865
     209.00000000000   0.98406704903526
     210.00000000000   0.98420582023521
     211.00000000000   0.98434559140425
     212.00000000000   0.98448637383704
     213.00000000000   0.98462817924800
     214.00000000000   0.98477101979356
     215.00000000000   0.98491490809603
     216.00000000000   0.98505985726912
     217.00000000000   0.98520588094528
     218.00000000000   0.98535299330517
     219.00000000000   0.98550120910919
     220.00000000000   0.98565054373154
     221.00000000000   0.98580101319682
     222.00000000000   0.98595263421962
     223.00000000000   0.98610542424725
     224.00000000000   0.98625940150592
     225.00000000000   0.98641458505091
     226.00000000000   0.98657099482093
     227.00000000000   0.98672865169722
     228.00000000000   0.98688757756795
     229.00000000000   0.98704779539840
     230.00000000000   0.98720932930775
     231.00000000000   0.98737220465301
     232.00000000000   0.98753644812127
     233.00000000000   0.98770208783092
     234.00000000000   0.98786915344335
     235.00000000000   0.98803767628614
     236.00000000000   0.98820768948950
     237.00000000000   0.98837922813770
     238.00000000000   0.98855232943749
     239.00000000000   0.98872703290607
     240.00000000000   0.98890338058148
     241.00000000000   0.98908141725881
     242.00000000000   0.98926119075630
     243.00000000000   0.98944275221623
     244.00000000000   0.98962615644645
     245.00000000000   0.98981146230965
     246.00000000000   0.98999873316910
     247.00000000000   0.99018803740140
     248.00000000000   0.99037944898964
     249.00000000000   0.99057304821346
     250.00000000000   0.99076892245699
     251.00000000000   0.99096716716169
     252.00000000000   0.99116788695918
     253.00000000000   0.99137119703058
     254.00000000000   0.99157722475523
     255.00000000000   0.99178611173588
     256.00000000000   0.99199801632275
     257.00000000000   0.99221311681234
     258.00000000000   0.99243161557386
     259.00000000000   0.99265374446301
     260.00000000000   0.99287977201587
     261.00000000000   0.99311001304738
     262.00000000000   0.99334484133575
     263.00000000000   0.99358470590043
     264.00000000000   0.99383015072087
     265.00000000000   0.99408183624479
     266.00000000000   0.99434055835151
     267.00000000000   0.99460725643687
     268.00000000000   0.99488299739877
     269.00000000000   0.99516891786547
     270.00000000000   0.99546610543243
     271.00000000000   0.99577540407590
     272.00000000000   0.99609714202130
     273.00000000000   0.99643080275270
     274.00000000000   0.99677468824070
     275.00000000000   0.99712564989087
     276.00000000000   0.99747897599116
     277.00000000000   0.99782851399187
     278.00000000000   0.99816706706238
     279.00000000000   0.99848704242859
     280.00000000000   0.99878126012193
     281.00000000000   0.99904377734007
     282.00000000000   0.99927056583860
     283.00000000000   0.99945990687134
     284.00000000000   0.99961243360364
     285.00000000000   0.99973083416849
     286.00000000000   0.99981930327247
     287.00000000000   0.99988287464951
     288.00000000000   0.99992677124964
     289.00000000000   0.99995587977384
     290.00000000000   0.99997440631854
     291.00000000000   0.99998571872140
     292.00000000000   0.99999234291065
     293.00000000000   0.99999606155013
     294.00000000000   0.99999806226645
     295.00000000000   0.99999909367519
     296.00000000000   0.99999960303895
     297.00000000000   0.99999984397254
     298.00000000000   0.99999995310877
     299.00000000000    1.0000000004437
     300.00000000000    1.0000000200991
     301.00000000000    1.0000000279122
     302.00000000000    1.0000000308849
     303.00000000000    1.0000000319675
     304.00000000000    1.0000000323448
     305.00000000000    1.0000000324706
     306.00000000000    1.0000000325108
     307.00000000000    1.0000000325230
     308.00000000000    1.0000000325266
     309.00000000000    1.0000000325276
     310.00000000000    1.0000000325279
     311.00000000000    1.0000000325280
     312.00000000000    1.0000000325280
     313.00000000000    1.0000000325280
     314.00000000000    1.0000000325280
     315.00000000000    1.0000000325280
     316.00000000000    1.0000000325280
     317.00000000000    1.0000000325280
     318.00000000000    1.0000000325280
     319.00000000000    1.0000000325280
     320.00000000000    1.0000000325280
     321.00000000000    1.0000000325280
     322.00000000000    1.0000000325280
     323.00000000000    1.0000000325280
     324.00000000000    1.0000000325280
     325.00000000000    1.0000000325280
     326.00000000000    1.0000000325280
     327.00000000000    1.0000000325280
     328.00000000000    1.0000000325280
     329.00000000000    1.0000000325280
     330.00000000000    1.0000000325280
     331.00000000000    1.0000000325280
     332.00000000000    1.0000000325280
     333.00000000000    1.0000000325280
     334.00000000000    1.0000000325280
     335.00000000000    1.0000000325280
     336.00000000000    1.0000000325280
     337.00000000000    1.0000000325280
     338.00000000000    1.0000000325280
     339.00000000000    1.0000000325280
     340.00000000000    1.0000000325280
     341.00000000000    1.0000000325280
     342.00000000000    1.0000000325280
     343.00000000000    1.0000000325280
     344.00000000000    1.0000000325280
     345.00000000000    1.0000000325280
     346.00000000000    1.0000000325280
     347.00000000000    1.0000000325280
     348.00000000000    1.0000000325280
     349.00000000000    1.0000000325280
     350.00000000000    1.0000000325280
     351.00000000000    1.0000000325280
     352.00000000000    1.0000000325280
     353.00000000000    1.0000000325280
     354.00000000000    1.0000000325280
     355.00000000000    1.0000000325280
     356.00000000000    1.0000000325280
     357.00000000000    1.0000000325280
     358.00000000000    1.0000000325280
     359.00000000000    1.0000000325280
     360.00000000000    1.0000000325280
     361.00000000000    1.0000000325280
     362.00000000000    1.0000000325280
     363.00000000000    1.0000000325280
     364.00000000000    1.0000000325280
     365.00000000000    1.0000000325280
     366.00000000000    1.0000000325280
     367.00000000000    1.0000000325280
     368.00000000000    1.0000000325280
     369.00000000000    1.0000000325280
     370.00000000000    1.0000000325280
     371.00000000000    1.0000000325280
     372.00000000000    1.0000000325280
     373.00000000000    1.0000000325280
     374.00000000000    1.0000000325280
     375.00000000000    1.0000000325280
     376.00000000000    1.0000000325280
     377.00000000000    1.0000000325280
     378.00000000000    1.0000000325280
     379.00000000000    1.0000000325280
     380.00000000000    1.0000000325280
     381.00000000000    1.0000000325280
     382.00000000000    1.0000000325280
     383.00000000000    1.0000000325280
     384.00000000000    1.0000000325280
     385.00000000000    1.0000000325280
     386.00000000000    1.0000000325280
     387.00000000000    1.0000000325280
     388.00000000000    1.0000000325280
     389.00000000000    1.0000000325280
     390.00000000000    1.0000000325280
     391.00000000000    1.0000000325280
     392.00000000000    1.0000000325280
     393.00000000000    1.0000000325280
     394.00000000000    1.0000000325280
     395.00000000000    1.0000000325280
     396.00000000000    1.0000000325280
     397.00000000000    1.0000000325280
     398.00000000000    1.0000000325280
     399.00000000000    1.0000000325280
     400.00000000000    1.0000000325280
     401.00000000000    1.0000000325280
     402.00000000000    1.0000000325280
     403.00000000000    1.0000000325280
     404.00000000000    1.0000000325280
     405.00000000000    1.0000000325280
     406.00000000000    1.0000000325280
     407.00000000000    1.0000000325280
     408.00000000000    1.0000000325280
     409.00000000000    1.0000000325280
     410.00000000000    1.0000000325280
     411.00000000000    1.0000000325280
     412.00000000000    1.0000000325280
     413.00000000000    1.0000000325280
     414.00000000000    1.0000000325280
     415.00000000000    1.0000000325280
     416.00000000000    1.0000000325280
     417.00000000000    1.0000000325280
     418.00000000000    1.0000000325280
     419.00000000000    1.0000000325280
     420.00000000000    1.0000000325280
     421.00000000000    1.0000000325280
     422.00000000000    1.0000000325280
     423.00000000000    1.0000000325280
     424.00000000000    1.0000000325280
     425.00000000000    1.0000000325280
     426.00000000000    1.0000000325280
     427.00000000000    1.0000000325280
     428.00000000000    1.0000000325280
     429.00000000000    1.0000000325280
     430.00000000000    1.0000000325280
     431.00000000000    1.0000000325280
     432.00000000000    1.0000000325280
     433.00000000000    1.0000000325280
     434.00000000000    1.0000000325280
     435.00000000000    1.0000000325280
     436.00000000000    1.0000000325280
     437.00000000000    1.0000000325280
     438.00000000000    1.0000000325280
     439.00000000000    1.0000000325280
     440.00000000000    1.0000000325280
     441.00000000000    1.0000000325280
     442.00000000000    1.0000000325280
     443.00000000000    1.0000000325280
     444.00000000000    1.0000000325280
     445.00000000000    1.0000000325280
     446.00000000000    1.0000000325280
     447.00000000000    1.0000000325280
     448.00000000000    1.0000000325280
     449.00000000000    1.0000000325280
     450.00000000000    1.0000000325280
     451.00000000000    1.0000000325280
     452.00000000000    1.0000000325280
     453.00000000000    1.0000000325280
     454.00000000000    1.0000000325280
     455.00000000000    1.0000000325280
     456.00000000000    1.0000000325280
     457.00000000000    1.0000000325280
     458.00000000000    1.0000000325280
     459.00000000000    1.0000000325280
     460.00000000000    1.0000000325280
     461.00000000000    1.0000000325280
     462.00000000000    1.0000000325280
     463.00000000000    1.0000000325280
     464.00000000000    1.0000000325280
     465.00000000000    1.0000000325280
     466.00000000000    1.0000000325280
     467.00000000000    1.0000000325280
     468.00000000000    1.0000000325280
     469.00000000000    1.0000000325280
     470.00000000000    1.0000000325280
     471.00000000000    1.0000000325280
     472.00000000000    1.0000000325280
     473.00000000000    1.0000000325280
     474.00000000000    1.0000000325280
     475.00000000000    1.0000000325280
     476.00000000000    1.0000000325280
     477.00000000000    1.0000000325280
     478.00000000000    1.0000000325280
     479.00000000000    1.0000000325280
     480.00000000000    1.0000000325280
     481.00000000000    1.0000000325280
     482.00000000000    1.0000000325280
     483.00000000000    1.0000000325280
     484.00000000000    1.0000000325280
     485.00000000000    1.0000000325280
     486.00000000000    1.0000000325280
     487.00000000000    1.0000000325280
     488.00000000000    1.0000000325280
     489.00000000000    1.0000000325280
     490.00000000000    1.0000000325280
     491.00000000000    1.0000000325280
     492.00000000000    1.0000000325280
     493.00000000000    1.0000000325280
     494.00000000000    1.0000000325280
     495.00000000000    1.0000000325280
     496.00000000000    1.0000000325280
     497.00000000000    1.0000000325280
     498.00000000000    1.0000000325280
     499.00000000000    1.0000000325280
     500.00000000000    1.0000000325280
