    -500.00000000000    1.0000000325280
    -499.00000000000    1.0000000325280
    -498.00000000000    1.0000000325280
    -497.00000000000    1.0000000325280
    -496.00000000000    1.0000000325280
    -495.00000000000    1.0000000325280
    -494.00000000000    1.0000000325280
    -493.00000000000    1.0000000325280
    -492.00000000000    1.0000000325280
    -491.00000000000    1.0000000325280
    -490.00000000000    1.0000000325280
    -489.00000000000    1.0000000325280
    -488.00000000000    1.0000000325280
    -487.00000000000    1.0000000325280
    -486.00000000000    1.0000000325280
    -485.00000000000    1.0000000325280
    -484.00000000000    1.0000000325280
    -483.00000000000    1.0000000325280
    -482.00000000000    1.0000000325280
    -481.00000000000    1.0000000325280
    -480.00000000000    1.0000000325280
    -479.00000000000    1.0000000325280
    -478.00000000000    1.0000000325280
    -477.00000000000    1.0000000325280
    -476.00000000000    1.0000000325280
    -475.00000000000    1.0000000325280
    -474.00000000000    1.0000000325280
    -473.00000000000    1.0000000325280
    -472.00000000000    1.0000000325280
    -471.00000000000    1.0000000325280
    -470.00000000000    1.0000000325280
    -469.00000000000    1.0000000325280
    -468.00000000000    1.0000000325280
    -467.00000000000    1.0000000325280
    -466.00000000000    1.0000000325280
    -465.00000000000    1.0000000325280
    -464.00000000000    1.0000000325280
    -463.00000000000    1.0000000325280
    -462.00000000000    1.0000000325280
    -461.00000000000    1.0000000325280
    -460.00000000000    1.0000000325280
    -459.00000000000    1.0000000325280
    -458.00000000000    1.0000000325280
    -457.00000000000    1.0000000325280
    -456.00000000000    1.0000000325280
    -455.00000000000    1.0000000325280
    -454.00000000000    1.0000000325280
    -453.00000000000    1.0000000325280
    -452.00000000000    1.0000000325280
    -451.00000000000    1.0000000325280
    -450.00000000000    1.0000000325280
    -449.00000000000    1.0000000325280
    -448.00000000000    1.0000000325280
    -447.00000000000    1.0000000325280
    -446.00000000000    1.0000000325280
    -445.00000000000    1.0000000325280
    -444.00000000000    1.0000000325280
    -443.00000000000    1.0000000325280
    -442.00000000000    1.0000000325280
    -441.00000000000    1.0000000325280
    -440.00000000000    1.0000000325280
    -439.00000000000    1.0000000325280
    -438.00000000000    1.0000000325280
    -437.00000000000    1.0000000325280
    -436.00000000000    1.0000000325280
    -435.00000000000    1.0000000325280
    -434.00000000000    1.0000000325280
    -433.00000000000    1.0000000325280
    -432.00000000000    1.0000000325280
    -431.00000000000    1.0000000325280
    -430.00000000000    1.0000000325280
    -429.00000000000    1.0000000325280
    -428.00000000000    1.0000000325280
    -427.00000000000    1.0000000325280
    -426.00000000000    1.0000000325280
    -425.00000000000    1.0000000325280
    -424.00000000000    1.0000000325280
    -423.00000000000    1.0000000325280
    -422.00000000000    1.0000000325280
    -421.00000000000    1.0000000325280
    -420.00000000000    1.0000000325280
    -419.00000000000    1.0000000325280
    -418.00000000000    1.0000000325280
    -417.00000000000    1.0000000325280
    -416.00000000000    1.0000000325280
    -415.00000000000    1.0000000325280
    -414.00000000000    1.0000000325280
    -413.00000000000    1.0000000325280
    -412.00000000000    1.0000000325280
    -411.00000000000    1.0000000325280
    -410.00000000000    1.0000000325280
    -409.00000000000    1.0000000325280
    -408.00000000000    1.0000000325280
    -407.00000000000    1.0000000325280
    -406.00000000000    1.0000000325280
    -405.00000000000    1.0000000325280
    -404.00000000000    1.0000000325280
    -403.00000000000    1.0000000325280
    -402.00000000000    1.0000000325280
    -401.00000000000    1.0000000325280
    -400.00000000000    1.0000000325280
    -399.00000000000    1.0000000325280
    -398.00000000000    1.0000000325280
    -397.00000000000    1.0000000325280
    -396.00000000000    1.0000000325280
    -395.00000000000    1.0000000325280
    -394.00000000000    1.0000000325280
    -393.00000000000    1.0000000325280
    -392.00000000000    1.0000000325280
    -391.00000000000    1.0000000325280
    -390.00000000000    1.0000000325280
    -389.00000000000    1.0000000325280
    -388.00000000000    1.0000000325280
    -387.00000000000    1.0000000325280
    -386.00000000000    1.0000000325280
    -385.00000000000    1.0000000325280
    -384.00000000000    1.0000000325280
    -383.00000000000    1.0000000325280
    -382.00000000000    1.0000000325280
    -381.00000000000    1.0000000325280
    -380.00000000000    1.0000000325280
    -379.00000000000    1.0000000325280
    -378.00000000000    1.0000000325280
    -377.00000000000    1.0000000325280
    -376.00000000000    1.0000000325280
    -375.00000000000    1.0000000325280
    -374.00000000000    1.0000000325280
    -373.00000000000    1.0000000325280
    -372.00000000000    1.0000000325280
    -371.00000000000    1.0000000325280
    -370.00000000000    1.0000000325280
    -369.00000000000    1.0000000325280
    -368.00000000000    1.0000000325280
    -367.00000000000    1.0000000325280
    -366.00000000000    1.0000000325280
    -365.00000000000    1.0000000325280
    -364.00000000000    1.0000000325280
    -363.00000000000    1.0000000325280
    -362.00000000000    1.0000000325280
    -361.00000000000    1.0000000325280
    -360.00000000000    1.0000000325280
    -359.00000000000    1.0000000325280
    -358.00000000000    1.0000000325280
    -357.00000000000    1.0000000325280
    -356.00000000000    1.0000000325280
    -355.00000000000    1.0000000325280
    -354.00000000000    1.0000000325280
    -353.00000000000    1.0000000325280
    -352.00000000000    1.0000000325280
    -351.00000000000    1.0000000325280
    -350.00000000000    1.0000000325280
    -349.00000000000    1.0000000325280
    -348.00000000000    1.0000000325280
    -347.00000000000    1.0000000325280
    -346.00000000000    1.0000000325280
    -345.00000000000    1.0000000325280
    -344.00000000000    1.0000000325280
    -343.00000000000    1.0000000325280
    -342.00000000000    1.0000000325280
    -341.00000000000    1.0000000325280
    -340.00000000000    1.0000000325280
    -339.00000000000    1.0000000325280
    -338.00000000000    1.0000000325280
    -337.00000000000    1.0000000325280
    -336.00000000000    1.0000000325280
    -335.00000000000    1.0000000325280
    -334.00000000000    1.0000000325280
    -333.00000000000    1.0000000325280
    -332.00000000000    1.0000000325280
    -331.00000000000    1.0000000325280
    -330.00000000000    1.0000000325280
    -329.00000000000    1.0000000325280
    -328.00000000000    1.0000000325280
    -327.00000000000    1.0000000325280
    -326.00000000000    1.0000000325280
    -325.00000000000    1.0000000325280
    -324.00000000000    1.0000000325280
    -323.00000000000    1.0000000325280
    -322.00000000000    1.0000000325280
    -321.00000000000    1.0000000325280
    -320.00000000000    1.0000000325280
    -319.00000000000    1.0000000325280
    -318.00000000000    1.0000000325280
    -317.00000000000    1.0000000325280
    -316.00000000000    1.0000000325280
    -315.00000000000    1.0000000325280
    -314.00000000000    1.0000000325280
    -313.00000000000    1.0000000325280
    -312.00000000000    1.0000000325280
    -311.00000000000    1.0000000325280
    -310.00000000000    1.0000000325280
    -309.00000000000    1.0000000325280
    -308.00000000000    1.0000000325280
    -307.00000000000    1.0000000325280
    -306.00000000000    1.0000000325280
    -305.00000000000    1.0000000325280
    -304.00000000000    1.0000000325280
    -303.00000000000    1.0000000325280
    -302.00000000000    1.0000000325280
    -301.00000000000    1.0000000325280
    -300.00000000000    1.0000000325280
    -299.00000000000    1.0000000325280
    -298.00000000000    1.0000000325280
    -297.00000000000    1.0000000325280
    -296.00000000000    1.0000000325280
    -295.00000000000    1.0000000325280
    -294.00000000000    1.0000000325280
    -293.00000000000    1.0000000325280
    -292.00000000000    1.0000000325280
    -291.00000000000    1.0000000325280
    -290.00000000000    1.0000000325280
    -289.00000000000    1.0000000325280
    -288.00000000000    1.0000000325280
    -287.00000000000    1.0000000325280
    -286.00000000000    1.0000000325280
    -285.00000000000    1.0000000325280
    -284.00000000000    1.0000000325280
    -283.00000000000    1.0000000325280
    -282.00000000000    1.0000000325280
    -281.00000000000    1.0000000325280
    -280.00000000000    1.0000000325280
    -279.00000000000    1.0000000325280
    -278.00000000000    1.0000000325280
    -277.00000000000    1.0000000325280
    -276.00000000000    1.0000000325280
    -275.00000000000    1.0000000325280
    -274.00000000000    1.0000000325280
    -273.00000000000    1.0000000325280
    -272.00000000000    1.0000000325280
    -271.00000000000    1.0000000325280
    -270.00000000000    1.0000000325280
    -269.00000000000    1.0000000325280
    -268.00000000000    1.0000000325280
    -267.00000000000    1.0000000325280
    -266.00000000000    1.0000000325280
    -265.00000000000    1.0000000325280
    -264.00000000000    1.0000000325280
    -263.00000000000    1.0000000325280
    -262.00000000000    1.0000000325280
    -261.00000000000    1.0000000325280
    -260.00000000000    1.0000000325280
    -259.00000000000    1.0000000325280
    -258.00000000000    1.0000000325280
    -257.00000000000    1.0000000325280
    -256.00000000000    1.0000000325280
    -255.00000000000    1.0000000325280
    -254.00000000000    1.0000000325280
    -253.00000000000    1.0000000325280
    -252.00000000000    1.0000000325280
    -251.00000000000    1.0000000325280
    -250.00000000000    1.0000000325280
    -249.00000000000    1.0000000325280
    -248.00000000000    1.0000000325280
    -247.00000000000    1.0000000325280
    -246.00000000000    1.0000000325280
    -245.00000000000    1.0000000325280
    -244.00000000000    1.0000000325280
    -243.00000000000    1.0000000325280
    -242.00000000000    1.0000000325280
    -241.00000000000    1.0000000325280
    -240.00000000000    1.0000000325280
    -239.00000000000    1.0000000325280
    -238.00000000000    1.0000000325280
    -237.00000000000    1.0000000325280
    -236.00000000000    1.0000000325280
    -235.00000000000    1.0000000325280
    -234.00000000000    1.0000000325280
    -233.00000000000    1.0000000325280
    -232.00000000000    1.0000000325280
    -231.00000000000    1.0000000325280
    -230.00000000000    1.0000000325280
    -229.00000000000    1.0000000325280
    -228.00000000000    1.0000000325280
    -227.00000000000    1.0000000325280
    -226.00000000000    1.0000000325280
    -225.00000000000    1.0000000325280
    -224.00000000000    1.0000000325280
    -223.00000000000    1.0000000325280
    -222.00000000000    1.0000000325280
    -221.00000000000    1.0000000325280
    -220.00000000000    1.0000000325280
    -219.00000000000    1.0000000325280
    -218.00000000000    1.0000000325280
    -217.00000000000    1.0000000325280
    -216.00000000000    1.0000000325280
    -215.00000000000    1.0000000325280
    -214.00000000000    1.0000000325280
    -213.00000000000    1.0000000325280
    -212.00000000000    1.0000000325280
    -211.00000000000    1.0000000325280
    -210.00000000000    1.0000000325280
    -209.00000000000    1.0000000325280
    -208.00000000000    1.0000000325280
    -207.00000000000    1.0000000325280
    -206.00000000000    1.0000000325280
    -205.00000000000    1.0000000325280
    -204.00000000000    1.0000000325279
    -203.00000000000    1.0000000325278
    -202.00000000000    1.0000000325272
    -201.00000000000    1.0000000325251
    -200.00000000000    1.0000000325176
    -199.00000000000    1.0000000324917
    -198.00000000000    1.0000000324070
    -197.00000000000    1.0000000321415
    -196.00000000000    1.0000000313450
    -195.00000000000    1.0000000290587
    -194.00000000000    1.0000000227776
    -193.00000000000    1.0000000062618
    -192.00000000000   0.99999996469185
    -191.00000000000   0.99999986452861
    -190.00000000000   0.99999963346141
    -189.00000000000   0.99999912304581
    -188.00000000000   0.99999804328429
    -187.00000000000   0.99999585541500
    -186.00000000000   0.99999160837657
    -185.00000000000   0.99998370857352
    -184.00000000000   0.99996962476415
    -183.00000000000   0.99994555211975
    -182.00000000000   0.99990609056859
    -181.00000000000   0.99984402606751
    -180.00000000000   0.99975032735724
    -179.00000000000   0.99961446960479
    -178.00000000000   0.99942515700869
    -177.00000000000   0.99917143585131
    -176.00000000000   0.99884408075779
    -175.00000000000   0.99843702991002
    -174.00000000000   0.99794857841844
    -173.00000000000   0.99738204590473
    -172.00000000000   0.99674572591933
    -171.00000000000   0.99605208198155
    -170.00000000000   0.99531633209919
    -169.00000000000   0.99455470474438
    -168.00000000000   0.99378271037291
    -167.00000000000   0.99301373864503
    -166.00000000000   0.99225818098988
    -165.00000000000   0.99152313317887
    -164.00000000000   0.99081260048669
    -163.00000000000   0.99012804348739
    -162.00000000000   0.98946907780554
    -161.00000000000   0.98883416699274
    -160.00000000000   0.98822120222477
    -159.00000000000   0.98762792214586
    -158.00000000000   0.98705217390535
    -157.00000000000   0.98649204488520
    -156.00000000000   0.98594590473584
    -155.00000000000   0.98541239467538
    -154.00000000000   0.98489039207139
    -153.00000000000   0.98437896821446
    -152.00000000000   0.98387734880133
    -151.00000000000   0.98338488094125
    -150.00000000000   0.98290100726179
    -149.00000000000   0.98242524622051
    -148.00000000000   0.98195717730120
    -147.00000000000   0.98149642984895
    -146.00000000000   0.98104267454790
    -145.00000000000   0.98059561680866
    -144.00000000000   0.98015499154715
    -143.00000000000   0.97972055899356
    -142.00000000000   0.97929210127915
    -141.00000000000   0.97886941962127
    -140.00000000000   0.97845233197685
    -139.00000000000   0.97804067106818
    -138.00000000000   0.97763428270839
    -137.00000000000   0.97723302437106
    -136.00000000000   0.97683676396038
    -135.00000000000   0.97644537874756
    -134.00000000000   0.97605875444633
    -133.00000000000   0.97567678440515
    -132.00000000000   0.97529936889847
    -131.00000000000   0.97492641450208
    -130.00000000000   0.97455783354066
    -129.00000000000   0.97419354359718
    -128.00000000000   0.97383346707596
    -127.00000000000   0.97347753081213
    -126.00000000000   0.97312566572156
    -125.00000000000   0.97277780648622
    -124.00000000000   0.97243389127055
    -123.00000000000   0.97209386146522
    -122.00000000000   0.97175766145499
    -121.00000000000   0.97142523840798
    -120.00000000000   0.97109654208394
    -119.00000000000   0.97077152465944
    -118.00000000000   0.97045014056820
    -117.00000000000   0.97013234635494
    -116.00000000000   0.96981810054132
    -115.00000000000   0.96950736350292
    -114.00000000000   0.96920009735593
    -113.00000000000   0.96889626585282
    -112.00000000000   0.96859583428605
    -111.00000000000   0.96829876939897
    -110.00000000000   0.96800503930352
    -109.00000000000   0.96771461340379
    -108.00000000000   0.96742746232515
    -107.00000000000   0.96714355784843
    -106.00000000000   0.96686287284860
   -105.000000000000   0.96658538123769
   -104.000000000000   0.96631105791158
   -103.000000000000   0.96603987870030
   -102.000000000000   0.96577182032159
   -101.000000000000   0.96550686033742
   -100.000000000000   0.96524497711336
    -99.000000000000   0.96498614978037
    -98.000000000000   0.96473035819906
    -97.000000000000   0.96447758292608
    -96.000000000000   0.96422780518251
    -95.000000000000   0.96398100682414
    -94.000000000000   0.96373717031355
    -93.000000000000   0.96349627869365
    -92.000000000000   0.96325831556291
    -91.000000000000   0.96302326505184
    -90.000000000000   0.96279111180087
    -89.000000000000   0.96256184093938
    -88.000000000000   0.96233543806591
    -87.000000000000   0.96211188922940
    -86.000000000000   0.96189118091149
    -85.000000000000   0.96167330000964
    -84.000000000000   0.96145823382121
    -83.000000000000   0.96124597002835
    -82.000000000000   0.96103649668359
    -81.000000000000   0.96082980219623
    -80.000000000000   0.96062587531937
    -79.000000000000   0.96042470513759
    -78.000000000000   0.96022628105517
    -77.000000000000   0.96003059278500
    -76.000000000000   0.95983763033790
    -75.000000000000   0.95964738401249
    -74.000000000000   0.95945984438556
    -73.000000000000   0.95927500230283
    -72.000000000000   0.95909284887019
    -71.000000000000   0.95891337544530
    -70.000000000000   0.95873657362960
    -69.000000000000   0.95856243526064
    -68.000000000000   0.95839095240478
    -67.000000000000   0.95822211735022
    -66.000000000000   0.95805592260030
    -65.000000000000   0.95789236086711
    -64.000000000000   0.95773142506539
    -63.000000000000   0.95757310830666
    -62.000000000000   0.95741740389364
    -61.000000000000   0.95726430531484
    -60.000000000000   0.95711380623946
    -59.000000000000   0.95696590051245
    -58.000000000000   0.95682058214977
    -57.000000000000   0.95667784533390
    -56.000000000000   0.95653768440943
    -55.000000000000   0.95640009387899
    -54.000000000000   0.95626506839915
    -53.000000000000   0.95613260277668
    -52.000000000000   0.95600269196482
    -51.000000000000   0.95587533105974
    -50.000000000000   0.95575051529719
    -49.000000000000   0.95562824004924
    -48.000000000000   0.95550850082110
    -47.000000000000   0.95539129324823
    -46.000000000000   0.95527661309333
    -45.000000000000   0.95516445624369
    -44.000000000000   0.95505481870846
    -43.000000000000   0.95494769661614
    -42.000000000000   0.95484308621212
    -41.000000000000   0.95474098385632
    -40.000000000000   0.95464138602094
    -39.000000000000   0.95454428928833
    -38.000000000000   0.95444969034884
    -37.000000000000   0.95435758599889
    -36.000000000000   0.95426797313901
    -35.000000000000   0.95418084877205
    -34.000000000000   0.95409621000139
    -33.000000000000   0.95401405402923
    -32.000000000000   0.95393437815505
    -31.000000000000   0.95385717977397
    -30.000000000000   0.95378245637534
    -29.000000000000   0.95371020554128
    -28.000000000000   0.95364042494534
    -27.000000000000   0.95357311235118
    -26.000000000000   0.95350826561139
    -25.000000000000   0.95344588266624
    -24.000000000000   0.95338596154260
    -23.000000000000   0.95332850035283
    -22.000000000000   0.95327349729382
    -21.000000000000   0.95322095064593
    -20.000000000000   0.95317085877217
    -19.000000000000   0.95312322011726
    -18.000000000000   0.95307803320682
    -17.000000000000   0.95303529664662
    -16.000000000000   0.95299500912183
    -15.000000000000   0.95295716939630
    -14.000000000000   0.95292177631198
    -13.000000000000   0.95288882878828
    -12.000000000000   0.95285832582150
    -11.000000000000   0.95283026648436
   -10.0000000000000   0.95280464992546
    -9.0000000000000   0.95278147536891
    -8.0000000000000   0.95276074211387
    -7.0000000000000   0.95274244953425
    -6.0000000000000   0.95272659707835
    -5.0000000000000   0.95271318426859
    -4.0000000000000   0.95270221070129
    -3.0000000000000   0.95269367604642
    -2.0000000000000   0.95268758004747
    -1.0000000000000   0.95268392252133
   0.   0.95268270335815
     1.0000000000000   0.95268392252133
     2.0000000000000   0.95268758004747
     3.0000000000000   0.95269367604642
     4.0000000000000   0.95270221070129
     5.0000000000000   0.95271318426859
     6.0000000000000   0.95272659707835
     7.0000000000000   0.95274244953426
     8.0000000000000   0.95276074211387
     9.0000000000000   0.95278147536891
    10.0000000000000   0.95280464992546
     11.000000000000   0.95283026648436
     12.000000000000   0.95285832582150
     13.000000000000   0.95288882878828
     14.000000000000   0.95292177631198
     15.000000000000   0.95295716939630
     16.000000000000   0.95299500912183
     17.000000000000   0.95303529664662
     18.000000000000   0.95307803320682
     19.000000000000   0.95312322011726
     20.000000000000   0.95317085877217
     21.000000000000   0.95322095064593
     22.000000000000   0.95327349729382
     23.000000000000   0.95332850035284
     24.000000000000   0.95338596154260
     25.000000000000   0.95344588266624
     26.000000000000   0.95350826561139
     27.000000000000   0.95357311235118
     28.000000000000   0.95364042494534
     29.000000000000   0.95371020554128
     30.000000000000   0.95378245637534
     31.000000000000   0.95385717977397
     32.000000000000   0.95393437815505
     33.000000000000   0.95401405402923
     34.000000000000   0.95409621000139
     35.000000000000   0.95418084877205
     36.000000000000   0.95426797313901
     37.000000000000   0.95435758599889
     38.000000000000   0.95444969034884
     39.000000000000   0.95454428928833
     40.000000000000   0.95464138602094
     41.000000000000   0.95474098385632
     42.000000000000   0.95484308621212
     43.000000000000   0.95494769661614
     44.000000000000   0.95505481870846
     45.000000000000   0.95516445624369
     46.000000000000   0.95527661309333
     47.000000000000   0.95539129324823
     48.000000000000   0.95550850082110
     49.000000000000   0.95562824004924
     50.000000000000   0.95575051529719
     51.000000000000   0.95587533105974
     52.000000000000   0.95600269196482
     53.000000000000   0.95613260277668
     54.000000000000   0.95626506839915
     55.000000000000   0.95640009387899
     56.000000000000   0.95653768440943
     57.000000000000   0.95667784533390
     58.000000000000   0.95682058214977
     59.000000000000   0.95696590051245
     60.000000000000   0.95711380623946
     61.000000000000   0.95726430531484
     62.000000000000   0.95741740389364
     63.000000000000   0.95757310830666
     64.000000000000   0.95773142506539
     65.000000000000   0.95789236086711
     66.000000000000   0.95805592260030
     67.000000000000   0.95822211735022
     68.000000000000   0.95839095240478
     69.000000000000   0.95856243526064
     70.000000000000   0.95873657362960
     71.000000000000   0.95891337544530
     72.000000000000   0.95909284887019
     73.000000000000   0.95927500230283
     74.000000000000   0.95945984438556
     75.000000000000   0.95964738401249
     76.000000000000   0.95983763033790
     77.000000000000   0.96003059278500
     78.000000000000   0.96022628105517
     79.000000000000   0.96042470513759
     80.000000000000   0.96062587531937
     81.000000000000   0.96082980219623
     82.000000000000   0.96103649668359
     83.000000000000   0.96124597002835
     84.000000000000   0.96145823382121
     85.000000000000   0.96167330000964
     86.000000000000   0.96189118091149
     87.000000000000   0.96211188922940
     88.000000000000   0.96233543806591
     89.000000000000   0.96256184093938
     90.000000000000   0.96279111180087
     91.000000000000   0.96302326505184
     92.000000000000   0.96325831556291
     93.000000000000   0.96349627869365
     94.000000000000   0.96373717031355
     95.000000000000   0.96398100682414
     96.000000000000   0.96422780518251
     97.000000000000   0.96447758292608
     98.000000000000   0.96473035819906
     99.000000000000   0.96498614978037
    100.000000000000   0.96524497711336
    101.000000000000   0.96550686033742
    102.000000000000   0.96577182032159
    103.000000000000   0.96603987870030
    104.000000000000   0.96631105791158
    105.000000000000   0.96658538123769
     106.00000000000   0.96686287284860
     107.00000000000   0.96714355784843
     108.00000000000   0.96742746232515
     109.00000000000   0.96771461340379
     110.00000000000   0.96800503930352
     111.00000000000   0.96829876939897
     112.00000000000   0.96859583428605
     113.00000000000   0.96889626585282
     114.00000000000   0.96920009735593
     115.00000000000   0.96950736350292
     116.00000000000   0.96981810054132
     117.00000000000   0.97013234635494
     118.00000000000   0.97045014056820
     119.00000000000   0.97077152465944
     120.00000000000   0.97109654208394
     121.00000000000   0.97142523840798
     122.00000000000   0.97175766145499
     123.00000000000   0.97209386146522
     124.00000000000   0.97243389127055
     125.00000000000   0.97277780648622
     126.00000000000   0.97312566572156
     127.00000000000   0.97347753081213
     128.00000000000   0.97383346707596
     129.00000000000   0.97419354359718
     130.00000000000   0.97455783354066
     131.00000000000   0.97492641450208
     132.00000000000   0.97529936889847
     133.00000000000   0.97567678440515
     134.00000000000   0.97605875444633
     135.00000000000   0.97644537874756
     136.00000000000   0.97683676396037
     137.00000000000   0.97723302437106
     138.00000000000   0.97763428270839
     139.00000000000   0.97804067106818
     140.00000000000   0.97845233197685
     141.00000000000   0.97886941962127
     142.00000000000   0.97929210127915
     143.00000000000   0.97972055899356
     144.00000000000   0.98015499154715
     145.00000000000   0.98059561680866
     146.00000000000   0.98104267454790
     147.00000000000   0.98149642984895
     148.00000000000   0.98195717730120
     149.00000000000   0.98242524622051
     150.00000000000   0.98290100726179
     151.00000000000   0.98338488094125
     152.00000000000   0.98387734880133
     153.00000000000   0.98437896821446
     154.00000000000   0.98489039207139
     155.00000000000   0.98541239467538
     156.00000000000   0.98594590473584
     157.00000000000   0.98649204488520
     158.00000000000   0.98705217390535
     159.00000000000   0.98762792214586
     160.00000000000   0.98822120222477
     161.00000000000   0.98883416699274
     162.00000000000   0.98946907780554
     163.00000000000   0.99012804348739
     164.00000000000   0.99081260048669
     165.00000000000   0.99152313317887
     166.00000000000   0.99225818098988
     167.00000000000   0.99301373864503
     168.00000000000   0.99378271037291
     169.00000000000   0.99455470474438
     170.00000000000   0.99531633209919
     171.00000000000   0.99605208198155
     172.00000000000   0.99674572591933
     173.00000000000   0.99738204590473
     174.00000000000   0.99794857841844
     175.00000000000   0.99843702991002
     176.00000000000   0.99884408075779
     177.00000000000   0.99917143585131
     178.00000000000   0.99942515700869
     179.00000000000   0.99961446960479
     180.00000000000   0.99975032735724
     181.00000000000   0.99984402606751
     182.00000000000   0.99990609056859
     183.00000000000   0.99994555211975
     184.00000000000   0.99996962476414
     185.00000000000   0.99998370857352
     186.00000000000   0.99999160837657
     187.00000000000   0.99999585541500
     188.00000000000   0.99999804328429
     189.00000000000   0.99999912304581
     190.00000000000   0.99999963346141
     191.00000000000   0.99999986452861
     192.00000000000   0.99999996469185
     193.00000000000    1.0000000062618
     194.00000000000    1.0000000227776
     195.00000000000    1.0000000290587
     196.00000000000    1.0000000313450
     197.00000000000    1.0000000321415
     198.00000000000    1.0000000324070
     199.00000000000    1.0000000324917
     200.00000000000    1.0000000325176
     201.00000000000    1.0000000325251
     202.00000000000    1.0000000325272
     203.00000000000    1.0000000325278
     204.00000000000    1.0000000325279
     205.00000000000    1.0000000325280
     206.00000000000    1.0000000325280
     207.00000000000    1.0000000325280
     208.00000000000    1.0000000325280
     209.00000000000    1.0000000325280
     210.00000000000    1.0000000325280
     211.00000000000    1.0000000325280
     212.00000000000    1.0000000325280
     213.00000000000    1.0000000325280
     214.00000000000    1.0000000325280
     215.00000000000    1.0000000325280
     216.00000000000    1.0000000325280
     217.00000000000    1.0000000325280
     218.00000000000    1.0000000325280
     219.00000000000    1.0000000325280
     220.00000000000    1.0000000325280
     221.00000000000    1.0000000325280
     222.00000000000    1.0000000325280
     223.00000000000    1.0000000325280
     224.00000000000    1.0000000325280
     225.00000000000    1.0000000325280
     226.00000000000    1.0000000325280
     227.00000000000    1.0000000325280
     228.00000000000    1.0000000325280
     229.00000000000    1.0000000325280
     230.00000000000    1.0000000325280
     231.00000000000    1.0000000325280
     232.00000000000    1.0000000325280
     233.00000000000    1.0000000325280
     234.00000000000    1.0000000325280
     235.00000000000    1.0000000325280
     236.00000000000    1.0000000325280
     237.00000000000    1.0000000325280
     238.00000000000    1.0000000325280
     239.00000000000    1.0000000325280
     240.00000000000    1.0000000325280
     241.00000000000    1.0000000325280
     242.00000000000    1.0000000325280
     243.00000000000    1.0000000325280
     244.00000000000    1.0000000325280
     245.00000000000    1.0000000325280
     246.00000000000    1.0000000325280
     247.00000000000    1.0000000325280
     248.00000000000    1.0000000325280
     249.00000000000    1.0000000325280
     250.00000000000    1.0000000325280
     251.00000000000    1.0000000325280
     252.00000000000    1.0000000325280
     253.00000000000    1.0000000325280
     254.00000000000    1.0000000325280
     255.00000000000    1.0000000325280
     256.00000000000    1.0000000325280
     257.00000000000    1.0000000325280
     258.00000000000    1.0000000325280
     259.00000000000    1.0000000325280
     260.00000000000    1.0000000325280
     261.00000000000    1.0000000325280
     262.00000000000    1.0000000325280
     263.00000000000    1.0000000325280
     264.00000000000    1.0000000325280
     265.00000000000    1.0000000325280
     266.00000000000    1.0000000325280
     267.00000000000    1.0000000325280
     268.00000000000    1.0000000325280
     269.00000000000    1.0000000325280
     270.00000000000    1.0000000325280
     271.00000000000    1.0000000325280
     272.00000000000    1.0000000325280
     273.00000000000    1.0000000325280
     274.00000000000    1.0000000325280
     275.00000000000    1.0000000325280
     276.00000000000    1.0000000325280
     277.00000000000    1.0000000325280
     278.00000000000    1.0000000325280
     279.00000000000    1.0000000325280
     280.00000000000    1.0000000325280
     281.00000000000    1.0000000325280
     282.00000000000    1.0000000325280
     283.00000000000    1.0000000325280
     284.00000000000    1.0000000325280
     285.00000000000    1.0000000325280
     286.00000000000    1.0000000325280
     287.00000000000    1.0000000325280
     288.00000000000    1.0000000325280
     289.00000000000    1.0000000325280
     290.00000000000    1.0000000325280
     291.00000000000    1.0000000325280
     292.00000000000    1.0000000325280
     293.00000000000    1.0000000325280
     294.00000000000    1.0000000325280
     295.00000000000    1.0000000325280
     296.00000000000    1.0000000325280
     297.00000000000    1.0000000325280
     298.00000000000    1.0000000325280
     299.00000000000    1.0000000325280
     300.00000000000    1.0000000325280
     301.00000000000    1.0000000325280
     302.00000000000    1.0000000325280
     303.00000000000    1.0000000325280
     304.00000000000    1.0000000325280
     305.00000000000    1.0000000325280
     306.00000000000    1.0000000325280
     307.00000000000    1.0000000325280
     308.00000000000    1.0000000325280
     309.00000000000    1.0000000325280
     310.00000000000    1.0000000325280
     311.00000000000    1.0000000325280
     312.00000000000    1.0000000325280
     313.00000000000    1.0000000325280
     314.00000000000    1.0000000325280
     315.00000000000    1.0000000325280
     316.00000000000    1.0000000325280
     317.00000000000    1.0000000325280
     318.00000000000    1.0000000325280
     319.00000000000    1.0000000325280
     320.00000000000    1.0000000325280
     321.00000000000    1.0000000325280
     322.00000000000    1.0000000325280
     323.00000000000    1.0000000325280
     324.00000000000    1.0000000325280
     325.00000000000    1.0000000325280
     326.00000000000    1.0000000325280
     327.00000000000    1.0000000325280
     328.00000000000    1.0000000325280
     329.00000000000    1.0000000325280
     330.00000000000    1.0000000325280
     331.00000000000    1.0000000325280
     332.00000000000    1.0000000325280
     333.00000000000    1.0000000325280
     334.00000000000    1.0000000325280
     335.00000000000    1.0000000325280
     336.00000000000    1.0000000325280
     337.00000000000    1.0000000325280
     338.00000000000    1.0000000325280
     339.00000000000    1.0000000325280
     340.00000000000    1.0000000325280
     341.00000000000    1.0000000325280
     342.00000000000    1.0000000325280
     343.00000000000    1.0000000325280
     344.00000000000    1.0000000325280
     345.00000000000    1.0000000325280
     346.00000000000    1.0000000325280
     347.00000000000    1.0000000325280
     348.00000000000    1.0000000325280
     349.00000000000    1.0000000325280
     350.00000000000    1.0000000325280
     351.00000000000    1.0000000325280
     352.00000000000    1.0000000325280
     353.00000000000    1.0000000325280
     354.00000000000    1.0000000325280
     355.00000000000    1.0000000325280
     356.00000000000    1.0000000325280
     357.00000000000    1.0000000325280
     358.00000000000    1.0000000325280
     359.00000000000    1.0000000325280
     360.00000000000    1.0000000325280
     361.00000000000    1.0000000325280
     362.00000000000    1.0000000325280
     363.00000000000    1.0000000325280
     364.00000000000    1.0000000325280
     365.00000000000    1.0000000325280
     366.00000000000    1.0000000325280
     367.00000000000    1.0000000325280
     368.00000000000    1.0000000325280
     369.00000000000    1.0000000325280
     370.00000000000    1.0000000325280
     371.00000000000    1.0000000325280
     372.00000000000    1.0000000325280
     373.00000000000    1.0000000325280
     374.00000000000    1.0000000325280
     375.00000000000    1.0000000325280
     376.00000000000    1.0000000325280
     377.00000000000    1.0000000325280
     378.00000000000    1.0000000325280
     379.00000000000    1.0000000325280
     380.00000000000    1.0000000325280
     381.00000000000    1.0000000325280
     382.00000000000    1.0000000325280
     383.00000000000    1.0000000325280
     384.00000000000    1.0000000325280
     385.00000000000    1.0000000325280
     386.00000000000    1.0000000325280
     387.00000000000    1.0000000325280
     388.00000000000    1.0000000325280
     389.00000000000    1.0000000325280
     390.00000000000    1.0000000325280
     391.00000000000    1.0000000325280
     392.00000000000    1.0000000325280
     393.00000000000    1.0000000325280
     394.00000000000    1.0000000325280
     395.00000000000    1.0000000325280
     396.00000000000    1.0000000325280
     397.00000000000    1.0000000325280
     398.00000000000    1.0000000325280
     399.00000000000    1.0000000325280
     400.00000000000    1.0000000325280
     401.00000000000    1.0000000325280
     402.00000000000    1.0000000325280
     403.00000000000    1.0000000325280
     404.00000000000    1.0000000325280
     405.00000000000    1.0000000325280
     406.00000000000    1.0000000325280
     407.00000000000    1.0000000325280
     408.00000000000    1.0000000325280
     409.00000000000    1.0000000325280
     410.00000000000    1.0000000325280
     411.00000000000    1.0000000325280
     412.00000000000    1.0000000325280
     413.00000000000    1.0000000325280
     414.00000000000    1.0000000325280
     415.00000000000    1.0000000325280
     416.00000000000    1.0000000325280
     417.00000000000    1.0000000325280
     418.00000000000    1.0000000325280
     419.00000000000    1.0000000325280
     420.00000000000    1.0000000325280
     421.00000000000    1.0000000325280
     422.00000000000    1.0000000325280
     423.00000000000    1.0000000325280
     424.00000000000    1.0000000325280
     425.00000000000    1.0000000325280
     426.00000000000    1.0000000325280
     427.00000000000    1.0000000325280
     428.00000000000    1.0000000325280
     429.00000000000    1.0000000325280
     430.00000000000    1.0000000325280
     431.00000000000    1.0000000325280
     432.00000000000    1.0000000325280
     433.00000000000    1.0000000325280
     434.00000000000    1.0000000325280
     435.00000000000    1.0000000325280
     436.00000000000    1.0000000325280
     437.00000000000    1.0000000325280
     438.00000000000    1.0000000325280
     439.00000000000    1.0000000325280
     440.00000000000    1.0000000325280
     441.00000000000    1.0000000325280
     442.00000000000    1.0000000325280
     443.00000000000    1.0000000325280
     444.00000000000    1.0000000325280
     445.00000000000    1.0000000325280
     446.00000000000    1.0000000325280
     447.00000000000    1.0000000325280
     448.00000000000    1.0000000325280
     449.00000000000    1.0000000325280
     450.00000000000    1.0000000325280
     451.00000000000    1.0000000325280
     452.00000000000    1.0000000325280
     453.00000000000    1.0000000325280
     454.00000000000    1.0000000325280
     455.00000000000    1.0000000325280
     456.00000000000    1.0000000325280
     457.00000000000    1.0000000325280
     458.00000000000    1.0000000325280
     459.00000000000    1.0000000325280
     460.00000000000    1.0000000325280
     461.00000000000    1.0000000325280
     462.00000000000    1.0000000325280
     463.00000000000    1.0000000325280
     464.00000000000    1.0000000325280
     465.00000000000    1.0000000325280
     466.00000000000    1.0000000325280
     467.00000000000    1.0000000325280
     468.00000000000    1.0000000325280
     469.00000000000    1.0000000325280
     470.00000000000    1.0000000325280
     471.00000000000    1.0000000325280
     472.00000000000    1.0000000325280
     473.00000000000    1.0000000325280
     474.00000000000    1.0000000325280
     475.00000000000    1.0000000325280
     476.00000000000    1.0000000325280
     477.00000000000    1.0000000325280
     478.00000000000    1.0000000325280
     479.00000000000    1.0000000325280
     480.00000000000    1.0000000325280
     481.00000000000    1.0000000325280
     482.00000000000    1.0000000325280
     483.00000000000    1.0000000325280
     484.00000000000    1.0000000325280
     485.00000000000    1.0000000325280
     486.00000000000    1.0000000325280
     487.00000000000    1.0000000325280
     488.00000000000    1.0000000325280
     489.00000000000    1.0000000325280
     490.00000000000    1.0000000325280
     491.00000000000    1.0000000325280
     492.00000000000    1.0000000325280
     493.00000000000    1.0000000325280
     494.00000000000    1.0000000325280
     495.00000000000    1.0000000325280
     496.00000000000    1.0000000325280
     497.00000000000    1.0000000325280
     498.00000000000    1.0000000325280
     499.00000000000    1.0000000325280
     500.00000000000    1.0000000325280
