    -500.00000000000    1.0000000325280
    -499.00000000000    1.0000000325280
    -498.00000000000    1.0000000325280
    -497.00000000000    1.0000000325280
    -496.00000000000    1.0000000325280
    -495.00000000000    1.0000000325280
    -494.00000000000    1.0000000325280
    -493.00000000000    1.0000000325280
    -492.00000000000    1.0000000325280
    -491.00000000000    1.0000000325280
    -490.00000000000    1.0000000325280
    -489.00000000000    1.0000000325280
    -488.00000000000    1.0000000325280
    -487.00000000000    1.0000000325280
    -486.00000000000    1.0000000325280
    -485.00000000000    1.0000000325280
    -484.00000000000    1.0000000325280
    -483.00000000000    1.0000000325280
    -482.00000000000    1.0000000325280
    -481.00000000000    1.0000000325280
    -480.00000000000    1.0000000325280
    -479.00000000000    1.0000000325280
    -478.00000000000    1.0000000325280
    -477.00000000000    1.0000000325280
    -476.00000000000    1.0000000325280
    -475.00000000000    1.0000000325280
    -474.00000000000    1.0000000325280
    -473.00000000000    1.0000000325280
    -472.00000000000    1.0000000325280
    -471.00000000000    1.0000000325280
    -470.00000000000    1.0000000325280
    -469.00000000000    1.0000000325280
    -468.00000000000    1.0000000325280
    -467.00000000000    1.0000000325280
    -466.00000000000    1.0000000325280
    -465.00000000000    1.0000000325280
    -464.00000000000    1.0000000325280
    -463.00000000000    1.0000000325280
    -462.00000000000    1.0000000325280
    -461.00000000000    1.0000000325280
    -460.00000000000    1.0000000325280
    -459.00000000000    1.0000000325280
    -458.00000000000    1.0000000325280
    -457.00000000000    1.0000000325280
    -456.00000000000    1.0000000325280
    -455.00000000000    1.0000000325280
    -454.00000000000    1.0000000325280
    -453.00000000000    1.0000000325280
    -452.00000000000    1.0000000325280
    -451.00000000000    1.0000000325280
    -450.00000000000    1.0000000325280
    -449.00000000000    1.0000000325280
    -448.00000000000    1.0000000325280
    -447.00000000000    1.0000000325280
    -446.00000000000    1.0000000325280
    -445.00000000000    1.0000000325280
    -444.00000000000    1.0000000325280
    -443.00000000000    1.0000000325280
    -442.00000000000    1.0000000325280
    -441.00000000000    1.0000000325280
    -440.00000000000    1.0000000325280
    -439.00000000000    1.0000000325280
    -438.00000000000    1.0000000325280
    -437.00000000000    1.0000000325280
    -436.00000000000    1.0000000325280
    -435.00000000000    1.0000000325280
    -434.00000000000    1.0000000325280
    -433.00000000000    1.0000000325280
    -432.00000000000    1.0000000325280
    -431.00000000000    1.0000000325280
    -430.00000000000    1.0000000325280
    -429.00000000000    1.0000000325280
    -428.00000000000    1.0000000325280
    -427.00000000000    1.0000000325280
    -426.00000000000    1.0000000325280
    -425.00000000000    1.0000000325280
    -424.00000000000    1.0000000325280
    -423.00000000000    1.0000000325280
    -422.00000000000    1.0000000325280
    -421.00000000000    1.0000000325280
    -420.00000000000    1.0000000325280
    -419.00000000000    1.0000000325280
    -418.00000000000    1.0000000325280
    -417.00000000000    1.0000000325280
    -416.00000000000    1.0000000325280
    -415.00000000000    1.0000000325280
    -414.00000000000    1.0000000325280
    -413.00000000000    1.0000000325280
    -412.00000000000    1.0000000325280
    -411.00000000000    1.0000000325280
    -410.00000000000    1.0000000325280
    -409.00000000000    1.0000000325280
    -408.00000000000    1.0000000325280
    -407.00000000000    1.0000000325280
    -406.00000000000    1.0000000325280
    -405.00000000000    1.0000000325280
    -404.00000000000    1.0000000325280
    -403.00000000000    1.0000000325280
    -402.00000000000    1.0000000325280
    -401.00000000000    1.0000000325280
    -400.00000000000    1.0000000325280
    -399.00000000000    1.0000000325280
    -398.00000000000    1.0000000325280
    -397.00000000000    1.0000000325280
    -396.00000000000    1.0000000325280
    -395.00000000000    1.0000000325280
    -394.00000000000    1.0000000325280
    -393.00000000000    1.0000000325280
    -392.00000000000    1.0000000325280
    -391.00000000000    1.0000000325280
    -390.00000000000    1.0000000325280
    -389.00000000000    1.0000000325280
    -388.00000000000    1.0000000325280
    -387.00000000000    1.0000000325280
    -386.00000000000    1.0000000325280
    -385.00000000000    1.0000000325280
    -384.00000000000    1.0000000325280
    -383.00000000000    1.0000000325280
    -382.00000000000    1.0000000325280
    -381.00000000000    1.0000000325280
    -380.00000000000    1.0000000325280
    -379.00000000000    1.0000000325280
    -378.00000000000    1.0000000325280
    -377.00000000000    1.0000000325280
    -376.00000000000    1.0000000325280
    -375.00000000000    1.0000000325280
    -374.00000000000    1.0000000325280
    -373.00000000000    1.0000000325280
    -372.00000000000    1.0000000325280
    -371.00000000000    1.0000000325280
    -370.00000000000    1.0000000325280
    -369.00000000000    1.0000000325280
    -368.00000000000    1.0000000325280
    -367.00000000000    1.0000000325280
    -366.00000000000    1.0000000325280
    -365.00000000000    1.0000000325280
    -364.00000000000    1.0000000325280
    -363.00000000000    1.0000000325280
    -362.00000000000    1.0000000325280
    -361.00000000000    1.0000000325280
    -360.00000000000    1.0000000325280
    -359.00000000000    1.0000000325280
    -358.00000000000    1.0000000325280
    -357.00000000000    1.0000000325280
    -356.00000000000    1.0000000325280
    -355.00000000000    1.0000000325280
    -354.00000000000    1.0000000325280
    -353.00000000000    1.0000000325280
    -352.00000000000    1.0000000325280
    -351.00000000000    1.0000000325280
    -350.00000000000    1.0000000325280
    -349.00000000000    1.0000000325280
    -348.00000000000    1.0000000325280
    -347.00000000000    1.0000000325280
    -346.00000000000    1.0000000325280
    -345.00000000000    1.0000000325280
    -344.00000000000    1.0000000325280
    -343.00000000000    1.0000000325280
    -342.00000000000    1.0000000325280
    -341.00000000000    1.0000000325280
    -340.00000000000    1.0000000325280
    -339.00000000000    1.0000000325280
    -338.00000000000    1.0000000325280
    -337.00000000000    1.0000000325280
    -336.00000000000    1.0000000325280
    -335.00000000000    1.0000000325280
    -334.00000000000    1.0000000325280
    -333.00000000000    1.0000000325280
    -332.00000000000    1.0000000325280
    -331.00000000000    1.0000000325280
    -330.00000000000    1.0000000325280
    -329.00000000000    1.0000000325280
    -328.00000000000    1.0000000325280
    -327.00000000000    1.0000000325280
    -326.00000000000    1.0000000325280
    -325.00000000000    1.0000000325280
    -324.00000000000    1.0000000325280
    -323.00000000000    1.0000000325280
    -322.00000000000    1.0000000325280
    -321.00000000000    1.0000000325280
    -320.00000000000    1.0000000325280
    -319.00000000000    1.0000000325280
    -318.00000000000    1.0000000325280
    -317.00000000000    1.0000000325280
    -316.00000000000    1.0000000325280
    -315.00000000000    1.0000000325280
    -314.00000000000    1.0000000325280
    -313.00000000000    1.0000000325280
    -312.00000000000    1.0000000325280
    -311.00000000000    1.0000000325280
    -310.00000000000    1.0000000325280
    -309.00000000000    1.0000000325280
    -308.00000000000    1.0000000325280
    -307.00000000000    1.0000000325280
    -306.00000000000    1.0000000325280
    -305.00000000000    1.0000000325280
    -304.00000000000    1.0000000325280
    -303.00000000000    1.0000000325280
    -302.00000000000    1.0000000325280
    -301.00000000000    1.0000000325280
    -300.00000000000    1.0000000325280
    -299.00000000000    1.0000000325280
    -298.00000000000    1.0000000325280
    -297.00000000000    1.0000000325280
    -296.00000000000    1.0000000325280
    -295.00000000000    1.0000000325280
    -294.00000000000    1.0000000325280
    -293.00000000000    1.0000000325280
    -292.00000000000    1.0000000325280
    -291.00000000000    1.0000000325280
    -290.00000000000    1.0000000325280
    -289.00000000000    1.0000000325280
    -288.00000000000    1.0000000325280
    -287.00000000000    1.0000000325280
    -286.00000000000    1.0000000325280
    -285.00000000000    1.0000000325280
    -284.00000000000    1.0000000325280
    -283.00000000000    1.0000000325280
    -282.00000000000    1.0000000325280
    -281.00000000000    1.0000000325280
    -280.00000000000    1.0000000325280
    -279.00000000000    1.0000000325280
    -278.00000000000    1.0000000325280
    -277.00000000000    1.0000000325280
    -276.00000000000    1.0000000325280
    -275.00000000000    1.0000000325280
    -274.00000000000    1.0000000325280
    -273.00000000000    1.0000000325280
    -272.00000000000    1.0000000325280
    -271.00000000000    1.0000000325280
    -270.00000000000    1.0000000325280
    -269.00000000000    1.0000000325280
    -268.00000000000    1.0000000325280
    -267.00000000000    1.0000000325280
    -266.00000000000    1.0000000325280
    -265.00000000000    1.0000000325280
    -264.00000000000    1.0000000325280
    -263.00000000000    1.0000000325280
    -262.00000000000    1.0000000325280
    -261.00000000000    1.0000000325280
    -260.00000000000    1.0000000325280
    -259.00000000000    1.0000000325280
    -258.00000000000    1.0000000325280
    -257.00000000000    1.0000000325280
    -256.00000000000    1.0000000325280
    -255.00000000000    1.0000000325280
    -254.00000000000    1.0000000325280
    -253.00000000000    1.0000000325280
    -252.00000000000    1.0000000325280
    -251.00000000000    1.0000000325280
    -250.00000000000    1.0000000325280
    -249.00000000000    1.0000000325280
    -248.00000000000    1.0000000325280
    -247.00000000000    1.0000000325280
    -246.00000000000    1.0000000325280
    -245.00000000000    1.0000000325280
    -244.00000000000    1.0000000325280
    -243.00000000000    1.0000000325280
    -242.00000000000    1.0000000325280
    -241.00000000000    1.0000000325280
    -240.00000000000    1.0000000325280
    -239.00000000000    1.0000000325280
    -238.00000000000    1.0000000325280
    -237.00000000000    1.0000000325280
    -236.00000000000    1.0000000325280
    -235.00000000000    1.0000000325280
    -234.00000000000    1.0000000325280
    -233.00000000000    1.0000000325280
    -232.00000000000    1.0000000325280
    -231.00000000000    1.0000000325280
    -230.00000000000    1.0000000325280
    -229.00000000000    1.0000000325280
    -228.00000000000    1.0000000325280
    -227.00000000000    1.0000000325280
    -226.00000000000    1.0000000325280
    -225.00000000000    1.0000000325280
    -224.00000000000    1.0000000325280
    -223.00000000000    1.0000000325280
    -222.00000000000    1.0000000325280
    -221.00000000000    1.0000000325280
    -220.00000000000    1.0000000325280
    -219.00000000000    1.0000000325280
    -218.00000000000    1.0000000325280
    -217.00000000000    1.0000000325280
    -216.00000000000    1.0000000325280
    -215.00000000000    1.0000000325280
    -214.00000000000    1.0000000325280
    -213.00000000000    1.0000000325280
    -212.00000000000    1.0000000325280
    -211.00000000000    1.0000000325280
    -210.00000000000    1.0000000325280
    -209.00000000000    1.0000000325280
    -208.00000000000    1.0000000325280
    -207.00000000000    1.0000000325280
    -206.00000000000    1.0000000325280
    -205.00000000000    1.0000000325280
    -204.00000000000    1.0000000325280
    -203.00000000000    1.0000000325280
    -202.00000000000    1.0000000325280
    -201.00000000000    1.0000000325280
    -200.00000000000    1.0000000325280
    -199.00000000000    1.0000000325280
    -198.00000000000    1.0000000325280
    -197.00000000000    1.0000000325280
    -196.00000000000    1.0000000325280
    -195.00000000000    1.0000000325280
    -194.00000000000    1.0000000325280
    -193.00000000000    1.0000000325280
    -192.00000000000    1.0000000325280
    -191.00000000000    1.0000000325280
    -190.00000000000    1.0000000325280
    -189.00000000000    1.0000000325280
    -188.00000000000    1.0000000325280
    -187.00000000000    1.0000000325280
    -186.00000000000    1.0000000325280
    -185.00000000000    1.0000000325280
    -184.00000000000    1.0000000325280
    -183.00000000000    1.0000000325280
    -182.00000000000    1.0000000325280
    -181.00000000000    1.0000000325280
    -180.00000000000    1.0000000325280
    -179.00000000000    1.0000000325280
    -178.00000000000    1.0000000325280
    -177.00000000000    1.0000000325280
    -176.00000000000    1.0000000325280
    -175.00000000000    1.0000000325279
    -174.00000000000    1.0000000325277
    -173.00000000000    1.0000000325270
    -172.00000000000    1.0000000325242
    -171.00000000000    1.0000000325141
    -170.00000000000    1.0000000324797
    -169.00000000000    1.0000000323670
    -168.00000000000    1.0000000320136
    -167.00000000000    1.0000000309532
    -166.00000000000    1.0000000279090
    -165.00000000000    1.0000000195442
    -164.00000000000   0.99999999754478
    -163.00000000000   0.99999994216141
    -162.00000000000   0.99999980868509
    -161.00000000000   0.99999950069617
    -160.00000000000   0.99999882019720
    -159.00000000000   0.99999738025672
    -158.00000000000   0.99999446176665
    -157.00000000000   0.99998879479697
    -156.00000000000   0.99997825050889
    -155.00000000000   0.99995944579428
    -154.00000000000   0.99992729244017
    -153.00000000000   0.99987456413170
    -152.00000000000   0.99979159956135
    -151.00000000000   0.99966629221483
    -150.00000000000   0.99948451640562
    -149.00000000000   0.99923108721116
    -148.00000000000   0.99889124478758
    -147.00000000000   0.99845250838391
    -146.00000000000   0.99790660189830
    -145.00000000000   0.99725106274505
    -144.00000000000   0.99649015333971
    -143.00000000000   0.99563481524454
    -142.00000000000   0.99470161494827
    -141.00000000000   0.99371086678114
    -140.00000000000   0.99268430808607
    -139.00000000000   0.99164278533392
    -138.00000000000   0.99060436672173
    -137.00000000000   0.98958315091367
    -136.00000000000   0.98858884876801
    -135.00000000000   0.98762703825369
    -134.00000000000   0.98669987881986
    -133.00000000000   0.98580703703489
    -132.00000000000   0.98494660850032
    -131.00000000000   0.98411589293724
    -130.00000000000   0.98331195857809
    -129.00000000000   0.98253199577764
    -128.00000000000   0.98177349809175
    -127.00000000000   0.98103432301808
    -126.00000000000   0.98031268142988
    -125.00000000000   0.97960709307914
    -124.00000000000   0.97891633220277
    -123.00000000000   0.97823937611897
    -122.00000000000   0.97757536208176
    -121.00000000000   0.97692355330801
    -120.00000000000   0.97628331309000
    -119.00000000000   0.97565408530174
    -118.00000000000   0.97503537968220
    -117.00000000000   0.97442676059446
    -116.00000000000   0.97382783829990
    -115.00000000000   0.97323826206624
    -114.00000000000   0.97265771463438
    -113.00000000000   0.97208590771109
    -112.00000000000   0.97152257825138
    -111.00000000000   0.97096748535893
    -110.00000000000   0.97042040767808
    -109.00000000000   0.96988114118149
    -108.00000000000   0.96934949727994
    -107.00000000000   0.96882530119714
    -106.00000000000   0.96830839056400
   -105.000000000000   0.96779861419661
   -104.000000000000   0.96729583102836
   -103.000000000000   0.96679990917294
   -102.000000000000   0.96631072509842
   -101.000000000000   0.96582816289669
   -100.000000000000   0.96535211363471
    -99.000000000000   0.96488247477659
    -98.000000000000   0.96441914966698
    -97.000000000000   0.96396204706812
    -96.000000000000   0.96351108074349
    -95.000000000000   0.96306616908264
    -94.000000000000   0.96262723476215
    -93.000000000000   0.96219420443845
    -92.000000000000   0.96176700846901
    -91.000000000000   0.96134558065863
    -90.000000000000   0.96092985802812
    -89.000000000000   0.96051978060296
    -88.000000000000   0.96011529121990
    -87.000000000000   0.95971633534959
    -86.000000000000   0.95932286093371
    -85.000000000000   0.95893481823504
    -84.000000000000   0.95855215969944
    -83.000000000000   0.95817483982831
    -82.000000000000   0.95780281506083
    -81.000000000000   0.95743604366493
    -80.000000000000   0.95707448563622
    -79.000000000000   0.95671810260427
    -78.000000000000   0.95636685774540
    -77.000000000000   0.95602071570169
    -76.000000000000   0.95567964250548
    -75.000000000000   0.95534360550897
    -74.000000000000   0.95501257331850
    -73.000000000000   0.95468651573323
    -72.000000000000   0.95436540368763
    -71.000000000000   0.95404920919779
    -70.000000000000   0.95373790531104
    -69.000000000000   0.95343146605865
    -68.000000000000   0.95312986641152
    -67.000000000000   0.95283308223850
    -66.000000000000   0.95254109026718
    -65.000000000000   0.95225386804699
    -64.000000000000   0.95197139391455
    -63.000000000000   0.95169364696083
    -62.000000000000   0.95142060700034
    -61.000000000000   0.95115225454198
    -60.000000000000   0.95088857076151
    -59.000000000000   0.95062953747557
    -58.000000000000   0.95037513711703
    -57.000000000000   0.95012535271182
    -56.000000000000   0.94988016785681
    -55.000000000000   0.94963956669904
    -54.000000000000   0.94940353391587
    -53.000000000000   0.94917205469631
    -52.000000000000   0.94894511472318
    -51.000000000000   0.94872270015630
    -50.000000000000   0.94850479761644
    -49.000000000000   0.94829139417010
    -48.000000000000   0.94808247731510
    -47.000000000000   0.94787803496680
    -46.000000000000   0.94767805544510
    -45.000000000000   0.94748252746195
    -44.000000000000   0.94729144010959
    -43.000000000000   0.94710478284931
    -42.000000000000   0.94692254550072
    -41.000000000000   0.94674471823161
    -40.000000000000   0.94657129154822
    -39.000000000000   0.94640225628605
    -38.000000000000   0.94623760360103
    -37.000000000000   0.94607732496120
    -36.000000000000   0.94592141213871
    -35.000000000000   0.94576985720222
    -34.000000000000   0.94562265250971
    -33.000000000000   0.94547979070160
    -32.000000000000   0.94534126469417
    -31.000000000000   0.94520706767334
    -30.000000000000   0.94507719308877
    -29.000000000000   0.94495163464818
    -28.000000000000   0.94483038631199
    -27.000000000000   0.94471344228827
    -26.000000000000   0.94460079702784
    -25.000000000000   0.94449244521971
    -24.000000000000   0.94438838178670
    -23.000000000000   0.94428860188133
    -22.000000000000   0.94419310088189
    -21.000000000000   0.94410187438874
    -20.000000000000   0.94401491822081
    -19.000000000000   0.94393222841234
    -18.000000000000   0.94385380120970
    -17.000000000000   0.94377963306854
    -16.000000000000   0.94370972065100
    -15.000000000000   0.94364406082316
    -14.000000000000   0.94358265065264
    -13.000000000000   0.94352548740637
    -12.000000000000   0.94347256854854
    -11.000000000000   0.94342389173865
   -10.0000000000000   0.94337945482979
    -9.0000000000000   0.94333925586699
    -8.0000000000000   0.94330329308584
    -7.0000000000000   0.94327156491109
    -6.0000000000000   0.94324406995555
    -5.0000000000000   0.94322080701905
    -4.0000000000000   0.94320177508753
    -3.0000000000000   0.94318697333233
    -2.0000000000000   0.94317640110957
    -1.0000000000000   0.94317005795964
   0.   0.94316794360695
     1.0000000000000   0.94317005795964
     2.0000000000000   0.94317640110957
     3.0000000000000   0.94318697333233
     4.0000000000000   0.94320177508753
     5.0000000000000   0.94322080701905
     6.0000000000000   0.94324406995555
     7.0000000000000   0.94327156491109
     8.0000000000000   0.94330329308584
     9.0000000000000   0.94333925586699
    10.0000000000000   0.94337945482979
     11.000000000000   0.94342389173865
     12.000000000000   0.94347256854854
     13.000000000000   0.94352548740637
     14.000000000000   0.94358265065263
     15.000000000000   0.94364406082316
     16.000000000000   0.94370972065100
     17.000000000000   0.94377963306854
     18.000000000000   0.94385380120970
     19.000000000000   0.94393222841234
     20.000000000000   0.94401491822081
     21.000000000000   0.94410187438874
     22.000000000000   0.94419310088189
     23.000000000000   0.94428860188133
     24.000000000000   0.94438838178671
     25.000000000000   0.94449244521971
     26.000000000000   0.94460079702784
     27.000000000000   0.94471344228827
     28.000000000000   0.94483038631199
     29.000000000000   0.94495163464818
     30.000000000000   0.94507719308877
     31.000000000000   0.94520706767334
     32.000000000000   0.94534126469417
     33.000000000000   0.94547979070160
     34.000000000000   0.94562265250971
     35.000000000000   0.94576985720222
     36.000000000000   0.94592141213871
     37.000000000000   0.94607732496120
     38.000000000000   0.94623760360103
     39.000000000000   0.94640225628605
     40.000000000000   0.94657129154822
     41.000000000000   0.94674471823161
     42.000000000000   0.94692254550072
     43.000000000000   0.94710478284931
     44.000000000000   0.94729144010959
     45.000000000000   0.94748252746195
     46.000000000000   0.94767805544510
     47.000000000000   0.94787803496680
     48.000000000000   0.94808247731510
     49.000000000000   0.94829139417010
     50.000000000000   0.94850479761644
     51.000000000000   0.94872270015630
     52.000000000000   0.94894511472318
     53.000000000000   0.94917205469631
     54.000000000000   0.94940353391587
     55.000000000000   0.94963956669904
     56.000000000000   0.94988016785681
     57.000000000000   0.95012535271182
     58.000000000000   0.95037513711703
     59.000000000000   0.95062953747557
     60.000000000000   0.95088857076151
     61.000000000000   0.95115225454198
     62.000000000000   0.95142060700034
     63.000000000000   0.95169364696083
     64.000000000000   0.95197139391455
     65.000000000000   0.95225386804699
     66.000000000000   0.95254109026718
     67.000000000000   0.95283308223850
     68.000000000000   0.95312986641152
     69.000000000000   0.95343146605865
     70.000000000000   0.95373790531104
     71.000000000000   0.95404920919779
     72.000000000000   0.95436540368763
     73.000000000000   0.95468651573323
     74.000000000000   0.95501257331850
     75.000000000000   0.95534360550897
     76.000000000000   0.95567964250548
     77.000000000000   0.95602071570169
     78.000000000000   0.95636685774540
     79.000000000000   0.95671810260427
     80.000000000000   0.95707448563622
     81.000000000000   0.95743604366493
     82.000000000000   0.95780281506083
     83.000000000000   0.95817483982831
     84.000000000000   0.95855215969944
     85.000000000000   0.95893481823504
     86.000000000000   0.95932286093371
     87.000000000000   0.95971633534959
     88.000000000000   0.96011529121990
     89.000000000000   0.96051978060296
     90.000000000000   0.96092985802812
     91.000000000000   0.96134558065864
     92.000000000000   0.96176700846901
     93.000000000000   0.96219420443845
     94.000000000000   0.96262723476215
     95.000000000000   0.96306616908264
     96.000000000000   0.96351108074349
     97.000000000000   0.96396204706812
     98.000000000000   0.96441914966698
     99.000000000000   0.96488247477659
    100.000000000000   0.96535211363471
    101.000000000000   0.96582816289669
    102.000000000000   0.96631072509842
    103.000000000000   0.96679990917294
    104.000000000000   0.96729583102836
    105.000000000000   0.96779861419661
     106.00000000000   0.96830839056400
     107.00000000000   0.96882530119714
     108.00000000000   0.96934949727994
     109.00000000000   0.96988114118149
     110.00000000000   0.97042040767808
     111.00000000000   0.97096748535893
     112.00000000000   0.97152257825138
     113.00000000000   0.97208590771109
     114.00000000000   0.97265771463438
     115.00000000000   0.97323826206624
     116.00000000000   0.97382783829990
     117.00000000000   0.97442676059446
     118.00000000000   0.97503537968220
     119.00000000000   0.97565408530174
     120.00000000000   0.97628331309000
     121.00000000000   0.97692355330801
     122.00000000000   0.97757536208176
     123.00000000000   0.97823937611897
     124.00000000000   0.97891633220277
     125.00000000000   0.97960709307914
     126.00000000000   0.98031268142988
     127.00000000000   0.98103432301808
     128.00000000000   0.98177349809175
     129.00000000000   0.98253199577764
     130.00000000000   0.98331195857809
     131.00000000000   0.98411589293724
     132.00000000000   0.98494660850032
     133.00000000000   0.98580703703489
     134.00000000000   0.98669987881986
     135.00000000000   0.98762703825369
     136.00000000000   0.98858884876801
     137.00000000000   0.98958315091367
     138.00000000000   0.99060436672173
     139.00000000000   0.99164278533392
     140.00000000000   0.99268430808607
     141.00000000000   0.99371086678114
     142.00000000000   0.99470161494827
     143.00000000000   0.99563481524454
     144.00000000000   0.99649015333971
     145.00000000000   0.99725106274505
     146.00000000000   0.99790660189830
     147.00000000000   0.99845250838391
     148.00000000000   0.99889124478758
     149.00000000000   0.99923108721116
     150.00000000000   0.99948451640562
     151.00000000000   0.99966629221483
     152.00000000000   0.99979159956135
     153.00000000000   0.99987456413170
     154.00000000000   0.99992729244017
     155.00000000000   0.99995944579428
     156.00000000000   0.99997825050889
     157.00000000000   0.99998879479697
     158.00000000000   0.99999446176665
     159.00000000000   0.99999738025672
     160.00000000000   0.99999882019720
     161.00000000000   0.99999950069617
     162.00000000000   0.99999980868509
     163.00000000000   0.99999994216141
     164.00000000000   0.99999999754478
     165.00000000000    1.0000000195442
     166.00000000000    1.0000000279090
     167.00000000000    1.0000000309532
     168.00000000000    1.0000000320136
     169.00000000000    1.0000000323670
     170.00000000000    1.0000000324797
     171.00000000000    1.0000000325141
     172.00000000000    1.0000000325242
     173.00000000000    1.0000000325270
     174.00000000000    1.0000000325277
     175.00000000000    1.0000000325279
     176.00000000000    1.0000000325280
     177.00000000000    1.0000000325280
     178.00000000000    1.0000000325280
     179.00000000000    1.0000000325280
     180.00000000000    1.0000000325280
     181.00000000000    1.0000000325280
     182.00000000000    1.0000000325280
     183.00000000000    1.0000000325280
     184.00000000000    1.0000000325280
     185.00000000000    1.0000000325280
     186.00000000000    1.0000000325280
     187.00000000000    1.0000000325280
     188.00000000000    1.0000000325280
     189.00000000000    1.0000000325280
     190.00000000000    1.0000000325280
     191.00000000000    1.0000000325280
     192.00000000000    1.0000000325280
     193.00000000000    1.0000000325280
     194.00000000000    1.0000000325280
     195.00000000000    1.0000000325280
     196.00000000000    1.0000000325280
     197.00000000000    1.0000000325280
     198.00000000000    1.0000000325280
     199.00000000000    1.0000000325280
     200.00000000000    1.0000000325280
     201.00000000000    1.0000000325280
     202.00000000000    1.0000000325280
     203.00000000000    1.0000000325280
     204.00000000000    1.0000000325280
     205.00000000000    1.0000000325280
     206.00000000000    1.0000000325280
     207.00000000000    1.0000000325280
     208.00000000000    1.0000000325280
     209.00000000000    1.0000000325280
     210.00000000000    1.0000000325280
     211.00000000000    1.0000000325280
     212.00000000000    1.0000000325280
     213.00000000000    1.0000000325280
     214.00000000000    1.0000000325280
     215.00000000000    1.0000000325280
     216.00000000000    1.0000000325280
     217.00000000000    1.0000000325280
     218.00000000000    1.0000000325280
     219.00000000000    1.0000000325280
     220.00000000000    1.0000000325280
     221.00000000000    1.0000000325280
     222.00000000000    1.0000000325280
     223.00000000000    1.0000000325280
     224.00000000000    1.0000000325280
     225.00000000000    1.0000000325280
     226.00000000000    1.0000000325280
     227.00000000000    1.0000000325280
     228.00000000000    1.0000000325280
     229.00000000000    1.0000000325280
     230.00000000000    1.0000000325280
     231.00000000000    1.0000000325280
     232.00000000000    1.0000000325280
     233.00000000000    1.0000000325280
     234.00000000000    1.0000000325280
     235.00000000000    1.0000000325280
     236.00000000000    1.0000000325280
     237.00000000000    1.0000000325280
     238.00000000000    1.0000000325280
     239.00000000000    1.0000000325280
     240.00000000000    1.0000000325280
     241.00000000000    1.0000000325280
     242.00000000000    1.0000000325280
     243.00000000000    1.0000000325280
     244.00000000000    1.0000000325280
     245.00000000000    1.0000000325280
     246.00000000000    1.0000000325280
     247.00000000000    1.0000000325280
     248.00000000000    1.0000000325280
     249.00000000000    1.0000000325280
     250.00000000000    1.0000000325280
     251.00000000000    1.0000000325280
     252.00000000000    1.0000000325280
     253.00000000000    1.0000000325280
     254.00000000000    1.0000000325280
     255.00000000000    1.0000000325280
     256.00000000000    1.0000000325280
     257.00000000000    1.0000000325280
     258.00000000000    1.0000000325280
     259.00000000000    1.0000000325280
     260.00000000000    1.0000000325280
     261.00000000000    1.0000000325280
     262.00000000000    1.0000000325280
     263.00000000000    1.0000000325280
     264.00000000000    1.0000000325280
     265.00000000000    1.0000000325280
     266.00000000000    1.0000000325280
     267.00000000000    1.0000000325280
     268.00000000000    1.0000000325280
     269.00000000000    1.0000000325280
     270.00000000000    1.0000000325280
     271.00000000000    1.0000000325280
     272.00000000000    1.0000000325280
     273.00000000000    1.0000000325280
     274.00000000000    1.0000000325280
     275.00000000000    1.0000000325280
     276.00000000000    1.0000000325280
     277.00000000000    1.0000000325280
     278.00000000000    1.0000000325280
     279.00000000000    1.0000000325280
     280.00000000000    1.0000000325280
     281.00000000000    1.0000000325280
     282.00000000000    1.0000000325280
     283.00000000000    1.0000000325280
     284.00000000000    1.0000000325280
     285.00000000000    1.0000000325280
     286.00000000000    1.0000000325280
     287.00000000000    1.0000000325280
     288.00000000000    1.0000000325280
     289.00000000000    1.0000000325280
     290.00000000000    1.0000000325280
     291.00000000000    1.0000000325280
     292.00000000000    1.0000000325280
     293.00000000000    1.0000000325280
     294.00000000000    1.0000000325280
     295.00000000000    1.0000000325280
     296.00000000000    1.0000000325280
     297.00000000000    1.0000000325280
     298.00000000000    1.0000000325280
     299.00000000000    1.0000000325280
     300.00000000000    1.0000000325280
     301.00000000000    1.0000000325280
     302.00000000000    1.0000000325280
     303.00000000000    1.0000000325280
     304.00000000000    1.0000000325280
     305.00000000000    1.0000000325280
     306.00000000000    1.0000000325280
     307.00000000000    1.0000000325280
     308.00000000000    1.0000000325280
     309.00000000000    1.0000000325280
     310.00000000000    1.0000000325280
     311.00000000000    1.0000000325280
     312.00000000000    1.0000000325280
     313.00000000000    1.0000000325280
     314.00000000000    1.0000000325280
     315.00000000000    1.0000000325280
     316.00000000000    1.0000000325280
     317.00000000000    1.0000000325280
     318.00000000000    1.0000000325280
     319.00000000000    1.0000000325280
     320.00000000000    1.0000000325280
     321.00000000000    1.0000000325280
     322.00000000000    1.0000000325280
     323.00000000000    1.0000000325280
     324.00000000000    1.0000000325280
     325.00000000000    1.0000000325280
     326.00000000000    1.0000000325280
     327.00000000000    1.0000000325280
     328.00000000000    1.0000000325280
     329.00000000000    1.0000000325280
     330.00000000000    1.0000000325280
     331.00000000000    1.0000000325280
     332.00000000000    1.0000000325280
     333.00000000000    1.0000000325280
     334.00000000000    1.0000000325280
     335.00000000000    1.0000000325280
     336.00000000000    1.0000000325280
     337.00000000000    1.0000000325280
     338.00000000000    1.0000000325280
     339.00000000000    1.0000000325280
     340.00000000000    1.0000000325280
     341.00000000000    1.0000000325280
     342.00000000000    1.0000000325280
     343.00000000000    1.0000000325280
     344.00000000000    1.0000000325280
     345.00000000000    1.0000000325280
     346.00000000000    1.0000000325280
     347.00000000000    1.0000000325280
     348.00000000000    1.0000000325280
     349.00000000000    1.0000000325280
     350.00000000000    1.0000000325280
     351.00000000000    1.0000000325280
     352.00000000000    1.0000000325280
     353.00000000000    1.0000000325280
     354.00000000000    1.0000000325280
     355.00000000000    1.0000000325280
     356.00000000000    1.0000000325280
     357.00000000000    1.0000000325280
     358.00000000000    1.0000000325280
     359.00000000000    1.0000000325280
     360.00000000000    1.0000000325280
     361.00000000000    1.0000000325280
     362.00000000000    1.0000000325280
     363.00000000000    1.0000000325280
     364.00000000000    1.0000000325280
     365.00000000000    1.0000000325280
     366.00000000000    1.0000000325280
     367.00000000000    1.0000000325280
     368.00000000000    1.0000000325280
     369.00000000000    1.0000000325280
     370.00000000000    1.0000000325280
     371.00000000000    1.0000000325280
     372.00000000000    1.0000000325280
     373.00000000000    1.0000000325280
     374.00000000000    1.0000000325280
     375.00000000000    1.0000000325280
     376.00000000000    1.0000000325280
     377.00000000000    1.0000000325280
     378.00000000000    1.0000000325280
     379.00000000000    1.0000000325280
     380.00000000000    1.0000000325280
     381.00000000000    1.0000000325280
     382.00000000000    1.0000000325280
     383.00000000000    1.0000000325280
     384.00000000000    1.0000000325280
     385.00000000000    1.0000000325280
     386.00000000000    1.0000000325280
     387.00000000000    1.0000000325280
     388.00000000000    1.0000000325280
     389.00000000000    1.0000000325280
     390.00000000000    1.0000000325280
     391.00000000000    1.0000000325280
     392.00000000000    1.0000000325280
     393.00000000000    1.0000000325280
     394.00000000000    1.0000000325280
     395.00000000000    1.0000000325280
     396.00000000000    1.0000000325280
     397.00000000000    1.0000000325280
     398.00000000000    1.0000000325280
     399.00000000000    1.0000000325280
     400.00000000000    1.0000000325280
     401.00000000000    1.0000000325280
     402.00000000000    1.0000000325280
     403.00000000000    1.0000000325280
     404.00000000000    1.0000000325280
     405.00000000000    1.0000000325280
     406.00000000000    1.0000000325280
     407.00000000000    1.0000000325280
     408.00000000000    1.0000000325280
     409.00000000000    1.0000000325280
     410.00000000000    1.0000000325280
     411.00000000000    1.0000000325280
     412.00000000000    1.0000000325280
     413.00000000000    1.0000000325280
     414.00000000000    1.0000000325280
     415.00000000000    1.0000000325280
     416.00000000000    1.0000000325280
     417.00000000000    1.0000000325280
     418.00000000000    1.0000000325280
     419.00000000000    1.0000000325280
     420.00000000000    1.0000000325280
     421.00000000000    1.0000000325280
     422.00000000000    1.0000000325280
     423.00000000000    1.0000000325280
     424.00000000000    1.0000000325280
     425.00000000000    1.0000000325280
     426.00000000000    1.0000000325280
     427.00000000000    1.0000000325280
     428.00000000000    1.0000000325280
     429.00000000000    1.0000000325280
     430.00000000000    1.0000000325280
     431.00000000000    1.0000000325280
     432.00000000000    1.0000000325280
     433.00000000000    1.0000000325280
     434.00000000000    1.0000000325280
     435.00000000000    1.0000000325280
     436.00000000000    1.0000000325280
     437.00000000000    1.0000000325280
     438.00000000000    1.0000000325280
     439.00000000000    1.0000000325280
     440.00000000000    1.0000000325280
     441.00000000000    1.0000000325280
     442.00000000000    1.0000000325280
     443.00000000000    1.0000000325280
     444.00000000000    1.0000000325280
     445.00000000000    1.0000000325280
     446.00000000000    1.0000000325280
     447.00000000000    1.0000000325280
     448.00000000000    1.0000000325280
     449.00000000000    1.0000000325280
     450.00000000000    1.0000000325280
     451.00000000000    1.0000000325280
     452.00000000000    1.0000000325280
     453.00000000000    1.0000000325280
     454.00000000000    1.0000000325280
     455.00000000000    1.0000000325280
     456.00000000000    1.0000000325280
     457.00000000000    1.0000000325280
     458.00000000000    1.0000000325280
     459.00000000000    1.0000000325280
     460.00000000000    1.0000000325280
     461.00000000000    1.0000000325280
     462.00000000000    1.0000000325280
     463.00000000000    1.0000000325280
     464.00000000000    1.0000000325280
     465.00000000000    1.0000000325280
     466.00000000000    1.0000000325280
     467.00000000000    1.0000000325280
     468.00000000000    1.0000000325280
     469.00000000000    1.0000000325280
     470.00000000000    1.0000000325280
     471.00000000000    1.0000000325280
     472.00000000000    1.0000000325280
     473.00000000000    1.0000000325280
     474.00000000000    1.0000000325280
     475.00000000000    1.0000000325280
     476.00000000000    1.0000000325280
     477.00000000000    1.0000000325280
     478.00000000000    1.0000000325280
     479.00000000000    1.0000000325280
     480.00000000000    1.0000000325280
     481.00000000000    1.0000000325280
     482.00000000000    1.0000000325280
     483.00000000000    1.0000000325280
     484.00000000000    1.0000000325280
     485.00000000000    1.0000000325280
     486.00000000000    1.0000000325280
     487.00000000000    1.0000000325280
     488.00000000000    1.0000000325280
     489.00000000000    1.0000000325280
     490.00000000000    1.0000000325280
     491.00000000000    1.0000000325280
     492.00000000000    1.0000000325280
     493.00000000000    1.0000000325280
     494.00000000000    1.0000000325280
     495.00000000000    1.0000000325280
     496.00000000000    1.0000000325280
     497.00000000000    1.0000000325280
     498.00000000000    1.0000000325280
     499.00000000000    1.0000000325280
     500.00000000000    1.0000000325280
