    -500.00000000000    1.0000000325280
    -499.00000000000    1.0000000325280
    -498.00000000000    1.0000000325280
    -497.00000000000    1.0000000325280
    -496.00000000000    1.0000000325280
    -495.00000000000    1.0000000325280
    -494.00000000000    1.0000000325280
    -493.00000000000    1.0000000325280
    -492.00000000000    1.0000000325280
    -491.00000000000    1.0000000325280
    -490.00000000000    1.0000000325280
    -489.00000000000    1.0000000325280
    -488.00000000000    1.0000000325280
    -487.00000000000    1.0000000325280
    -486.00000000000    1.0000000325280
    -485.00000000000    1.0000000325280
    -484.00000000000    1.0000000325280
    -483.00000000000    1.0000000325280
    -482.00000000000    1.0000000325280
    -481.00000000000    1.0000000325280
    -480.00000000000    1.0000000325280
    -479.00000000000    1.0000000325280
    -478.00000000000    1.0000000325280
    -477.00000000000    1.0000000325280
    -476.00000000000    1.0000000325280
    -475.00000000000    1.0000000325280
    -474.00000000000    1.0000000325280
    -473.00000000000    1.0000000325280
    -472.00000000000    1.0000000325280
    -471.00000000000    1.0000000325280
    -470.00000000000    1.0000000325280
    -469.00000000000    1.0000000325280
    -468.00000000000    1.0000000325280
    -467.00000000000    1.0000000325280
    -466.00000000000    1.0000000325280
    -465.00000000000    1.0000000325280
    -464.00000000000    1.0000000325280
    -463.00000000000    1.0000000325280
    -462.00000000000    1.0000000325280
    -461.00000000000    1.0000000325280
    -460.00000000000    1.0000000325280
    -459.00000000000    1.0000000325280
    -458.00000000000    1.0000000325280
    -457.00000000000    1.0000000325280
    -456.00000000000    1.0000000325280
    -455.00000000000    1.0000000325280
    -454.00000000000    1.0000000325280
    -453.00000000000    1.0000000325280
    -452.00000000000    1.0000000325280
    -451.00000000000    1.0000000325280
    -450.00000000000    1.0000000325280
    -449.00000000000    1.0000000325280
    -448.00000000000    1.0000000325280
    -447.00000000000    1.0000000325280
    -446.00000000000    1.0000000325280
    -445.00000000000    1.0000000325280
    -444.00000000000    1.0000000325280
    -443.00000000000    1.0000000325280
    -442.00000000000    1.0000000325280
    -441.00000000000    1.0000000325280
    -440.00000000000    1.0000000325280
    -439.00000000000    1.0000000325280
    -438.00000000000    1.0000000325280
    -437.00000000000    1.0000000325280
    -436.00000000000    1.0000000325280
    -435.00000000000    1.0000000325280
    -434.00000000000    1.0000000325280
    -433.00000000000    1.0000000325280
    -432.00000000000    1.0000000325280
    -431.00000000000    1.0000000325280
    -430.00000000000    1.0000000325280
    -429.00000000000    1.0000000325280
    -428.00000000000    1.0000000325280
    -427.00000000000    1.0000000325280
    -426.00000000000    1.0000000325280
    -425.00000000000    1.0000000325280
    -424.00000000000    1.0000000325280
    -423.00000000000    1.0000000325280
    -422.00000000000    1.0000000325280
    -421.00000000000    1.0000000325280
    -420.00000000000    1.0000000325280
    -419.00000000000    1.0000000325280
    -418.00000000000    1.0000000325280
    -417.00000000000    1.0000000325280
    -416.00000000000    1.0000000325280
    -415.00000000000    1.0000000325280
    -414.00000000000    1.0000000325280
    -413.00000000000    1.0000000325280
    -412.00000000000    1.0000000325280
    -411.00000000000    1.0000000325280
    -410.00000000000    1.0000000325280
    -409.00000000000    1.0000000325280
    -408.00000000000    1.0000000325280
    -407.00000000000    1.0000000325280
    -406.00000000000    1.0000000325280
    -405.00000000000    1.0000000325280
    -404.00000000000    1.0000000325280
    -403.00000000000    1.0000000325280
    -402.00000000000    1.0000000325280
    -401.00000000000    1.0000000325280
    -400.00000000000    1.0000000325280
    -399.00000000000    1.0000000325280
    -398.00000000000    1.0000000325280
    -397.00000000000    1.0000000325280
    -396.00000000000    1.0000000325280
    -395.00000000000    1.0000000325280
    -394.00000000000    1.0000000325280
    -393.00000000000    1.0000000325280
    -392.00000000000    1.0000000325280
    -391.00000000000    1.0000000325280
    -390.00000000000    1.0000000325280
    -389.00000000000    1.0000000325280
    -388.00000000000    1.0000000325280
    -387.00000000000    1.0000000325280
    -386.00000000000    1.0000000325280
    -385.00000000000    1.0000000325280
    -384.00000000000    1.0000000325280
    -383.00000000000    1.0000000325280
    -382.00000000000    1.0000000325280
    -381.00000000000    1.0000000325280
    -380.00000000000    1.0000000325280
    -379.00000000000    1.0000000325280
    -378.00000000000    1.0000000325280
    -377.00000000000    1.0000000325280
    -376.00000000000    1.0000000325280
    -375.00000000000    1.0000000325280
    -374.00000000000    1.0000000325280
    -373.00000000000    1.0000000325280
    -372.00000000000    1.0000000325280
    -371.00000000000    1.0000000325280
    -370.00000000000    1.0000000325280
    -369.00000000000    1.0000000325280
    -368.00000000000    1.0000000325280
    -367.00000000000    1.0000000325280
    -366.00000000000    1.0000000325280
    -365.00000000000    1.0000000325280
    -364.00000000000    1.0000000325280
    -363.00000000000    1.0000000325280
    -362.00000000000    1.0000000325280
    -361.00000000000    1.0000000325280
    -360.00000000000    1.0000000325280
    -359.00000000000    1.0000000325280
    -358.00000000000    1.0000000325280
    -357.00000000000    1.0000000325280
    -356.00000000000    1.0000000325280
    -355.00000000000    1.0000000325280
    -354.00000000000    1.0000000325280
    -353.00000000000    1.0000000325280
    -352.00000000000    1.0000000325280
    -351.00000000000    1.0000000325280
    -350.00000000000    1.0000000325280
    -349.00000000000    1.0000000325280
    -348.00000000000    1.0000000325280
    -347.00000000000    1.0000000325280
    -346.00000000000    1.0000000325280
    -345.00000000000    1.0000000325280
    -344.00000000000    1.0000000325280
    -343.00000000000    1.0000000325280
    -342.00000000000    1.0000000325280
    -341.00000000000    1.0000000325280
    -340.00000000000    1.0000000325280
    -339.00000000000    1.0000000325280
    -338.00000000000    1.0000000325280
    -337.00000000000    1.0000000325280
    -336.00000000000    1.0000000325280
    -335.00000000000    1.0000000325280
    -334.00000000000    1.0000000325280
    -333.00000000000    1.0000000325280
    -332.00000000000    1.0000000325280
    -331.00000000000    1.0000000325280
    -330.00000000000    1.0000000325280
    -329.00000000000    1.0000000325280
    -328.00000000000    1.0000000325280
    -327.00000000000    1.0000000325280
    -326.00000000000    1.0000000325280
    -325.00000000000    1.0000000325280
    -324.00000000000    1.0000000325280
    -323.00000000000    1.0000000325280
    -322.00000000000    1.0000000325280
    -321.00000000000    1.0000000325280
    -320.00000000000    1.0000000325280
    -319.00000000000    1.0000000325280
    -318.00000000000    1.0000000325280
    -317.00000000000    1.0000000325280
    -316.00000000000    1.0000000325280
    -315.00000000000    1.0000000325280
    -314.00000000000    1.0000000325280
    -313.00000000000    1.0000000325280
    -312.00000000000    1.0000000325280
    -311.00000000000    1.0000000325280
    -310.00000000000    1.0000000325280
    -309.00000000000    1.0000000325280
    -308.00000000000    1.0000000325280
    -307.00000000000    1.0000000325280
    -306.00000000000    1.0000000325280
    -305.00000000000    1.0000000325280
    -304.00000000000    1.0000000325280
    -303.00000000000    1.0000000325280
    -302.00000000000    1.0000000325280
    -301.00000000000    1.0000000325280
    -300.00000000000    1.0000000325280
    -299.00000000000    1.0000000325280
    -298.00000000000    1.0000000325280
    -297.00000000000    1.0000000325280
    -296.00000000000    1.0000000325280
    -295.00000000000    1.0000000325280
    -294.00000000000    1.0000000325280
    -293.00000000000    1.0000000325280
    -292.00000000000    1.0000000325280
    -291.00000000000    1.0000000325280
    -290.00000000000    1.0000000325280
    -289.00000000000    1.0000000325280
    -288.00000000000    1.0000000325280
    -287.00000000000    1.0000000325280
    -286.00000000000    1.0000000325280
    -285.00000000000    1.0000000325280
    -284.00000000000    1.0000000325280
    -283.00000000000    1.0000000325280
    -282.00000000000    1.0000000325280
    -281.00000000000    1.0000000325280
    -280.00000000000    1.0000000325280
    -279.00000000000    1.0000000325280
    -278.00000000000    1.0000000325280
    -277.00000000000    1.0000000325280
    -276.00000000000    1.0000000325280
    -275.00000000000    1.0000000325280
    -274.00000000000    1.0000000325280
    -273.00000000000    1.0000000325280
    -272.00000000000    1.0000000325280
    -271.00000000000    1.0000000325280
    -270.00000000000    1.0000000325280
    -269.00000000000    1.0000000325280
    -268.00000000000    1.0000000325280
    -267.00000000000    1.0000000325280
    -266.00000000000    1.0000000325280
    -265.00000000000    1.0000000325280
    -264.00000000000    1.0000000325280
    -263.00000000000    1.0000000325280
    -262.00000000000    1.0000000325280
    -261.00000000000    1.0000000325280
    -260.00000000000    1.0000000325280
    -259.00000000000    1.0000000325280
    -258.00000000000    1.0000000325280
    -257.00000000000    1.0000000325280
    -256.00000000000    1.0000000325280
    -255.00000000000    1.0000000325280
    -254.00000000000    1.0000000325280
    -253.00000000000    1.0000000325280
    -252.00000000000    1.0000000325280
    -251.00000000000    1.0000000325280
    -250.00000000000    1.0000000325280
    -249.00000000000    1.0000000325280
    -248.00000000000    1.0000000325280
    -247.00000000000    1.0000000325280
    -246.00000000000    1.0000000325280
    -245.00000000000    1.0000000325280
    -244.00000000000    1.0000000325280
    -243.00000000000    1.0000000325280
    -242.00000000000    1.0000000325280
    -241.00000000000    1.0000000325280
    -240.00000000000    1.0000000325280
    -239.00000000000    1.0000000325280
    -238.00000000000    1.0000000325280
    -237.00000000000    1.0000000325280
    -236.00000000000    1.0000000325280
    -235.00000000000    1.0000000325280
    -234.00000000000    1.0000000325280
    -233.00000000000    1.0000000325280
    -232.00000000000    1.0000000325280
    -231.00000000000    1.0000000325280
    -230.00000000000    1.0000000325280
    -229.00000000000    1.0000000325280
    -228.00000000000    1.0000000325280
    -227.00000000000    1.0000000325280
    -226.00000000000    1.0000000325280
    -225.00000000000    1.0000000325280
    -224.00000000000    1.0000000325280
    -223.00000000000    1.0000000325280
    -222.00000000000    1.0000000325280
    -221.00000000000    1.0000000325280
    -220.00000000000    1.0000000325280
    -219.00000000000    1.0000000325280
    -218.00000000000    1.0000000325280
    -217.00000000000    1.0000000325280
    -216.00000000000    1.0000000325280
    -215.00000000000    1.0000000325280
    -214.00000000000    1.0000000325280
    -213.00000000000    1.0000000325280
    -212.00000000000    1.0000000325280
    -211.00000000000    1.0000000325280
    -210.00000000000    1.0000000325280
    -209.00000000000    1.0000000325280
    -208.00000000000    1.0000000325280
    -207.00000000000    1.0000000325280
    -206.00000000000    1.0000000325280
    -205.00000000000    1.0000000325280
    -204.00000000000    1.0000000325280
    -203.00000000000    1.0000000325280
    -202.00000000000    1.0000000325279
    -201.00000000000    1.0000000325278
    -200.00000000000    1.0000000325272
    -199.00000000000    1.0000000325251
    -198.00000000000    1.0000000325174
    -197.00000000000    1.0000000324911
    -196.00000000000    1.0000000324048
    -195.00000000000    1.0000000321344
    -194.00000000000    1.0000000313234
    -193.00000000000    1.0000000289953
    -192.00000000000    1.0000000225993
    -191.00000000000    1.0000000057810
    -190.00000000000   0.99999996344941
    -189.00000000000   0.99999986144947
    -188.00000000000   0.99999962614179
    -187.00000000000   0.99999910635126
    -186.00000000000   0.99999800673967
    -185.00000000000   0.99999577861083
    -184.00000000000   0.99999145334230
    -183.00000000000   0.99998340786827
    -182.00000000000   0.99996906405615
    -181.00000000000   0.99994454645490
    -180.00000000000   0.99990435453286
    -179.00000000000   0.99984113967970
    -178.00000000000   0.99974570162004
    -177.00000000000   0.99960731773729
    -176.00000000000   0.99941447878157
    -175.00000000000   0.99915602237626
    -174.00000000000   0.99882254500734
    -173.00000000000   0.99840786416509
    -172.00000000000   0.99791023447565
    -171.00000000000   0.99733302856087
    -170.00000000000   0.99668468655309
    -169.00000000000   0.99597789821272
    -168.00000000000   0.99522816193874
    -167.00000000000   0.99445200874286
    -166.00000000000   0.99366524158982
    -165.00000000000   0.99288150605268
    -164.00000000000   0.99211139575564
    -163.00000000000   0.99136214846077
    -162.00000000000   0.99063785411707
    -161.00000000000   0.98994001004903
    -160.00000000000   0.98926823321000
    -159.00000000000   0.98862096569108
    -158.00000000000   0.98799606516408
    -157.00000000000   0.98739123265114
    -156.00000000000   0.98680427861551
    -155.00000000000   0.98623325736321
    -154.00000000000   0.98567651007062
    -153.00000000000   0.98513265406059
    -152.00000000000   0.98460054686155
    -151.00000000000   0.98407924329491
    -150.00000000000   0.98356795529277
    -149.00000000000   0.98306601833788
    -148.00000000000   0.98257286511993
    -147.00000000000   0.98208800550256
    -146.00000000000   0.98161101145930
    -145.00000000000   0.98114150571150
    -144.00000000000   0.98067915305534
    -143.00000000000   0.98022365363208
    -142.00000000000   0.97977473761424
    -141.00000000000   0.97933216094026
    -140.00000000000   0.97889570184059
    -139.00000000000   0.97846515797273
    -138.00000000000   0.97804034403296
    -137.00000000000   0.97762108974706
    -136.00000000000   0.97720723816598
    -135.00000000000   0.97679864420997
    -134.00000000000   0.97639517341680
    -133.00000000000   0.97599670085933
    -132.00000000000   0.97560311020443
    -131.00000000000   0.97521429289085
    -130.00000000000   0.97483014740778
    -129.00000000000   0.97445057865915
    -128.00000000000   0.97407549740119
    -127.00000000000   0.97370481974323
    -126.00000000000   0.97333846670279
    -125.00000000000   0.97297636380818
    -124.00000000000   0.97261844074215
    -123.00000000000   0.97226463102158
    -122.00000000000   0.97191487170886
    -121.00000000000   0.97156910315096
    -120.00000000000   0.97122726874323
    -119.00000000000   0.97088931471486
    -118.00000000000   0.97055518993372
    -117.00000000000   0.97022484572843
    -116.00000000000   0.96989823572584
    -115.00000000000   0.96957531570219
    -114.00000000000   0.96925604344677
    -113.00000000000   0.96894037863660
    -112.00000000000   0.96862828272113
    -111.00000000000   0.96831971881604
    -110.00000000000   0.96801465160519
    -109.00000000000   0.96771304725000
    -108.00000000000   0.96741487330556
    -107.00000000000   0.96712009864293
    -106.00000000000   0.96682869337697
   -105.000000000000   0.96654062879928
   -104.000000000000   0.96625587731586
   -103.000000000000   0.96597441238896
   -102.000000000000   0.96569620848295
   -101.000000000000   0.96542124101370
   -100.000000000000   0.96514948630130
    -99.000000000000   0.96488092152588
    -98.000000000000   0.96461552468612
    -97.000000000000   0.96435327456050
    -96.000000000000   0.96409415067083
    -95.000000000000   0.96383813324804
    -94.000000000000   0.96358520320005
    -93.000000000000   0.96333534208153
    -92.000000000000   0.96308853206537
    -91.000000000000   0.96284475591593
    -90.000000000000   0.96260399696365
    -89.000000000000   0.96236623908123
    -88.000000000000   0.96213146666107
    -87.000000000000   0.96189966459392
    -86.000000000000   0.96167081824879
    -85.000000000000   0.96144491345381
    -84.000000000000   0.96122193647821
    -83.000000000000   0.96100187401520
    -82.000000000000   0.96078471316573
    -81.000000000000   0.96057044142307
    -80.000000000000   0.96035904665827
    -79.000000000000   0.96015051710619
    -78.000000000000   0.95994484135237
    -77.000000000000   0.95974200832047
    -76.000000000000   0.95954200726032
    -75.000000000000   0.95934482773659
    -74.000000000000   0.95915045961795
    -73.000000000000   0.95895889306677
    -72.000000000000   0.95877011852933
    -71.000000000000   0.95858412672642
    -70.000000000000   0.95840090864440
    -69.000000000000   0.95822045552671
    -68.000000000000   0.95804275886572
    -67.000000000000   0.95786781039491
    -66.000000000000   0.95769560208150
    -65.000000000000   0.95752612611933
    -64.000000000000   0.95735937492206
    -63.000000000000   0.95719534111667
    -62.000000000000   0.95703401753728
    -61.000000000000   0.95687539721917
    -60.000000000000   0.95671947339310
    -59.000000000000   0.95656623947988
    -58.000000000000   0.95641568908510
    -57.000000000000   0.95626781599417
    -56.000000000000   0.95612261416752
    -55.000000000000   0.95598007773598
    -54.000000000000   0.95584020099640
    -53.000000000000   0.95570297840743
    -52.000000000000   0.95556840458543
    -51.000000000000   0.95543647430062
    -50.000000000000   0.95530718247336
    -49.000000000000   0.95518052417053
    -48.000000000000   0.95505649460214
    -47.000000000000   0.95493508911801
    -46.000000000000   0.95481630320461
    -45.000000000000   0.95470013248205
    -44.000000000000   0.95458657270116
    -43.000000000000   0.95447561974066
    -42.000000000000   0.95436726960453
    -41.000000000000   0.95426151841942
    -40.000000000000   0.95415836243214
    -39.000000000000   0.95405779800735
    -38.000000000000   0.95395982162526
    -37.000000000000   0.95386442987945
    -36.000000000000   0.95377161947476
    -35.000000000000   0.95368138722533
    -34.000000000000   0.95359373005262
    -33.000000000000   0.95350864498363
    -32.000000000000   0.95342612914909
    -31.000000000000   0.95334617978177
    -30.000000000000   0.95326879421491
    -29.000000000000   0.95319396988062
    -28.000000000000   0.95312170430843
    -27.000000000000   0.95305199512386
    -26.000000000000   0.95298484004711
    -25.000000000000   0.95292023689171
    -24.000000000000   0.95285818356336
    -23.000000000000   0.95279867805871
    -22.000000000000   0.95274171846429
    -21.000000000000   0.95268730295541
    -20.000000000000   0.95263542979522
    -19.000000000000   0.95258609733371
    -18.000000000000   0.95253930400684
    -17.000000000000   0.95249504833568
    -16.000000000000   0.95245332892564
    -15.000000000000   0.95241414446570
    -14.000000000000   0.95237749372771
    -13.000000000000   0.95234337556576
    -12.000000000000   0.95231178891553
    -11.000000000000   0.95228273279378
   -10.0000000000000   0.95225620629781
    -9.0000000000000   0.95223220860496
    -8.0000000000000   0.95221073897223
    -7.0000000000000   0.95219179673585
    -6.0000000000000   0.95217538131095
    -5.0000000000000   0.95216149219125
    -4.0000000000000   0.95215012894882
    -3.0000000000000   0.95214129123382
    -2.0000000000000   0.95213497877434
    -1.0000000000000   0.95213119137628
   0.   0.95212992892319
     1.0000000000000   0.95213119137628
     2.0000000000000   0.95213497877434
     3.0000000000000   0.95214129123382
     4.0000000000000   0.95215012894882
     5.0000000000000   0.95216149219125
     6.0000000000000   0.95217538131095
     7.0000000000000   0.95219179673585
     8.0000000000000   0.95221073897223
     9.0000000000000   0.95223220860496
    10.0000000000000   0.95225620629781
     11.000000000000   0.95228273279378
     12.000000000000   0.95231178891553
     13.000000000000   0.95234337556576
     14.000000000000   0.95237749372771
     15.000000000000   0.95241414446570
     16.000000000000   0.95245332892564
     17.000000000000   0.95249504833568
     18.000000000000   0.95253930400684
     19.000000000000   0.95258609733371
     20.000000000000   0.95263542979522
     21.000000000000   0.95268730295541
     22.000000000000   0.95274171846429
     23.000000000000   0.95279867805871
     24.000000000000   0.95285818356336
     25.000000000000   0.95292023689171
     26.000000000000   0.95298484004711
     27.000000000000   0.95305199512386
     28.000000000000   0.95312170430843
     29.000000000000   0.95319396988062
     30.000000000000   0.95326879421491
     31.000000000000   0.95334617978177
     32.000000000000   0.95342612914909
     33.000000000000   0.95350864498363
     34.000000000000   0.95359373005262
     35.000000000000   0.95368138722533
     36.000000000000   0.95377161947476
     37.000000000000   0.95386442987945
     38.000000000000   0.95395982162526
     39.000000000000   0.95405779800735
     40.000000000000   0.95415836243214
     41.000000000000   0.95426151841941
     42.000000000000   0.95436726960453
     43.000000000000   0.95447561974066
     44.000000000000   0.95458657270116
     45.000000000000   0.95470013248205
     46.000000000000   0.95481630320461
     47.000000000000   0.95493508911801
     48.000000000000   0.95505649460214
     49.000000000000   0.95518052417053
     50.000000000000   0.95530718247336
     51.000000000000   0.95543647430062
     52.000000000000   0.95556840458543
     53.000000000000   0.95570297840743
     54.000000000000   0.95584020099640
     55.000000000000   0.95598007773598
     56.000000000000   0.95612261416752
     57.000000000000   0.95626781599417
     58.000000000000   0.95641568908510
     59.000000000000   0.95656623947988
     60.000000000000   0.95671947339310
     61.000000000000   0.95687539721917
     62.000000000000   0.95703401753728
     63.000000000000   0.95719534111667
     64.000000000000   0.95735937492206
     65.000000000000   0.95752612611933
     66.000000000000   0.95769560208150
     67.000000000000   0.95786781039491
     68.000000000000   0.95804275886572
     69.000000000000   0.95822045552671
     70.000000000000   0.95840090864440
     71.000000000000   0.95858412672642
     72.000000000000   0.95877011852933
     73.000000000000   0.95895889306677
     74.000000000000   0.95915045961795
     75.000000000000   0.95934482773659
     76.000000000000   0.95954200726032
     77.000000000000   0.95974200832047
     78.000000000000   0.95994484135237
     79.000000000000   0.96015051710619
     80.000000000000   0.96035904665827
     81.000000000000   0.96057044142307
     82.000000000000   0.96078471316573
     83.000000000000   0.96100187401520
     84.000000000000   0.96122193647821
     85.000000000000   0.96144491345381
     86.000000000000   0.96167081824879
     87.000000000000   0.96189966459392
     88.000000000000   0.96213146666107
     89.000000000000   0.96236623908123
     90.000000000000   0.96260399696365
     91.000000000000   0.96284475591593
     92.000000000000   0.96308853206537
     93.000000000000   0.96333534208153
     94.000000000000   0.96358520320005
     95.000000000000   0.96383813324804
     96.000000000000   0.96409415067083
     97.000000000000   0.96435327456050
     98.000000000000   0.96461552468612
     99.000000000000   0.96488092152588
    100.000000000000   0.96514948630130
    101.000000000000   0.96542124101370
    102.000000000000   0.96569620848295
    103.000000000000   0.96597441238896
    104.000000000000   0.96625587731586
    105.000000000000   0.96654062879928
     106.00000000000   0.96682869337697
     107.00000000000   0.96712009864293
     108.00000000000   0.96741487330556
     109.00000000000   0.96771304725000
     110.00000000000   0.96801465160519
     111.00000000000   0.96831971881604
     112.00000000000   0.96862828272113
     113.00000000000   0.96894037863660
     114.00000000000   0.96925604344677
     115.00000000000   0.96957531570219
     116.00000000000   0.96989823572584
     117.00000000000   0.97022484572843
     118.00000000000   0.97055518993372
     119.00000000000   0.97088931471486
     120.00000000000   0.97122726874323
     121.00000000000   0.97156910315096
     122.00000000000   0.97191487170886
     123.00000000000   0.97226463102158
     124.00000000000   0.97261844074215
     125.00000000000   0.97297636380818
     126.00000000000   0.97333846670279
     127.00000000000   0.97370481974323
     128.00000000000   0.97407549740119
     129.00000000000   0.97445057865915
     130.00000000000   0.97483014740778
     131.00000000000   0.97521429289085
     132.00000000000   0.97560311020443
     133.00000000000   0.97599670085933
     134.00000000000   0.97639517341680
     135.00000000000   0.97679864420997
     136.00000000000   0.97720723816598
     137.00000000000   0.97762108974706
     138.00000000000   0.97804034403296
     139.00000000000   0.97846515797273
     140.00000000000   0.97889570184059
     141.00000000000   0.97933216094026
     142.00000000000   0.97977473761424
     143.00000000000   0.98022365363208
     144.00000000000   0.98067915305534
     145.00000000000   0.98114150571150
     146.00000000000   0.98161101145930
     147.00000000000   0.98208800550256
     148.00000000000   0.98257286511993
     149.00000000000   0.98306601833788
     150.00000000000   0.98356795529277
     151.00000000000   0.98407924329491
     152.00000000000   0.98460054686155
     153.00000000000   0.98513265406059
     154.00000000000   0.98567651007062
     155.00000000000   0.98623325736321
     156.00000000000   0.98680427861551
     157.00000000000   0.98739123265114
     158.00000000000   0.98799606516408
     159.00000000000   0.98862096569108
     160.00000000000   0.98926823321000
     161.00000000000   0.98994001004903
     162.00000000000   0.99063785411707
     163.00000000000   0.99136214846077
     164.00000000000   0.99211139575564
     165.00000000000   0.99288150605268
     166.00000000000   0.99366524158982
     167.00000000000   0.99445200874286
     168.00000000000   0.99522816193874
     169.00000000000   0.99597789821272
     170.00000000000   0.99668468655309
     171.00000000000   0.99733302856087
     172.00000000000   0.99791023447565
     173.00000000000   0.99840786416509
     174.00000000000   0.99882254500734
     175.00000000000   0.99915602237626
     176.00000000000   0.99941447878157
     177.00000000000   0.99960731773729
     178.00000000000   0.99974570162004
     179.00000000000   0.99984113967970
     180.00000000000   0.99990435453286
     181.00000000000   0.99994454645490
     182.00000000000   0.99996906405615
     183.00000000000   0.99998340786827
     184.00000000000   0.99999145334230
     185.00000000000   0.99999577861083
     186.00000000000   0.99999800673967
     187.00000000000   0.99999910635126
     188.00000000000   0.99999962614179
     189.00000000000   0.99999986144947
     190.00000000000   0.99999996344941
     191.00000000000    1.0000000057810
     192.00000000000    1.0000000225993
     193.00000000000    1.0000000289953
     194.00000000000    1.0000000313234
     195.00000000000    1.0000000321344
     196.00000000000    1.0000000324048
     197.00000000000    1.0000000324911
     198.00000000000    1.0000000325174
     199.00000000000    1.0000000325251
     200.00000000000    1.0000000325272
     201.00000000000    1.0000000325278
     202.00000000000    1.0000000325279
     203.00000000000    1.0000000325280
     204.00000000000    1.0000000325280
     205.00000000000    1.0000000325280
     206.00000000000    1.0000000325280
     207.00000000000    1.0000000325280
     208.00000000000    1.0000000325280
     209.00000000000    1.0000000325280
     210.00000000000    1.0000000325280
     211.00000000000    1.0000000325280
     212.00000000000    1.0000000325280
     213.00000000000    1.0000000325280
     214.00000000000    1.0000000325280
     215.00000000000    1.0000000325280
     216.00000000000    1.0000000325280
     217.00000000000    1.0000000325280
     218.00000000000    1.0000000325280
     219.00000000000    1.0000000325280
     220.00000000000    1.0000000325280
     221.00000000000    1.0000000325280
     222.00000000000    1.0000000325280
     223.00000000000    1.0000000325280
     224.00000000000    1.0000000325280
     225.00000000000    1.0000000325280
     226.00000000000    1.0000000325280
     227.00000000000    1.0000000325280
     228.00000000000    1.0000000325280
     229.00000000000    1.0000000325280
     230.00000000000    1.0000000325280
     231.00000000000    1.0000000325280
     232.00000000000    1.0000000325280
     233.00000000000    1.0000000325280
     234.00000000000    1.0000000325280
     235.00000000000    1.0000000325280
     236.00000000000    1.0000000325280
     237.00000000000    1.0000000325280
     238.00000000000    1.0000000325280
     239.00000000000    1.0000000325280
     240.00000000000    1.0000000325280
     241.00000000000    1.0000000325280
     242.00000000000    1.0000000325280
     243.00000000000    1.0000000325280
     244.00000000000    1.0000000325280
     245.00000000000    1.0000000325280
     246.00000000000    1.0000000325280
     247.00000000000    1.0000000325280
     248.00000000000    1.0000000325280
     249.00000000000    1.0000000325280
     250.00000000000    1.0000000325280
     251.00000000000    1.0000000325280
     252.00000000000    1.0000000325280
     253.00000000000    1.0000000325280
     254.00000000000    1.0000000325280
     255.00000000000    1.0000000325280
     256.00000000000    1.0000000325280
     257.00000000000    1.0000000325280
     258.00000000000    1.0000000325280
     259.00000000000    1.0000000325280
     260.00000000000    1.0000000325280
     261.00000000000    1.0000000325280
     262.00000000000    1.0000000325280
     263.00000000000    1.0000000325280
     264.00000000000    1.0000000325280
     265.00000000000    1.0000000325280
     266.00000000000    1.0000000325280
     267.00000000000    1.0000000325280
     268.00000000000    1.0000000325280
     269.00000000000    1.0000000325280
     270.00000000000    1.0000000325280
     271.00000000000    1.0000000325280
     272.00000000000    1.0000000325280
     273.00000000000    1.0000000325280
     274.00000000000    1.0000000325280
     275.00000000000    1.0000000325280
     276.00000000000    1.0000000325280
     277.00000000000    1.0000000325280
     278.00000000000    1.0000000325280
     279.00000000000    1.0000000325280
     280.00000000000    1.0000000325280
     281.00000000000    1.0000000325280
     282.00000000000    1.0000000325280
     283.00000000000    1.0000000325280
     284.00000000000    1.0000000325280
     285.00000000000    1.0000000325280
     286.00000000000    1.0000000325280
     287.00000000000    1.0000000325280
     288.00000000000    1.0000000325280
     289.00000000000    1.0000000325280
     290.00000000000    1.0000000325280
     291.00000000000    1.0000000325280
     292.00000000000    1.0000000325280
     293.00000000000    1.0000000325280
     294.00000000000    1.0000000325280
     295.00000000000    1.0000000325280
     296.00000000000    1.0000000325280
     297.00000000000    1.0000000325280
     298.00000000000    1.0000000325280
     299.00000000000    1.0000000325280
     300.00000000000    1.0000000325280
     301.00000000000    1.0000000325280
     302.00000000000    1.0000000325280
     303.00000000000    1.0000000325280
     304.00000000000    1.0000000325280
     305.00000000000    1.0000000325280
     306.00000000000    1.0000000325280
     307.00000000000    1.0000000325280
     308.00000000000    1.0000000325280
     309.00000000000    1.0000000325280
     310.00000000000    1.0000000325280
     311.00000000000    1.0000000325280
     312.00000000000    1.0000000325280
     313.00000000000    1.0000000325280
     314.00000000000    1.0000000325280
     315.00000000000    1.0000000325280
     316.00000000000    1.0000000325280
     317.00000000000    1.0000000325280
     318.00000000000    1.0000000325280
     319.00000000000    1.0000000325280
     320.00000000000    1.0000000325280
     321.00000000000    1.0000000325280
     322.00000000000    1.0000000325280
     323.00000000000    1.0000000325280
     324.00000000000    1.0000000325280
     325.00000000000    1.0000000325280
     326.00000000000    1.0000000325280
     327.00000000000    1.0000000325280
     328.00000000000    1.0000000325280
     329.00000000000    1.0000000325280
     330.00000000000    1.0000000325280
     331.00000000000    1.0000000325280
     332.00000000000    1.0000000325280
     333.00000000000    1.0000000325280
     334.00000000000    1.0000000325280
     335.00000000000    1.0000000325280
     336.00000000000    1.0000000325280
     337.00000000000    1.0000000325280
     338.00000000000    1.0000000325280
     339.00000000000    1.0000000325280
     340.00000000000    1.0000000325280
     341.00000000000    1.0000000325280
     342.00000000000    1.0000000325280
     343.00000000000    1.0000000325280
     344.00000000000    1.0000000325280
     345.00000000000    1.0000000325280
     346.00000000000    1.0000000325280
     347.00000000000    1.0000000325280
     348.00000000000    1.0000000325280
     349.00000000000    1.0000000325280
     350.00000000000    1.0000000325280
     351.00000000000    1.0000000325280
     352.00000000000    1.0000000325280
     353.00000000000    1.0000000325280
     354.00000000000    1.0000000325280
     355.00000000000    1.0000000325280
     356.00000000000    1.0000000325280
     357.00000000000    1.0000000325280
     358.00000000000    1.0000000325280
     359.00000000000    1.0000000325280
     360.00000000000    1.0000000325280
     361.00000000000    1.0000000325280
     362.00000000000    1.0000000325280
     363.00000000000    1.0000000325280
     364.00000000000    1.0000000325280
     365.00000000000    1.0000000325280
     366.00000000000    1.0000000325280
     367.00000000000    1.0000000325280
     368.00000000000    1.0000000325280
     369.00000000000    1.0000000325280
     370.00000000000    1.0000000325280
     371.00000000000    1.0000000325280
     372.00000000000    1.0000000325280
     373.00000000000    1.0000000325280
     374.00000000000    1.0000000325280
     375.00000000000    1.0000000325280
     376.00000000000    1.0000000325280
     377.00000000000    1.0000000325280
     378.00000000000    1.0000000325280
     379.00000000000    1.0000000325280
     380.00000000000    1.0000000325280
     381.00000000000    1.0000000325280
     382.00000000000    1.0000000325280
     383.00000000000    1.0000000325280
     384.00000000000    1.0000000325280
     385.00000000000    1.0000000325280
     386.00000000000    1.0000000325280
     387.00000000000    1.0000000325280
     388.00000000000    1.0000000325280
     389.00000000000    1.0000000325280
     390.00000000000    1.0000000325280
     391.00000000000    1.0000000325280
     392.00000000000    1.0000000325280
     393.00000000000    1.0000000325280
     394.00000000000    1.0000000325280
     395.00000000000    1.0000000325280
     396.00000000000    1.0000000325280
     397.00000000000    1.0000000325280
     398.00000000000    1.0000000325280
     399.00000000000    1.0000000325280
     400.00000000000    1.0000000325280
     401.00000000000    1.0000000325280
     402.00000000000    1.0000000325280
     403.00000000000    1.0000000325280
     404.00000000000    1.0000000325280
     405.00000000000    1.0000000325280
     406.00000000000    1.0000000325280
     407.00000000000    1.0000000325280
     408.00000000000    1.0000000325280
     409.00000000000    1.0000000325280
     410.00000000000    1.0000000325280
     411.00000000000    1.0000000325280
     412.00000000000    1.0000000325280
     413.00000000000    1.0000000325280
     414.00000000000    1.0000000325280
     415.00000000000    1.0000000325280
     416.00000000000    1.0000000325280
     417.00000000000    1.0000000325280
     418.00000000000    1.0000000325280
     419.00000000000    1.0000000325280
     420.00000000000    1.0000000325280
     421.00000000000    1.0000000325280
     422.00000000000    1.0000000325280
     423.00000000000    1.0000000325280
     424.00000000000    1.0000000325280
     425.00000000000    1.0000000325280
     426.00000000000    1.0000000325280
     427.00000000000    1.0000000325280
     428.00000000000    1.0000000325280
     429.00000000000    1.0000000325280
     430.00000000000    1.0000000325280
     431.00000000000    1.0000000325280
     432.00000000000    1.0000000325280
     433.00000000000    1.0000000325280
     434.00000000000    1.0000000325280
     435.00000000000    1.0000000325280
     436.00000000000    1.0000000325280
     437.00000000000    1.0000000325280
     438.00000000000    1.0000000325280
     439.00000000000    1.0000000325280
     440.00000000000    1.0000000325280
     441.00000000000    1.0000000325280
     442.00000000000    1.0000000325280
     443.00000000000    1.0000000325280
     444.00000000000    1.0000000325280
     445.00000000000    1.0000000325280
     446.00000000000    1.0000000325280
     447.00000000000    1.0000000325280
     448.00000000000    1.0000000325280
     449.00000000000    1.0000000325280
     450.00000000000    1.0000000325280
     451.00000000000    1.0000000325280
     452.00000000000    1.0000000325280
     453.00000000000    1.0000000325280
     454.00000000000    1.0000000325280
     455.00000000000    1.0000000325280
     456.00000000000    1.0000000325280
     457.00000000000    1.0000000325280
     458.00000000000    1.0000000325280
     459.00000000000    1.0000000325280
     460.00000000000    1.0000000325280
     461.00000000000    1.0000000325280
     462.00000000000    1.0000000325280
     463.00000000000    1.0000000325280
     464.00000000000    1.0000000325280
     465.00000000000    1.0000000325280
     466.00000000000    1.0000000325280
     467.00000000000    1.0000000325280
     468.00000000000    1.0000000325280
     469.00000000000    1.0000000325280
     470.00000000000    1.0000000325280
     471.00000000000    1.0000000325280
     472.00000000000    1.0000000325280
     473.00000000000    1.0000000325280
     474.00000000000    1.0000000325280
     475.00000000000    1.0000000325280
     476.00000000000    1.0000000325280
     477.00000000000    1.0000000325280
     478.00000000000    1.0000000325280
     479.00000000000    1.0000000325280
     480.00000000000    1.0000000325280
     481.00000000000    1.0000000325280
     482.00000000000    1.0000000325280
     483.00000000000    1.0000000325280
     484.00000000000    1.0000000325280
     485.00000000000    1.0000000325280
     486.00000000000    1.0000000325280
     487.00000000000    1.0000000325280
     488.00000000000    1.0000000325280
     489.00000000000    1.0000000325280
     490.00000000000    1.0000000325280
     491.00000000000    1.0000000325280
     492.00000000000    1.0000000325280
     493.00000000000    1.0000000325280
     494.00000000000    1.0000000325280
     495.00000000000    1.0000000325280
     496.00000000000    1.0000000325280
     497.00000000000    1.0000000325280
     498.00000000000    1.0000000325280
     499.00000000000    1.0000000325280
     500.00000000000    1.0000000325280
