    -500.00000000000    1.0000000325280
    -499.00000000000    1.0000000325280
    -498.00000000000    1.0000000325280
    -497.00000000000    1.0000000325280
    -496.00000000000    1.0000000325280
    -495.00000000000    1.0000000325280
    -494.00000000000    1.0000000325280
    -493.00000000000    1.0000000325280
    -492.00000000000    1.0000000325280
    -491.00000000000    1.0000000325280
    -490.00000000000    1.0000000325280
    -489.00000000000    1.0000000325280
    -488.00000000000    1.0000000325280
    -487.00000000000    1.0000000325280
    -486.00000000000    1.0000000325280
    -485.00000000000    1.0000000325280
    -484.00000000000    1.0000000325280
    -483.00000000000    1.0000000325280
    -482.00000000000    1.0000000325280
    -481.00000000000    1.0000000325280
    -480.00000000000    1.0000000325280
    -479.00000000000    1.0000000325280
    -478.00000000000    1.0000000325280
    -477.00000000000    1.0000000325280
    -476.00000000000    1.0000000325280
    -475.00000000000    1.0000000325280
    -474.00000000000    1.0000000325280
    -473.00000000000    1.0000000325280
    -472.00000000000    1.0000000325280
    -471.00000000000    1.0000000325280
    -470.00000000000    1.0000000325280
    -469.00000000000    1.0000000325280
    -468.00000000000    1.0000000325280
    -467.00000000000    1.0000000325280
    -466.00000000000    1.0000000325280
    -465.00000000000    1.0000000325280
    -464.00000000000    1.0000000325280
    -463.00000000000    1.0000000325280
    -462.00000000000    1.0000000325280
    -461.00000000000    1.0000000325280
    -460.00000000000    1.0000000325280
    -459.00000000000    1.0000000325280
    -458.00000000000    1.0000000325280
    -457.00000000000    1.0000000325280
    -456.00000000000    1.0000000325280
    -455.00000000000    1.0000000325280
    -454.00000000000    1.0000000325280
    -453.00000000000    1.0000000325280
    -452.00000000000    1.0000000325280
    -451.00000000000    1.0000000325280
    -450.00000000000    1.0000000325280
    -449.00000000000    1.0000000325280
    -448.00000000000    1.0000000325280
    -447.00000000000    1.0000000325280
    -446.00000000000    1.0000000325280
    -445.00000000000    1.0000000325280
    -444.00000000000    1.0000000325280
    -443.00000000000    1.0000000325280
    -442.00000000000    1.0000000325280
    -441.00000000000    1.0000000325280
    -440.00000000000    1.0000000325280
    -439.00000000000    1.0000000325280
    -438.00000000000    1.0000000325280
    -437.00000000000    1.0000000325280
    -436.00000000000    1.0000000325280
    -435.00000000000    1.0000000325280
    -434.00000000000    1.0000000325280
    -433.00000000000    1.0000000325280
    -432.00000000000    1.0000000325280
    -431.00000000000    1.0000000325280
    -430.00000000000    1.0000000325280
    -429.00000000000    1.0000000325280
    -428.00000000000    1.0000000325280
    -427.00000000000    1.0000000325280
    -426.00000000000    1.0000000325280
    -425.00000000000    1.0000000325280
    -424.00000000000    1.0000000325280
    -423.00000000000    1.0000000325280
    -422.00000000000    1.0000000325280
    -421.00000000000    1.0000000325280
    -420.00000000000    1.0000000325280
    -419.00000000000    1.0000000325280
    -418.00000000000    1.0000000325280
    -417.00000000000    1.0000000325280
    -416.00000000000    1.0000000325280
    -415.00000000000    1.0000000325280
    -414.00000000000    1.0000000325280
    -413.00000000000    1.0000000325280
    -412.00000000000    1.0000000325280
    -411.00000000000    1.0000000325280
    -410.00000000000    1.0000000325280
    -409.00000000000    1.0000000325280
    -408.00000000000    1.0000000325280
    -407.00000000000    1.0000000325280
    -406.00000000000    1.0000000325280
    -405.00000000000    1.0000000325280
    -404.00000000000    1.0000000325280
    -403.00000000000    1.0000000325280
    -402.00000000000    1.0000000325280
    -401.00000000000    1.0000000325280
    -400.00000000000    1.0000000325280
    -399.00000000000    1.0000000325280
    -398.00000000000    1.0000000325280
    -397.00000000000    1.0000000325280
    -396.00000000000    1.0000000325280
    -395.00000000000    1.0000000325280
    -394.00000000000    1.0000000325280
    -393.00000000000    1.0000000325280
    -392.00000000000    1.0000000325280
    -391.00000000000    1.0000000325280
    -390.00000000000    1.0000000325280
    -389.00000000000    1.0000000325280
    -388.00000000000    1.0000000325280
    -387.00000000000    1.0000000325280
    -386.00000000000    1.0000000325280
    -385.00000000000    1.0000000325280
    -384.00000000000    1.0000000325280
    -383.00000000000    1.0000000325280
    -382.00000000000    1.0000000325280
    -381.00000000000    1.0000000325280
    -380.00000000000    1.0000000325280
    -379.00000000000    1.0000000325280
    -378.00000000000    1.0000000325280
    -377.00000000000    1.0000000325280
    -376.00000000000    1.0000000325280
    -375.00000000000    1.0000000325280
    -374.00000000000    1.0000000325280
    -373.00000000000    1.0000000325280
    -372.00000000000    1.0000000325280
    -371.00000000000    1.0000000325280
    -370.00000000000    1.0000000325280
    -369.00000000000    1.0000000325280
    -368.00000000000    1.0000000325280
    -367.00000000000    1.0000000325280
    -366.00000000000    1.0000000325280
    -365.00000000000    1.0000000325280
    -364.00000000000    1.0000000325280
    -363.00000000000    1.0000000325280
    -362.00000000000    1.0000000325280
    -361.00000000000    1.0000000325280
    -360.00000000000    1.0000000325280
    -359.00000000000    1.0000000325280
    -358.00000000000    1.0000000325280
    -357.00000000000    1.0000000325280
    -356.00000000000    1.0000000325280
    -355.00000000000    1.0000000325280
    -354.00000000000    1.0000000325280
    -353.00000000000    1.0000000325280
    -352.00000000000    1.0000000325280
    -351.00000000000    1.0000000325280
    -350.00000000000    1.0000000325280
    -349.00000000000    1.0000000325280
    -348.00000000000    1.0000000325280
    -347.00000000000    1.0000000325280
    -346.00000000000    1.0000000325280
    -345.00000000000    1.0000000325280
    -344.00000000000    1.0000000325280
    -343.00000000000    1.0000000325280
    -342.00000000000    1.0000000325280
    -341.00000000000    1.0000000325280
    -340.00000000000    1.0000000325280
    -339.00000000000    1.0000000325280
    -338.00000000000    1.0000000325280
    -337.00000000000    1.0000000325280
    -336.00000000000    1.0000000325280
    -335.00000000000    1.0000000325280
    -334.00000000000    1.0000000325280
    -333.00000000000    1.0000000325280
    -332.00000000000    1.0000000325280
    -331.00000000000    1.0000000325280
    -330.00000000000    1.0000000325280
    -329.00000000000    1.0000000325280
    -328.00000000000    1.0000000325280
    -327.00000000000    1.0000000325280
    -326.00000000000    1.0000000325280
    -325.00000000000    1.0000000325280
    -324.00000000000    1.0000000325280
    -323.00000000000    1.0000000325280
    -322.00000000000    1.0000000325280
    -321.00000000000    1.0000000325280
    -320.00000000000    1.0000000325280
    -319.00000000000    1.0000000325280
    -318.00000000000    1.0000000325280
    -317.00000000000    1.0000000325280
    -316.00000000000    1.0000000325280
    -315.00000000000    1.0000000325280
    -314.00000000000    1.0000000325280
    -313.00000000000    1.0000000325280
    -312.00000000000    1.0000000325280
    -311.00000000000    1.0000000325280
    -310.00000000000    1.0000000325280
    -309.00000000000    1.0000000325280
    -308.00000000000    1.0000000325280
    -307.00000000000    1.0000000325280
    -306.00000000000    1.0000000325280
    -305.00000000000    1.0000000325280
    -304.00000000000    1.0000000325280
    -303.00000000000    1.0000000325280
    -302.00000000000    1.0000000325280
    -301.00000000000    1.0000000325280
    -300.00000000000    1.0000000325280
    -299.00000000000    1.0000000325280
    -298.00000000000    1.0000000325280
    -297.00000000000    1.0000000325280
    -296.00000000000    1.0000000325280
    -295.00000000000    1.0000000325280
    -294.00000000000    1.0000000325280
    -293.00000000000    1.0000000325280
    -292.00000000000    1.0000000325280
    -291.00000000000    1.0000000325280
    -290.00000000000    1.0000000325280
    -289.00000000000    1.0000000325280
    -288.00000000000    1.0000000325280
    -287.00000000000    1.0000000325280
    -286.00000000000    1.0000000325280
    -285.00000000000    1.0000000325280
    -284.00000000000    1.0000000325280
    -283.00000000000    1.0000000325280
    -282.00000000000    1.0000000325280
    -281.00000000000    1.0000000325280
    -280.00000000000    1.0000000325280
    -279.00000000000    1.0000000325280
    -278.00000000000    1.0000000325280
    -277.00000000000    1.0000000325280
    -276.00000000000    1.0000000325280
    -275.00000000000    1.0000000325280
    -274.00000000000    1.0000000325280
    -273.00000000000    1.0000000325280
    -272.00000000000    1.0000000325280
    -271.00000000000    1.0000000325280
    -270.00000000000    1.0000000325280
    -269.00000000000    1.0000000325280
    -268.00000000000    1.0000000325280
    -267.00000000000    1.0000000325280
    -266.00000000000    1.0000000325280
    -265.00000000000    1.0000000325280
    -264.00000000000    1.0000000325280
    -263.00000000000    1.0000000325280
    -262.00000000000    1.0000000325280
    -261.00000000000    1.0000000325280
    -260.00000000000    1.0000000325280
    -259.00000000000    1.0000000325280
    -258.00000000000    1.0000000325280
    -257.00000000000    1.0000000325280
    -256.00000000000    1.0000000325280
    -255.00000000000    1.0000000325280
    -254.00000000000    1.0000000325280
    -253.00000000000    1.0000000325280
    -252.00000000000    1.0000000325280
    -251.00000000000    1.0000000325280
    -250.00000000000    1.0000000325280
    -249.00000000000    1.0000000325280
    -248.00000000000    1.0000000325280
    -247.00000000000    1.0000000325280
    -246.00000000000    1.0000000325280
    -245.00000000000    1.0000000325280
    -244.00000000000    1.0000000325280
    -243.00000000000    1.0000000325280
    -242.00000000000    1.0000000325280
    -241.00000000000    1.0000000325280
    -240.00000000000    1.0000000325280
    -239.00000000000    1.0000000325280
    -238.00000000000    1.0000000325280
    -237.00000000000    1.0000000325280
    -236.00000000000    1.0000000325280
    -235.00000000000    1.0000000325280
    -234.00000000000    1.0000000325280
    -233.00000000000    1.0000000325280
    -232.00000000000    1.0000000325280
    -231.00000000000    1.0000000325280
    -230.00000000000    1.0000000325280
    -229.00000000000    1.0000000325280
    -228.00000000000    1.0000000325280
    -227.00000000000    1.0000000325280
    -226.00000000000    1.0000000325280
    -225.00000000000    1.0000000325280
    -224.00000000000    1.0000000325280
    -223.00000000000    1.0000000325280
    -222.00000000000    1.0000000325280
    -221.00000000000    1.0000000325280
    -220.00000000000    1.0000000325280
    -219.00000000000    1.0000000325280
    -218.00000000000    1.0000000325280
    -217.00000000000    1.0000000325280
    -216.00000000000    1.0000000325280
    -215.00000000000    1.0000000325280
    -214.00000000000    1.0000000325280
    -213.00000000000    1.0000000325280
    -212.00000000000    1.0000000325280
    -211.00000000000    1.0000000325280
    -210.00000000000    1.0000000325280
    -209.00000000000    1.0000000325280
    -208.00000000000    1.0000000325280
    -207.00000000000    1.0000000325280
    -206.00000000000    1.0000000325280
    -205.00000000000    1.0000000325280
    -204.00000000000    1.0000000325280
    -203.00000000000    1.0000000325280
    -202.00000000000    1.0000000325280
    -201.00000000000    1.0000000325280
    -200.00000000000    1.0000000325280
    -199.00000000000    1.0000000325280
    -198.00000000000    1.0000000325280
    -197.00000000000    1.0000000325280
    -196.00000000000    1.0000000325280
    -195.00000000000    1.0000000325280
    -194.00000000000    1.0000000325280
    -193.00000000000    1.0000000325280
    -192.00000000000    1.0000000325280
    -191.00000000000    1.0000000325280
    -190.00000000000    1.0000000325280
    -189.00000000000    1.0000000325280
    -188.00000000000    1.0000000325280
    -187.00000000000    1.0000000325280
    -186.00000000000    1.0000000325280
    -185.00000000000    1.0000000325280
    -184.00000000000    1.0000000325280
    -183.00000000000    1.0000000325280
    -182.00000000000    1.0000000325280
    -181.00000000000    1.0000000325280
    -180.00000000000    1.0000000325280
    -179.00000000000    1.0000000325280
    -178.00000000000    1.0000000325280
    -177.00000000000    1.0000000325280
    -176.00000000000    1.0000000325280
    -175.00000000000    1.0000000325280
    -174.00000000000    1.0000000325279
    -173.00000000000    1.0000000325277
    -172.00000000000    1.0000000325270
    -171.00000000000    1.0000000325241
    -170.00000000000    1.0000000325140
    -169.00000000000    1.0000000324792
    -168.00000000000    1.0000000323652
    -167.00000000000    1.0000000320079
    -166.00000000000    1.0000000309360
    -165.00000000000    1.0000000278585
    -164.00000000000    1.0000000194020
    -163.00000000000   0.99999999716133
    -162.00000000000   0.99999994117020
    -161.00000000000   0.99999980622799
    -160.00000000000   0.99999949485384
    -159.00000000000   0.99999880686863
    -158.00000000000   0.99999735107254
    -157.00000000000   0.99999440041446
    -156.00000000000   0.99998867091735
    -155.00000000000   0.99997801015776
    -154.00000000000   0.99995899748125
    -153.00000000000   0.99992648809204
    -152.00000000000   0.99987317513049
    -151.00000000000   0.99978928931096
    -150.00000000000   0.99966258836729
    -149.00000000000   0.99947878756422
    -148.00000000000   0.99922253006375
    -147.00000000000   0.99887888758989
    -146.00000000000   0.99843523507440
    -145.00000000000   0.99788319787746
    -144.00000000000   0.99722027905836
    -143.00000000000   0.99645078173116
    -142.00000000000   0.99558576354976
    -141.00000000000   0.99464197157497
    -140.00000000000   0.99363994492309
    -139.00000000000   0.99260166436067
    -138.00000000000   0.99154821257921
    -137.00000000000   0.99049786534177
    -136.00000000000   0.98946488626642
    -135.00000000000   0.98845910309219
    -134.00000000000   0.98748616466742
    -133.00000000000   0.98654826265794
    -132.00000000000   0.98564506708779
    -131.00000000000   0.98477465832895
    -130.00000000000   0.98393431080820
    -129.00000000000   0.98312106379638
    -128.00000000000   0.98233207913407
    -127.00000000000   0.98156482452056
    -126.00000000000   0.98081713511008
    -125.00000000000   0.98008720297650
    -124.00000000000   0.97937353223514
    -123.00000000000   0.97867488412603
    -122.00000000000   0.97799022509551
    -121.00000000000   0.97731868320931
    -120.00000000000   0.97665951382765
    -119.00000000000   0.97601207344721
    -118.00000000000   0.97537580000255
    -117.00000000000   0.97475019799400
    -116.00000000000   0.97413482712804
    -115.00000000000   0.97352929349890
    -114.00000000000   0.97293324262357
    -113.00000000000   0.97234635384981
    -112.00000000000   0.97176833580104
    -111.00000000000   0.97119892261911
    -110.00000000000   0.97063787083183
    -109.00000000000   0.97008495671714
    -108.00000000000   0.96953997406727
    -107.00000000000   0.96900273227838
    -106.00000000000   0.96847305470802
   -105.000000000000   0.96795077725450
   -104.000000000000   0.96743574712175
   -103.000000000000   0.96692782174011
   -102.000000000000   0.96642686781926
   -101.000000000000   0.96593276051358
   -100.000000000000   0.96544538268370
    -99.000000000000   0.96496462424085
    -98.000000000000   0.96449038156275
    -97.000000000000   0.96402255697156
    -96.000000000000   0.96356105826582
    -95.000000000000   0.96310579829982
    -94.000000000000   0.96265669460431
    -93.000000000000   0.96221366904383
    -92.000000000000   0.96177664750633
    -91.000000000000   0.96134555962129
    -90.000000000000   0.96092033850333
    -89.000000000000   0.96050092051841
    -88.000000000000   0.96008724507025
    -87.000000000000   0.95967925440482
    -86.000000000000   0.95927689343110
    -85.000000000000   0.95888010955646
    -84.000000000000   0.95848885253516
    -83.000000000000   0.95810307432877
    -82.000000000000   0.95772272897736
    -81.000000000000   0.95734777248043
    -80.000000000000   0.95697816268675
    -79.000000000000   0.95661385919217
    -78.000000000000   0.95625482324490
    -77.000000000000   0.95590101765747
    -76.000000000000   0.95555240672473
    -75.000000000000   0.95520895614766
    -74.000000000000   0.95487063296216
    -73.000000000000   0.95453740547269
    -72.000000000000   0.95420924319022
    -71.000000000000   0.95388611677420
    -70.000000000000   0.95356799797827
    -69.000000000000   0.95325485959929
    -68.000000000000   0.95294667542966
    -67.000000000000   0.95264342021246
    -66.000000000000   0.95234506959934
    -65.000000000000   0.95205160011093
    -64.000000000000   0.95176298909959
    -63.000000000000   0.95147921471428
    -62.000000000000   0.95120025586753
    -61.000000000000   0.95092609220422
    -60.000000000000   0.95065670407214
    -59.000000000000   0.95039207249423
    -58.000000000000   0.95013217914226
    -57.000000000000   0.94987700631206
    -56.000000000000   0.94962653689996
    -55.000000000000   0.94938075438056
    -54.000000000000   0.94913964278573
    -53.000000000000   0.94890318668455
    -52.000000000000   0.94867137116449
    -51.000000000000   0.94844418181337
    -50.000000000000   0.94822160470241
    -49.000000000000   0.94800362637002
    -48.000000000000   0.94779023380647
    -47.000000000000   0.94758141443929
    -46.000000000000   0.94737715611945
    -45.000000000000   0.94717744710816
    -44.000000000000   0.94698227606433
    -43.000000000000   0.94679163203271
    -42.000000000000   0.94660550443252
    -41.000000000000   0.94642388304669
    -40.000000000000   0.94624675801158
    -39.000000000000   0.94607411980725
    -38.000000000000   0.94590595924812
    -37.000000000000   0.94574226747418
    -36.000000000000   0.94558303594251
    -35.000000000000   0.94542825641929
    -34.000000000000   0.94527792097220
    -33.000000000000   0.94513202196309
    -32.000000000000   0.94499055204113
    -31.000000000000   0.94485350413618
    -30.000000000000   0.94472087145259
    -29.000000000000   0.94459264746322
    -28.000000000000   0.94446882590377
    -27.000000000000   0.94434940076745
    -26.000000000000   0.94423436629984
    -25.000000000000   0.94412371699406
    -24.000000000000   0.94401744758620
    -23.000000000000   0.94391555305094
    -22.000000000000   0.94381802859743
    -21.000000000000   0.94372486966541
    -20.000000000000   0.94363607192153
    -19.000000000000   0.94355163125587
    -18.000000000000   0.94347154377866
    -17.000000000000   0.94339580581724
    -16.000000000000   0.94332441391314
    -15.000000000000   0.94325736481938
    -14.000000000000   0.94319465549801
    -13.000000000000   0.94313628311766
    -12.000000000000   0.94308224505148
    -11.000000000000   0.94303253887503
   -10.0000000000000   0.94298716236450
    -9.0000000000000   0.94294611349502
    -8.0000000000000   0.94290939043908
    -7.0000000000000   0.94287699156520
    -6.0000000000000   0.94284891543670
    -5.0000000000000   0.94282516081062
    -4.0000000000000   0.94280572663676
    -3.0000000000000   0.94279061205695
    -2.0000000000000   0.94277981640439
    -1.0000000000000   0.94277333920312
   0.   0.94277118016774
     1.0000000000000   0.94277333920312
     2.0000000000000   0.94277981640439
     3.0000000000000   0.94279061205695
     4.0000000000000   0.94280572663676
     5.0000000000000   0.94282516081061
     6.0000000000000   0.94284891543670
     7.0000000000000   0.94287699156520
     8.0000000000000   0.94290939043908
     9.0000000000000   0.94294611349502
    10.0000000000000   0.94298716236450
     11.000000000000   0.94303253887503
     12.000000000000   0.94308224505148
     13.000000000000   0.94313628311766
     14.000000000000   0.94319465549801
     15.000000000000   0.94325736481938
     16.000000000000   0.94332441391314
     17.000000000000   0.94339580581724
     18.000000000000   0.94347154377866
     19.000000000000   0.94355163125587
     20.000000000000   0.94363607192153
     21.000000000000   0.94372486966541
     22.000000000000   0.94381802859743
     23.000000000000   0.94391555305094
     24.000000000000   0.94401744758620
     25.000000000000   0.94412371699406
     26.000000000000   0.94423436629984
     27.000000000000   0.94434940076745
     28.000000000000   0.94446882590377
     29.000000000000   0.94459264746322
     30.000000000000   0.94472087145259
     31.000000000000   0.94485350413618
     32.000000000000   0.94499055204113
     33.000000000000   0.94513202196309
     34.000000000000   0.94527792097220
     35.000000000000   0.94542825641929
     36.000000000000   0.94558303594251
     37.000000000000   0.94574226747418
     38.000000000000   0.94590595924812
     39.000000000000   0.94607411980725
     40.000000000000   0.94624675801158
     41.000000000000   0.94642388304668
     42.000000000000   0.94660550443252
     43.000000000000   0.94679163203271
     44.000000000000   0.94698227606433
     45.000000000000   0.94717744710816
     46.000000000000   0.94737715611945
     47.000000000000   0.94758141443929
     48.000000000000   0.94779023380647
     49.000000000000   0.94800362637002
     50.000000000000   0.94822160470241
     51.000000000000   0.94844418181337
     52.000000000000   0.94867137116449
     53.000000000000   0.94890318668455
     54.000000000000   0.94913964278573
     55.000000000000   0.94938075438056
     56.000000000000   0.94962653689996
     57.000000000000   0.94987700631206
     58.000000000000   0.95013217914226
     59.000000000000   0.95039207249422
     60.000000000000   0.95065670407214
     61.000000000000   0.95092609220422
     62.000000000000   0.95120025586753
     63.000000000000   0.95147921471428
     64.000000000000   0.95176298909959
     65.000000000000   0.95205160011093
     66.000000000000   0.95234506959934
     67.000000000000   0.95264342021246
     68.000000000000   0.95294667542966
     69.000000000000   0.95325485959929
     70.000000000000   0.95356799797827
     71.000000000000   0.95388611677420
     72.000000000000   0.95420924319022
     73.000000000000   0.95453740547269
     74.000000000000   0.95487063296216
     75.000000000000   0.95520895614766
     76.000000000000   0.95555240672473
     77.000000000000   0.95590101765747
     78.000000000000   0.95625482324490
     79.000000000000   0.95661385919217
     80.000000000000   0.95697816268675
     81.000000000000   0.95734777248043
     82.000000000000   0.95772272897736
     83.000000000000   0.95810307432877
     84.000000000000   0.95848885253516
     85.000000000000   0.95888010955646
     86.000000000000   0.95927689343110
     87.000000000000   0.95967925440482
     88.000000000000   0.96008724507025
     89.000000000000   0.96050092051841
     90.000000000000   0.96092033850333
     91.000000000000   0.96134555962129
     92.000000000000   0.96177664750633
     93.000000000000   0.96221366904383
     94.000000000000   0.96265669460431
     95.000000000000   0.96310579829982
     96.000000000000   0.96356105826582
     97.000000000000   0.96402255697156
     98.000000000000   0.96449038156275
     99.000000000000   0.96496462424085
    100.000000000000   0.96544538268370
    101.000000000000   0.96593276051358
    102.000000000000   0.96642686781926
    103.000000000000   0.96692782174011
    104.000000000000   0.96743574712175
    105.000000000000   0.96795077725450
     106.00000000000   0.96847305470802
     107.00000000000   0.96900273227838
     108.00000000000   0.96953997406727
     109.00000000000   0.97008495671714
     110.00000000000   0.97063787083183
     111.00000000000   0.97119892261911
     112.00000000000   0.97176833580104
     113.00000000000   0.97234635384980
     114.00000000000   0.97293324262357
     115.00000000000   0.97352929349890
     116.00000000000   0.97413482712804
     117.00000000000   0.97475019799400
     118.00000000000   0.97537580000254
     119.00000000000   0.97601207344721
     120.00000000000   0.97665951382765
     121.00000000000   0.97731868320930
     122.00000000000   0.97799022509551
     123.00000000000   0.97867488412603
     124.00000000000   0.97937353223514
     125.00000000000   0.98008720297650
     126.00000000000   0.98081713511008
     127.00000000000   0.98156482452056
     128.00000000000   0.98233207913407
     129.00000000000   0.98312106379638
     130.00000000000   0.98393431080820
     131.00000000000   0.98477465832895
     132.00000000000   0.98564506708779
     133.00000000000   0.98654826265794
     134.00000000000   0.98748616466742
     135.00000000000   0.98845910309219
     136.00000000000   0.98946488626642
     137.00000000000   0.99049786534177
     138.00000000000   0.99154821257921
     139.00000000000   0.99260166436067
     140.00000000000   0.99363994492309
     141.00000000000   0.99464197157497
     142.00000000000   0.99558576354976
     143.00000000000   0.99645078173115
     144.00000000000   0.99722027905836
     145.00000000000   0.99788319787746
     146.00000000000   0.99843523507440
     147.00000000000   0.99887888758989
     148.00000000000   0.99922253006375
     149.00000000000   0.99947878756422
     150.00000000000   0.99966258836729
     151.00000000000   0.99978928931096
     152.00000000000   0.99987317513049
     153.00000000000   0.99992648809204
     154.00000000000   0.99995899748125
     155.00000000000   0.99997801015776
     156.00000000000   0.99998867091735
     157.00000000000   0.99999440041446
     158.00000000000   0.99999735107254
     159.00000000000   0.99999880686863
     160.00000000000   0.99999949485384
     161.00000000000   0.99999980622799
     162.00000000000   0.99999994117020
     163.00000000000   0.99999999716133
     164.00000000000    1.0000000194020
     165.00000000000    1.0000000278585
     166.00000000000    1.0000000309360
     167.00000000000    1.0000000320079
     168.00000000000    1.0000000323652
     169.00000000000    1.0000000324792
     170.00000000000    1.0000000325140
     171.00000000000    1.0000000325241
     172.00000000000    1.0000000325270
     173.00000000000    1.0000000325277
     174.00000000000    1.0000000325279
     175.00000000000    1.0000000325280
     176.00000000000    1.0000000325280
     177.00000000000    1.0000000325280
     178.00000000000    1.0000000325280
     179.00000000000    1.0000000325280
     180.00000000000    1.0000000325280
     181.00000000000    1.0000000325280
     182.00000000000    1.0000000325280
     183.00000000000    1.0000000325280
     184.00000000000    1.0000000325280
     185.00000000000    1.0000000325280
     186.00000000000    1.0000000325280
     187.00000000000    1.0000000325280
     188.00000000000    1.0000000325280
     189.00000000000    1.0000000325280
     190.00000000000    1.0000000325280
     191.00000000000    1.0000000325280
     192.00000000000    1.0000000325280
     193.00000000000    1.0000000325280
     194.00000000000    1.0000000325280
     195.00000000000    1.0000000325280
     196.00000000000    1.0000000325280
     197.00000000000    1.0000000325280
     198.00000000000    1.0000000325280
     199.00000000000    1.0000000325280
     200.00000000000    1.0000000325280
     201.00000000000    1.0000000325280
     202.00000000000    1.0000000325280
     203.00000000000    1.0000000325280
     204.00000000000    1.0000000325280
     205.00000000000    1.0000000325280
     206.00000000000    1.0000000325280
     207.00000000000    1.0000000325280
     208.00000000000    1.0000000325280
     209.00000000000    1.0000000325280
     210.00000000000    1.0000000325280
     211.00000000000    1.0000000325280
     212.00000000000    1.0000000325280
     213.00000000000    1.0000000325280
     214.00000000000    1.0000000325280
     215.00000000000    1.0000000325280
     216.00000000000    1.0000000325280
     217.00000000000    1.0000000325280
     218.00000000000    1.0000000325280
     219.00000000000    1.0000000325280
     220.00000000000    1.0000000325280
     221.00000000000    1.0000000325280
     222.00000000000    1.0000000325280
     223.00000000000    1.0000000325280
     224.00000000000    1.0000000325280
     225.00000000000    1.0000000325280
     226.00000000000    1.0000000325280
     227.00000000000    1.0000000325280
     228.00000000000    1.0000000325280
     229.00000000000    1.0000000325280
     230.00000000000    1.0000000325280
     231.00000000000    1.0000000325280
     232.00000000000    1.0000000325280
     233.00000000000    1.0000000325280
     234.00000000000    1.0000000325280
     235.00000000000    1.0000000325280
     236.00000000000    1.0000000325280
     237.00000000000    1.0000000325280
     238.00000000000    1.0000000325280
     239.00000000000    1.0000000325280
     240.00000000000    1.0000000325280
     241.00000000000    1.0000000325280
     242.00000000000    1.0000000325280
     243.00000000000    1.0000000325280
     244.00000000000    1.0000000325280
     245.00000000000    1.0000000325280
     246.00000000000    1.0000000325280
     247.00000000000    1.0000000325280
     248.00000000000    1.0000000325280
     249.00000000000    1.0000000325280
     250.00000000000    1.0000000325280
     251.00000000000    1.0000000325280
     252.00000000000    1.0000000325280
     253.00000000000    1.0000000325280
     254.00000000000    1.0000000325280
     255.00000000000    1.0000000325280
     256.00000000000    1.0000000325280
     257.00000000000    1.0000000325280
     258.00000000000    1.0000000325280
     259.00000000000    1.0000000325280
     260.00000000000    1.0000000325280
     261.00000000000    1.0000000325280
     262.00000000000    1.0000000325280
     263.00000000000    1.0000000325280
     264.00000000000    1.0000000325280
     265.00000000000    1.0000000325280
     266.00000000000    1.0000000325280
     267.00000000000    1.0000000325280
     268.00000000000    1.0000000325280
     269.00000000000    1.0000000325280
     270.00000000000    1.0000000325280
     271.00000000000    1.0000000325280
     272.00000000000    1.0000000325280
     273.00000000000    1.0000000325280
     274.00000000000    1.0000000325280
     275.00000000000    1.0000000325280
     276.00000000000    1.0000000325280
     277.00000000000    1.0000000325280
     278.00000000000    1.0000000325280
     279.00000000000    1.0000000325280
     280.00000000000    1.0000000325280
     281.00000000000    1.0000000325280
     282.00000000000    1.0000000325280
     283.00000000000    1.0000000325280
     284.00000000000    1.0000000325280
     285.00000000000    1.0000000325280
     286.00000000000    1.0000000325280
     287.00000000000    1.0000000325280
     288.00000000000    1.0000000325280
     289.00000000000    1.0000000325280
     290.00000000000    1.0000000325280
     291.00000000000    1.0000000325280
     292.00000000000    1.0000000325280
     293.00000000000    1.0000000325280
     294.00000000000    1.0000000325280
     295.00000000000    1.0000000325280
     296.00000000000    1.0000000325280
     297.00000000000    1.0000000325280
     298.00000000000    1.0000000325280
     299.00000000000    1.0000000325280
     300.00000000000    1.0000000325280
     301.00000000000    1.0000000325280
     302.00000000000    1.0000000325280
     303.00000000000    1.0000000325280
     304.00000000000    1.0000000325280
     305.00000000000    1.0000000325280
     306.00000000000    1.0000000325280
     307.00000000000    1.0000000325280
     308.00000000000    1.0000000325280
     309.00000000000    1.0000000325280
     310.00000000000    1.0000000325280
     311.00000000000    1.0000000325280
     312.00000000000    1.0000000325280
     313.00000000000    1.0000000325280
     314.00000000000    1.0000000325280
     315.00000000000    1.0000000325280
     316.00000000000    1.0000000325280
     317.00000000000    1.0000000325280
     318.00000000000    1.0000000325280
     319.00000000000    1.0000000325280
     320.00000000000    1.0000000325280
     321.00000000000    1.0000000325280
     322.00000000000    1.0000000325280
     323.00000000000    1.0000000325280
     324.00000000000    1.0000000325280
     325.00000000000    1.0000000325280
     326.00000000000    1.0000000325280
     327.00000000000    1.0000000325280
     328.00000000000    1.0000000325280
     329.00000000000    1.0000000325280
     330.00000000000    1.0000000325280
     331.00000000000    1.0000000325280
     332.00000000000    1.0000000325280
     333.00000000000    1.0000000325280
     334.00000000000    1.0000000325280
     335.00000000000    1.0000000325280
     336.00000000000    1.0000000325280
     337.00000000000    1.0000000325280
     338.00000000000    1.0000000325280
     339.00000000000    1.0000000325280
     340.00000000000    1.0000000325280
     341.00000000000    1.0000000325280
     342.00000000000    1.0000000325280
     343.00000000000    1.0000000325280
     344.00000000000    1.0000000325280
     345.00000000000    1.0000000325280
     346.00000000000    1.0000000325280
     347.00000000000    1.0000000325280
     348.00000000000    1.0000000325280
     349.00000000000    1.0000000325280
     350.00000000000    1.0000000325280
     351.00000000000    1.0000000325280
     352.00000000000    1.0000000325280
     353.00000000000    1.0000000325280
     354.00000000000    1.0000000325280
     355.00000000000    1.0000000325280
     356.00000000000    1.0000000325280
     357.00000000000    1.0000000325280
     358.00000000000    1.0000000325280
     359.00000000000    1.0000000325280
     360.00000000000    1.0000000325280
     361.00000000000    1.0000000325280
     362.00000000000    1.0000000325280
     363.00000000000    1.0000000325280
     364.00000000000    1.0000000325280
     365.00000000000    1.0000000325280
     366.00000000000    1.0000000325280
     367.00000000000    1.0000000325280
     368.00000000000    1.0000000325280
     369.00000000000    1.0000000325280
     370.00000000000    1.0000000325280
     371.00000000000    1.0000000325280
     372.00000000000    1.0000000325280
     373.00000000000    1.0000000325280
     374.00000000000    1.0000000325280
     375.00000000000    1.0000000325280
     376.00000000000    1.0000000325280
     377.00000000000    1.0000000325280
     378.00000000000    1.0000000325280
     379.00000000000    1.0000000325280
     380.00000000000    1.0000000325280
     381.00000000000    1.0000000325280
     382.00000000000    1.0000000325280
     383.00000000000    1.0000000325280
     384.00000000000    1.0000000325280
     385.00000000000    1.0000000325280
     386.00000000000    1.0000000325280
     387.00000000000    1.0000000325280
     388.00000000000    1.0000000325280
     389.00000000000    1.0000000325280
     390.00000000000    1.0000000325280
     391.00000000000    1.0000000325280
     392.00000000000    1.0000000325280
     393.00000000000    1.0000000325280
     394.00000000000    1.0000000325280
     395.00000000000    1.0000000325280
     396.00000000000    1.0000000325280
     397.00000000000    1.0000000325280
     398.00000000000    1.0000000325280
     399.00000000000    1.0000000325280
     400.00000000000    1.0000000325280
     401.00000000000    1.0000000325280
     402.00000000000    1.0000000325280
     403.00000000000    1.0000000325280
     404.00000000000    1.0000000325280
     405.00000000000    1.0000000325280
     406.00000000000    1.0000000325280
     407.00000000000    1.0000000325280
     408.00000000000    1.0000000325280
     409.00000000000    1.0000000325280
     410.00000000000    1.0000000325280
     411.00000000000    1.0000000325280
     412.00000000000    1.0000000325280
     413.00000000000    1.0000000325280
     414.00000000000    1.0000000325280
     415.00000000000    1.0000000325280
     416.00000000000    1.0000000325280
     417.00000000000    1.0000000325280
     418.00000000000    1.0000000325280
     419.00000000000    1.0000000325280
     420.00000000000    1.0000000325280
     421.00000000000    1.0000000325280
     422.00000000000    1.0000000325280
     423.00000000000    1.0000000325280
     424.00000000000    1.0000000325280
     425.00000000000    1.0000000325280
     426.00000000000    1.0000000325280
     427.00000000000    1.0000000325280
     428.00000000000    1.0000000325280
     429.00000000000    1.0000000325280
     430.00000000000    1.0000000325280
     431.00000000000    1.0000000325280
     432.00000000000    1.0000000325280
     433.00000000000    1.0000000325280
     434.00000000000    1.0000000325280
     435.00000000000    1.0000000325280
     436.00000000000    1.0000000325280
     437.00000000000    1.0000000325280
     438.00000000000    1.0000000325280
     439.00000000000    1.0000000325280
     440.00000000000    1.0000000325280
     441.00000000000    1.0000000325280
     442.00000000000    1.0000000325280
     443.00000000000    1.0000000325280
     444.00000000000    1.0000000325280
     445.00000000000    1.0000000325280
     446.00000000000    1.0000000325280
     447.00000000000    1.0000000325280
     448.00000000000    1.0000000325280
     449.00000000000    1.0000000325280
     450.00000000000    1.0000000325280
     451.00000000000    1.0000000325280
     452.00000000000    1.0000000325280
     453.00000000000    1.0000000325280
     454.00000000000    1.0000000325280
     455.00000000000    1.0000000325280
     456.00000000000    1.0000000325280
     457.00000000000    1.0000000325280
     458.00000000000    1.0000000325280
     459.00000000000    1.0000000325280
     460.00000000000    1.0000000325280
     461.00000000000    1.0000000325280
     462.00000000000    1.0000000325280
     463.00000000000    1.0000000325280
     464.00000000000    1.0000000325280
     465.00000000000    1.0000000325280
     466.00000000000    1.0000000325280
     467.00000000000    1.0000000325280
     468.00000000000    1.0000000325280
     469.00000000000    1.0000000325280
     470.00000000000    1.0000000325280
     471.00000000000    1.0000000325280
     472.00000000000    1.0000000325280
     473.00000000000    1.0000000325280
     474.00000000000    1.0000000325280
     475.00000000000    1.0000000325280
     476.00000000000    1.0000000325280
     477.00000000000    1.0000000325280
     478.00000000000    1.0000000325280
     479.00000000000    1.0000000325280
     480.00000000000    1.0000000325280
     481.00000000000    1.0000000325280
     482.00000000000    1.0000000325280
     483.00000000000    1.0000000325280
     484.00000000000    1.0000000325280
     485.00000000000    1.0000000325280
     486.00000000000    1.0000000325280
     487.00000000000    1.0000000325280
     488.00000000000    1.0000000325280
     489.00000000000    1.0000000325280
     490.00000000000    1.0000000325280
     491.00000000000    1.0000000325280
     492.00000000000    1.0000000325280
     493.00000000000    1.0000000325280
     494.00000000000    1.0000000325280
     495.00000000000    1.0000000325280
     496.00000000000    1.0000000325280
     497.00000000000    1.0000000325280
     498.00000000000    1.0000000325280
     499.00000000000    1.0000000325280
     500.00000000000    1.0000000325280
