    -500.00000000000    1.0000000325280
    -499.00000000000    1.0000000325280
    -498.00000000000    1.0000000325280
    -497.00000000000    1.0000000325280
    -496.00000000000    1.0000000325280
    -495.00000000000    1.0000000325280
    -494.00000000000    1.0000000325280
    -493.00000000000    1.0000000325280
    -492.00000000000    1.0000000325280
    -491.00000000000    1.0000000325280
    -490.00000000000    1.0000000325280
    -489.00000000000    1.0000000325280
    -488.00000000000    1.0000000325280
    -487.00000000000    1.0000000325280
    -486.00000000000    1.0000000325280
    -485.00000000000    1.0000000325280
    -484.00000000000    1.0000000325280
    -483.00000000000    1.0000000325280
    -482.00000000000    1.0000000325280
    -481.00000000000    1.0000000325280
    -480.00000000000    1.0000000325280
    -479.00000000000    1.0000000325280
    -478.00000000000    1.0000000325280
    -477.00000000000    1.0000000325280
    -476.00000000000    1.0000000325280
    -475.00000000000    1.0000000325280
    -474.00000000000    1.0000000325280
    -473.00000000000    1.0000000325280
    -472.00000000000    1.0000000325280
    -471.00000000000    1.0000000325280
    -470.00000000000    1.0000000325280
    -469.00000000000    1.0000000325280
    -468.00000000000    1.0000000325280
    -467.00000000000    1.0000000325280
    -466.00000000000    1.0000000325280
    -465.00000000000    1.0000000325280
    -464.00000000000    1.0000000325280
    -463.00000000000    1.0000000325280
    -462.00000000000    1.0000000325280
    -461.00000000000    1.0000000325280
    -460.00000000000    1.0000000325280
    -459.00000000000    1.0000000325280
    -458.00000000000    1.0000000325280
    -457.00000000000    1.0000000325280
    -456.00000000000    1.0000000325280
    -455.00000000000    1.0000000325280
    -454.00000000000    1.0000000325280
    -453.00000000000    1.0000000325280
    -452.00000000000    1.0000000325280
    -451.00000000000    1.0000000325280
    -450.00000000000    1.0000000325280
    -449.00000000000    1.0000000325280
    -448.00000000000    1.0000000325280
    -447.00000000000    1.0000000325280
    -446.00000000000    1.0000000325280
    -445.00000000000    1.0000000325280
    -444.00000000000    1.0000000325280
    -443.00000000000    1.0000000325280
    -442.00000000000    1.0000000325280
    -441.00000000000    1.0000000325280
    -440.00000000000    1.0000000325280
    -439.00000000000    1.0000000325280
    -438.00000000000    1.0000000325280
    -437.00000000000    1.0000000325280
    -436.00000000000    1.0000000325280
    -435.00000000000    1.0000000325280
    -434.00000000000    1.0000000325280
    -433.00000000000    1.0000000325280
    -432.00000000000    1.0000000325280
    -431.00000000000    1.0000000325280
    -430.00000000000    1.0000000325280
    -429.00000000000    1.0000000325280
    -428.00000000000    1.0000000325280
    -427.00000000000    1.0000000325280
    -426.00000000000    1.0000000325280
    -425.00000000000    1.0000000325280
    -424.00000000000    1.0000000325280
    -423.00000000000    1.0000000325280
    -422.00000000000    1.0000000325280
    -421.00000000000    1.0000000325280
    -420.00000000000    1.0000000325280
    -419.00000000000    1.0000000325280
    -418.00000000000    1.0000000325280
    -417.00000000000    1.0000000325280
    -416.00000000000    1.0000000325280
    -415.00000000000    1.0000000325280
    -414.00000000000    1.0000000325280
    -413.00000000000    1.0000000325280
    -412.00000000000    1.0000000325280
    -411.00000000000    1.0000000325280
    -410.00000000000    1.0000000325280
    -409.00000000000    1.0000000325280
    -408.00000000000    1.0000000325280
    -407.00000000000    1.0000000325280
    -406.00000000000    1.0000000325280
    -405.00000000000    1.0000000325280
    -404.00000000000    1.0000000325280
    -403.00000000000    1.0000000325280
    -402.00000000000    1.0000000325280
    -401.00000000000    1.0000000325280
    -400.00000000000    1.0000000325280
    -399.00000000000    1.0000000325280
    -398.00000000000    1.0000000325280
    -397.00000000000    1.0000000325280
    -396.00000000000    1.0000000325280
    -395.00000000000    1.0000000325280
    -394.00000000000    1.0000000325280
    -393.00000000000    1.0000000325280
    -392.00000000000    1.0000000325280
    -391.00000000000    1.0000000325280
    -390.00000000000    1.0000000325280
    -389.00000000000    1.0000000325280
    -388.00000000000    1.0000000325280
    -387.00000000000    1.0000000325280
    -386.00000000000    1.0000000325280
    -385.00000000000    1.0000000325280
    -384.00000000000    1.0000000325280
    -383.00000000000    1.0000000325280
    -382.00000000000    1.0000000325280
    -381.00000000000    1.0000000325280
    -380.00000000000    1.0000000325280
    -379.00000000000    1.0000000325280
    -378.00000000000    1.0000000325280
    -377.00000000000    1.0000000325280
    -376.00000000000    1.0000000325280
    -375.00000000000    1.0000000325280
    -374.00000000000    1.0000000325280
    -373.00000000000    1.0000000325280
    -372.00000000000    1.0000000325280
    -371.00000000000    1.0000000325280
    -370.00000000000    1.0000000325280
    -369.00000000000    1.0000000325280
    -368.00000000000    1.0000000325280
    -367.00000000000    1.0000000325280
    -366.00000000000    1.0000000325280
    -365.00000000000    1.0000000325280
    -364.00000000000    1.0000000325280
    -363.00000000000    1.0000000325280
    -362.00000000000    1.0000000325280
    -361.00000000000    1.0000000325280
    -360.00000000000    1.0000000325280
    -359.00000000000    1.0000000325280
    -358.00000000000    1.0000000325280
    -357.00000000000    1.0000000325280
    -356.00000000000    1.0000000325280
    -355.00000000000    1.0000000325280
    -354.00000000000    1.0000000325280
    -353.00000000000    1.0000000325280
    -352.00000000000    1.0000000325280
    -351.00000000000    1.0000000325280
    -350.00000000000    1.0000000325280
    -349.00000000000    1.0000000325280
    -348.00000000000    1.0000000325280
    -347.00000000000    1.0000000325280
    -346.00000000000    1.0000000325280
    -345.00000000000    1.0000000325280
    -344.00000000000    1.0000000325280
    -343.00000000000    1.0000000325280
    -342.00000000000    1.0000000325280
    -341.00000000000    1.0000000325280
    -340.00000000000    1.0000000325280
    -339.00000000000    1.0000000325280
    -338.00000000000    1.0000000325280
    -337.00000000000    1.0000000325280
    -336.00000000000    1.0000000325280
    -335.00000000000    1.0000000325280
    -334.00000000000    1.0000000325280
    -333.00000000000    1.0000000325280
    -332.00000000000    1.0000000325280
    -331.00000000000    1.0000000325280
    -330.00000000000    1.0000000325280
    -329.00000000000    1.0000000325280
    -328.00000000000    1.0000000325280
    -327.00000000000    1.0000000325280
    -326.00000000000    1.0000000325280
    -325.00000000000    1.0000000325280
    -324.00000000000    1.0000000325280
    -323.00000000000    1.0000000325280
    -322.00000000000    1.0000000325280
    -321.00000000000    1.0000000325280
    -320.00000000000    1.0000000325280
    -319.00000000000    1.0000000325280
    -318.00000000000    1.0000000325280
    -317.00000000000    1.0000000325280
    -316.00000000000    1.0000000325280
    -315.00000000000    1.0000000325280
    -314.00000000000    1.0000000325280
    -313.00000000000    1.0000000325280
    -312.00000000000    1.0000000325280
    -311.00000000000    1.0000000325280
    -310.00000000000    1.0000000325280
    -309.00000000000    1.0000000325280
    -308.00000000000    1.0000000325280
    -307.00000000000    1.0000000325280
    -306.00000000000    1.0000000325280
    -305.00000000000    1.0000000325280
    -304.00000000000    1.0000000325280
    -303.00000000000    1.0000000325280
    -302.00000000000    1.0000000325280
    -301.00000000000    1.0000000325280
    -300.00000000000    1.0000000325280
    -299.00000000000    1.0000000325280
    -298.00000000000    1.0000000325280
    -297.00000000000    1.0000000325280
    -296.00000000000    1.0000000325280
    -295.00000000000    1.0000000325280
    -294.00000000000    1.0000000325280
    -293.00000000000    1.0000000325280
    -292.00000000000    1.0000000325280
    -291.00000000000    1.0000000325280
    -290.00000000000    1.0000000325280
    -289.00000000000    1.0000000325280
    -288.00000000000    1.0000000325280
    -287.00000000000    1.0000000325280
    -286.00000000000    1.0000000325279
    -285.00000000000    1.0000000325276
    -284.00000000000    1.0000000325264
    -283.00000000000    1.0000000325223
    -282.00000000000    1.0000000325082
    -281.00000000000    1.0000000324621
    -280.00000000000    1.0000000323176
    -279.00000000000    1.0000000318841
    -278.00000000000    1.0000000306404
    -277.00000000000    1.0000000272250
    -276.00000000000    1.0000000182476
    -275.00000000000   0.99999999566116
    -274.00000000000   0.99999994126254
    -273.00000000000   0.99999981582780
    -272.00000000000   0.99999953888408
    -271.00000000000   0.99999895332549
    -270.00000000000   0.99999776749009
    -269.00000000000   0.99999546692844
    -268.00000000000   0.99999119040311
    -267.00000000000   0.99998357132194
    -266.00000000000   0.99997055787355
    -265.00000000000   0.99994924191129
    -264.00000000000   0.99991574462459
    -263.00000000000   0.99986521967237
    -262.00000000000   0.99979203339107
    -261.00000000000   0.99969015992905
    -260.00000000000   0.99955378519883
    -259.00000000000   0.99937805469007
    -258.00000000000   0.99915984275613
    -257.00000000000   0.99889838595848
    -256.00000000000   0.99859562805432
    -255.00000000000   0.99825617500194
    -254.00000000000   0.99788684415082
    -253.00000000000   0.99749588753452
    -252.00000000000   0.99709204460588
    -251.00000000000   0.99668361125189
    -250.00000000000   0.99627769184265
    -249.00000000000   0.99587973990860
    -248.00000000000   0.99549341396588
    -247.00000000000   0.99512070373349
    -246.00000000000   0.99476223708440
    -245.00000000000   0.99441766582177
    -244.00000000000   0.99408604341688
    -243.00000000000   0.99376613808036
    -242.00000000000   0.99345665712209
    -241.00000000000   0.99315638433423
    -240.00000000000   0.99286424726408
    -239.00000000000   0.99257933637779
    -238.00000000000   0.99230089636792
    -237.00000000000   0.99202830480159
    -236.00000000000   0.99176104771121
    -235.00000000000   0.99149869714113
    -234.00000000000   0.99124089257746
    -233.00000000000   0.99098732646039
    -232.00000000000   0.99073773321232
    -231.00000000000   0.99049188101033
    -230.00000000000   0.99024956559224
    -229.00000000000   0.99001060553436
    -228.00000000000   0.98977483859041
    -227.00000000000   0.98954211880217
    -226.00000000000   0.98931231418124
    -225.00000000000   0.98908530482152
    -224.00000000000   0.98886098134293
    -223.00000000000   0.98863924359443
    -222.00000000000   0.98841999956308
    -221.00000000000   0.98820316444887
    -220.00000000000   0.98798865987461
    -219.00000000000   0.98777641320673
    -218.00000000000   0.98756635696804
    -217.00000000000   0.98735842832735
    -216.00000000000   0.98715256865361
    -215.00000000000   0.98694872312480
    -214.00000000000   0.98674684038332
    -213.00000000000   0.98654687223120
    -212.00000000000   0.98634877335956
    -211.00000000000   0.98615250110762
    -210.00000000000   0.98595801524741
    -209.00000000000   0.98576527779078
    -208.00000000000   0.98557425281601
    -207.00000000000   0.98538490631146
    -206.00000000000   0.98519720603446
    -205.00000000000   0.98501112138334
    -204.00000000000   0.98482662328144
    -203.00000000000   0.98464368407148
    -202.00000000000   0.98446227741931
    -201.00000000000   0.98428237822598
    -200.00000000000   0.98410396254731
    -199.00000000000   0.98392700752013
    -198.00000000000   0.98375149129451
    -197.00000000000   0.98357739297145
    -196.00000000000   0.98340469254547
    -195.00000000000   0.98323337085163
    -194.00000000000   0.98306340951653
    -193.00000000000   0.98289479091303
    -192.00000000000   0.98272749811821
    -191.00000000000   0.98256151487441
    -190.00000000000   0.98239682555300
    -189.00000000000   0.98223341512070
    -188.00000000000   0.98207126910819
    -187.00000000000   0.98191037358084
    -186.00000000000   0.98175071511140
    -185.00000000000   0.98159228075446
    -184.00000000000   0.98143505802255
    -183.00000000000   0.98127903486380
    -182.00000000000   0.98112419964097
    -181.00000000000   0.98097054111173
    -180.00000000000   0.98081804841025
    -179.00000000000   0.98066671102980
    -178.00000000000   0.98051651880640
    -177.00000000000   0.98036746190346
    -176.00000000000   0.98021953079727
    -175.00000000000   0.98007271626332
    -174.00000000000   0.97992700936343
    -173.00000000000   0.97978240143351
    -172.00000000000   0.97963888407208
    -171.00000000000   0.97949644912935
    -170.00000000000   0.97935508869690
    -169.00000000000   0.97921479509795
    -168.00000000000   0.97907556087802
    -167.00000000000   0.97893737879622
    -166.00000000000   0.97880024181686
    -165.00000000000   0.97866414310159
    -164.00000000000   0.97852907600179
    -163.00000000000   0.97839503405151
    -162.00000000000   0.97826201096059
    -161.00000000000   0.97813000060824
    -160.00000000000   0.97799899703682
    -159.00000000000   0.97786899444601
    -158.00000000000   0.97773998718717
    -157.00000000000   0.97761196975800
    -156.00000000000   0.97748493679746
    -155.00000000000   0.97735888308087
    -154.00000000000   0.97723380351529
    -153.00000000000   0.97710969313504
    -152.00000000000   0.97698654709746
    -151.00000000000   0.97686436067886
    -150.00000000000   0.97674312927059
    -149.00000000000   0.97662284837536
    -148.00000000000   0.97650351360363
    -147.00000000000   0.97638512067021
    -146.00000000000   0.97626766539099
    -145.00000000000   0.97615114367976
    -144.00000000000   0.97603555154524
    -143.00000000000   0.97592088508816
    -142.00000000000   0.97580714049848
    -141.00000000000   0.97569431405272
    -140.00000000000   0.97558240211141
    -139.00000000000   0.97547140111662
    -138.00000000000   0.97536130758957
    -137.00000000000   0.97525211812839
    -136.00000000000   0.97514382940589
    -135.00000000000   0.97503643816749
    -134.00000000000   0.97492994122914
    -133.00000000000   0.97482433547539
    -132.00000000000   0.97471961785754
    -131.00000000000   0.97461578539175
    -130.00000000000   0.97451283515736
    -129.00000000000   0.97441076429515
    -128.00000000000   0.97430957000576
    -127.00000000000   0.97420924954808
    -126.00000000000   0.97410980023776
    -125.00000000000   0.97401121944574
    -124.00000000000   0.97391350459685
    -123.00000000000   0.97381665316841
    -122.00000000000   0.97372066268898
    -121.00000000000   0.97362553073700
    -120.00000000000   0.97353125493966
    -119.00000000000   0.97343783297163
    -118.00000000000   0.97334526255394
    -117.00000000000   0.97325354145290
    -116.00000000000   0.97316266747896
    -115.00000000000   0.97307263848573
    -114.00000000000   0.97298345236895
    -113.00000000000   0.97289510706551
    -112.00000000000   0.97280760055250
    -111.00000000000   0.97272093084634
    -110.00000000000   0.97263509600185
    -109.00000000000   0.97255009411140
    -108.00000000000   0.97246592330409
    -107.00000000000   0.97238258174496
    -106.00000000000   0.97230006763418
   -105.000000000000   0.97221837920631
   -104.000000000000   0.97213751472958
   -103.000000000000   0.97205747250513
   -102.000000000000   0.97197825086638
   -101.000000000000   0.97189984817834
   -100.000000000000   0.97182226283694
    -99.000000000000   0.97174549326843
    -98.000000000000   0.97166953792873
    -97.000000000000   0.97159439530289
    -96.000000000000   0.97152006390449
    -95.000000000000   0.97144654227504
    -94.000000000000   0.97137382898350
    -93.000000000000   0.97130192262573
    -92.000000000000   0.97123082182396
    -91.000000000000   0.97116052522630
    -90.000000000000   0.97109103150627
    -89.000000000000   0.97102233936233
    -88.000000000000   0.97095444751740
    -87.000000000000   0.97088735471843
    -86.000000000000   0.97082105973598
    -85.000000000000   0.97075556136378
    -84.000000000000   0.97069085841835
    -83.000000000000   0.97062694973855
    -82.000000000000   0.97056383418524
    -81.000000000000   0.97050151064092
    -80.000000000000   0.97043997800933
    -79.000000000000   0.97037923521507
    -78.000000000000   0.97031928120331
    -77.000000000000   0.97026011493948
    -76.000000000000   0.97020173540884
    -75.000000000000   0.97014414161620
    -74.000000000000   0.97008733258570
    -73.000000000000   0.97003130736042
    -72.000000000000   0.96997606500207
    -71.000000000000   0.96992160459075
    -70.000000000000   0.96986792522471
    -69.000000000000   0.96981502602002
    -68.000000000000   0.96976290611030
    -67.000000000000   0.96971156464648
    -66.000000000000   0.96966100079660
    -65.000000000000   0.96961121374555
    -64.000000000000   0.96956220269474
    -63.000000000000   0.96951396686195
    -62.000000000000   0.96946650548118
    -61.000000000000   0.96941981780236
    -60.000000000000   0.96937390309102
    -59.000000000000   0.96932876062824
    -58.000000000000   0.96928438971051
    -57.000000000000   0.96924078964941
    -56.000000000000   0.96919795977134
    -55.000000000000   0.96915589941747
    -54.000000000000   0.96911460794368
    -53.000000000000   0.96907408472018
    -52.000000000000   0.96903432913130
    -51.000000000000   0.96899534057546
    -50.000000000000   0.96895711846514
    -49.000000000000   0.96891966222650
    -48.000000000000   0.96888297129915
    -47.000000000000   0.96884704513623
    -46.000000000000   0.96881188320435
    -45.000000000000   0.96877748498321
    -44.000000000000   0.96874384996537
    -43.000000000000   0.96871097765641
    -42.000000000000   0.96867886757486
    -41.000000000000   0.96864751925183
    -40.000000000000   0.96861693223076
    -39.000000000000   0.96858710606764
    -38.000000000000   0.96855804033100
    -37.000000000000   0.96852973460143
    -36.000000000000   0.96850218847145
    -35.000000000000   0.96847540154569
    -34.000000000000   0.96844937344091
    -33.000000000000   0.96842410378558
    -32.000000000000   0.96839959221965
    -31.000000000000   0.96837583839482
    -30.000000000000   0.96835284197462
    -29.000000000000   0.96833060263391
    -28.000000000000   0.96830912005868
    -27.000000000000   0.96828839394637
    -26.000000000000   0.96826842400594
    -25.000000000000   0.96824920995741
    -24.000000000000   0.96823075153161
    -23.000000000000   0.96821304847054
    -22.000000000000   0.96819610052748
    -21.000000000000   0.96817990746656
    -20.000000000000   0.96816446906241
    -19.000000000000   0.96814978510060
    -18.000000000000   0.96813585537784
    -17.000000000000   0.96812267970143
    -16.000000000000   0.96811025788897
    -15.000000000000   0.96809858976884
    -14.000000000000   0.96808767518034
    -13.000000000000   0.96807751397325
    -12.000000000000   0.96806810600749
    -11.000000000000   0.96805945115355
   -10.0000000000000   0.96805154929278
    -9.0000000000000   0.96804440031686
    -8.0000000000000   0.96803800412750
    -7.0000000000000   0.96803236063684
    -6.0000000000000   0.96802746976780
    -5.0000000000000   0.96802333145359
    -4.0000000000000   0.96801994563735
    -3.0000000000000   0.96801731227254
    -2.0000000000000   0.96801543132338
    -1.0000000000000   0.96801430276435
   0.   0.96801392657979
     1.0000000000000   0.96801430276435
     2.0000000000000   0.96801543132338
     3.0000000000000   0.96801731227254
     4.0000000000000   0.96801994563735
     5.0000000000000   0.96802333145359
     6.0000000000000   0.96802746976780
     7.0000000000000   0.96803236063684
     8.0000000000000   0.96803800412750
     9.0000000000000   0.96804440031686
    10.0000000000000   0.96805154929278
     11.000000000000   0.96805945115355
     12.000000000000   0.96806810600749
     13.000000000000   0.96807751397325
     14.000000000000   0.96808767518034
     15.000000000000   0.96809858976884
     16.000000000000   0.96811025788897
     17.000000000000   0.96812267970143
     18.000000000000   0.96813585537784
     19.000000000000   0.96814978510060
     20.000000000000   0.96816446906241
     21.000000000000   0.96817990746656
     22.000000000000   0.96819610052748
     23.000000000000   0.96821304847054
     24.000000000000   0.96823075153161
     25.000000000000   0.96824920995741
     26.000000000000   0.96826842400594
     27.000000000000   0.96828839394637
     28.000000000000   0.96830912005868
     29.000000000000   0.96833060263391
     30.000000000000   0.96835284197462
     31.000000000000   0.96837583839482
     32.000000000000   0.96839959221965
     33.000000000000   0.96842410378558
     34.000000000000   0.96844937344091
     35.000000000000   0.96847540154569
     36.000000000000   0.96850218847145
     37.000000000000   0.96852973460143
     38.000000000000   0.96855804033100
     39.000000000000   0.96858710606764
     40.000000000000   0.96861693223076
     41.000000000000   0.96864751925182
     42.000000000000   0.96867886757486
     43.000000000000   0.96871097765641
     44.000000000000   0.96874384996537
     45.000000000000   0.96877748498321
     46.000000000000   0.96881188320435
     47.000000000000   0.96884704513623
     48.000000000000   0.96888297129915
     49.000000000000   0.96891966222649
     50.000000000000   0.96895711846514
     51.000000000000   0.96899534057546
     52.000000000000   0.96903432913130
     53.000000000000   0.96907408472018
     54.000000000000   0.96911460794368
     55.000000000000   0.96915589941747
     56.000000000000   0.96919795977134
     57.000000000000   0.96924078964941
     58.000000000000   0.96928438971051
     59.000000000000   0.96932876062824
     60.000000000000   0.96937390309102
     61.000000000000   0.96941981780236
     62.000000000000   0.96946650548118
     63.000000000000   0.96951396686195
     64.000000000000   0.96956220269474
     65.000000000000   0.96961121374555
     66.000000000000   0.96966100079660
     67.000000000000   0.96971156464648
     68.000000000000   0.96976290611030
     69.000000000000   0.96981502602002
     70.000000000000   0.96986792522471
     71.000000000000   0.96992160459075
     72.000000000000   0.96997606500207
     73.000000000000   0.97003130736042
     74.000000000000   0.97008733258570
     75.000000000000   0.97014414161620
     76.000000000000   0.97020173540884
     77.000000000000   0.97026011493948
     78.000000000000   0.97031928120331
     79.000000000000   0.97037923521507
     80.000000000000   0.97043997800933
     81.000000000000   0.97050151064092
     82.000000000000   0.97056383418524
     83.000000000000   0.97062694973854
     84.000000000000   0.97069085841835
     85.000000000000   0.97075556136378
     86.000000000000   0.97082105973598
     87.000000000000   0.97088735471843
     88.000000000000   0.97095444751740
     89.000000000000   0.97102233936233
     90.000000000000   0.97109103150627
     91.000000000000   0.97116052522630
     92.000000000000   0.97123082182396
     93.000000000000   0.97130192262573
     94.000000000000   0.97137382898350
     95.000000000000   0.97144654227504
     96.000000000000   0.97152006390449
     97.000000000000   0.97159439530289
     98.000000000000   0.97166953792873
     99.000000000000   0.97174549326843
    100.000000000000   0.97182226283694
    101.000000000000   0.97189984817834
    102.000000000000   0.97197825086638
    103.000000000000   0.97205747250513
    104.000000000000   0.97213751472958
    105.000000000000   0.97221837920631
     106.00000000000   0.97230006763418
     107.00000000000   0.97238258174496
     108.00000000000   0.97246592330409
     109.00000000000   0.97255009411140
     110.00000000000   0.97263509600185
     111.00000000000   0.97272093084634
     112.00000000000   0.97280760055250
     113.00000000000   0.97289510706551
     114.00000000000   0.97298345236895
     115.00000000000   0.97307263848573
     116.00000000000   0.97316266747896
     117.00000000000   0.97325354145290
     118.00000000000   0.97334526255394
     119.00000000000   0.97343783297163
     120.00000000000   0.97353125493966
     121.00000000000   0.97362553073700
     122.00000000000   0.97372066268898
     123.00000000000   0.97381665316841
     124.00000000000   0.97391350459685
     125.00000000000   0.97401121944574
     126.00000000000   0.97410980023776
     127.00000000000   0.97420924954808
     128.00000000000   0.97430957000576
     129.00000000000   0.97441076429515
     130.00000000000   0.97451283515736
     131.00000000000   0.97461578539175
     132.00000000000   0.97471961785754
     133.00000000000   0.97482433547539
     134.00000000000   0.97492994122914
     135.00000000000   0.97503643816749
     136.00000000000   0.97514382940589
     137.00000000000   0.97525211812839
     138.00000000000   0.97536130758957
     139.00000000000   0.97547140111662
     140.00000000000   0.97558240211141
     141.00000000000   0.97569431405272
     142.00000000000   0.97580714049848
     143.00000000000   0.97592088508816
     144.00000000000   0.97603555154524
     145.00000000000   0.97615114367976
     146.00000000000   0.97626766539099
     147.00000000000   0.97638512067021
     148.00000000000   0.97650351360363
     149.00000000000   0.97662284837536
     150.00000000000   0.97674312927059
     151.00000000000   0.97686436067886
     152.00000000000   0.97698654709746
     153.00000000000   0.97710969313504
     154.00000000000   0.97723380351529
     155.00000000000   0.97735888308087
     156.00000000000   0.97748493679746
     157.00000000000   0.97761196975800
     158.00000000000   0.97773998718717
     159.00000000000   0.97786899444601
     160.00000000000   0.97799899703682
     161.00000000000   0.97813000060824
     162.00000000000   0.97826201096059
     163.00000000000   0.97839503405151
     164.00000000000   0.97852907600179
     165.00000000000   0.97866414310159
     166.00000000000   0.97880024181686
     167.00000000000   0.97893737879622
     168.00000000000   0.97907556087802
     169.00000000000   0.97921479509795
     170.00000000000   0.97935508869690
     171.00000000000   0.97949644912935
     172.00000000000   0.97963888407208
     173.00000000000   0.97978240143351
     174.00000000000   0.97992700936343
     175.00000000000   0.98007271626332
     176.00000000000   0.98021953079727
     177.00000000000   0.98036746190346
     178.00000000000   0.98051651880640
     179.00000000000   0.98066671102980
     180.00000000000   0.98081804841025
     181.00000000000   0.98097054111173
     182.00000000000   0.98112419964097
     183.00000000000   0.98127903486380
     184.00000000000   0.98143505802255
     185.00000000000   0.98159228075446
     186.00000000000   0.98175071511140
     187.00000000000   0.98191037358084
     188.00000000000   0.98207126910819
     189.00000000000   0.98223341512070
     190.00000000000   0.98239682555300
     191.00000000000   0.98256151487441
     192.00000000000   0.98272749811821
     193.00000000000   0.98289479091303
     194.00000000000   0.98306340951653
     195.00000000000   0.98323337085163
     196.00000000000   0.98340469254547
     197.00000000000   0.98357739297145
     198.00000000000   0.98375149129451
     199.00000000000   0.98392700752013
     200.00000000000   0.98410396254731
     201.00000000000   0.98428237822598
     202.00000000000   0.98446227741931
     203.00000000000   0.98464368407148
     204.00000000000   0.98482662328144
     205.00000000000   0.98501112138334
     206.00000000000   0.98519720603446
     207.00000000000   0.98538490631146
     208.00000000000   0.98557425281601
     209.00000000000   0.98576527779079
     210.00000000000   0.98595801524741
     211.00000000000   0.98615250110762
     212.00000000000   0.98634877335956
     213.00000000000   0.98654687223120
     214.00000000000   0.98674684038332
     215.00000000000   0.98694872312480
     216.00000000000   0.98715256865361
     217.00000000000   0.98735842832735
     218.00000000000   0.98756635696804
     219.00000000000   0.98777641320673
     220.00000000000   0.98798865987461
     221.00000000000   0.98820316444887
     222.00000000000   0.98841999956308
     223.00000000000   0.98863924359443
     224.00000000000   0.98886098134293
     225.00000000000   0.98908530482152
     226.00000000000   0.98931231418124
     227.00000000000   0.98954211880217
     228.00000000000   0.98977483859041
     229.00000000000   0.99001060553436
     230.00000000000   0.99024956559223
     231.00000000000   0.99049188101033
     232.00000000000   0.99073773321232
     233.00000000000   0.99098732646039
     234.00000000000   0.99124089257746
     235.00000000000   0.99149869714113
     236.00000000000   0.99176104771121
     237.00000000000   0.99202830480159
     238.00000000000   0.99230089636792
     239.00000000000   0.99257933637779
     240.00000000000   0.99286424726408
     241.00000000000   0.99315638433423
     242.00000000000   0.99345665712208
     243.00000000000   0.99376613808036
     244.00000000000   0.99408604341688
     245.00000000000   0.99441766582177
     246.00000000000   0.99476223708440
     247.00000000000   0.99512070373349
     248.00000000000   0.99549341396588
     249.00000000000   0.99587973990860
     250.00000000000   0.99627769184265
     251.00000000000   0.99668361125189
     252.00000000000   0.99709204460588
     253.00000000000   0.99749588753452
     254.00000000000   0.99788684415082
     255.00000000000   0.99825617500194
     256.00000000000   0.99859562805432
     257.00000000000   0.99889838595848
     258.00000000000   0.99915984275613
     259.00000000000   0.99937805469007
     260.00000000000   0.99955378519883
     261.00000000000   0.99969015992905
     262.00000000000   0.99979203339107
     263.00000000000   0.99986521967237
     264.00000000000   0.99991574462459
     265.00000000000   0.99994924191129
     266.00000000000   0.99997055787355
     267.00000000000   0.99998357132194
     268.00000000000   0.99999119040311
     269.00000000000   0.99999546692844
     270.00000000000   0.99999776749009
     271.00000000000   0.99999895332549
     272.00000000000   0.99999953888408
     273.00000000000   0.99999981582780
     274.00000000000   0.99999994126254
     275.00000000000   0.99999999566116
     276.00000000000    1.0000000182476
     277.00000000000    1.0000000272250
     278.00000000000    1.0000000306404
     279.00000000000    1.0000000318841
     280.00000000000    1.0000000323176
     281.00000000000    1.0000000324621
     282.00000000000    1.0000000325082
     283.00000000000    1.0000000325223
     284.00000000000    1.0000000325264
     285.00000000000    1.0000000325276
     286.00000000000    1.0000000325279
     287.00000000000    1.0000000325280
     288.00000000000    1.0000000325280
     289.00000000000    1.0000000325280
     290.00000000000    1.0000000325280
     291.00000000000    1.0000000325280
     292.00000000000    1.0000000325280
     293.00000000000    1.0000000325280
     294.00000000000    1.0000000325280
     295.00000000000    1.0000000325280
     296.00000000000    1.0000000325280
     297.00000000000    1.0000000325280
     298.00000000000    1.0000000325280
     299.00000000000    1.0000000325280
     300.00000000000    1.0000000325280
     301.00000000000    1.0000000325280
     302.00000000000    1.0000000325280
     303.00000000000    1.0000000325280
     304.00000000000    1.0000000325280
     305.00000000000    1.0000000325280
     306.00000000000    1.0000000325280
     307.00000000000    1.0000000325280
     308.00000000000    1.0000000325280
     309.00000000000    1.0000000325280
     310.00000000000    1.0000000325280
     311.00000000000    1.0000000325280
     312.00000000000    1.0000000325280
     313.00000000000    1.0000000325280
     314.00000000000    1.0000000325280
     315.00000000000    1.0000000325280
     316.00000000000    1.0000000325280
     317.00000000000    1.0000000325280
     318.00000000000    1.0000000325280
     319.00000000000    1.0000000325280
     320.00000000000    1.0000000325280
     321.00000000000    1.0000000325280
     322.00000000000    1.0000000325280
     323.00000000000    1.0000000325280
     324.00000000000    1.0000000325280
     325.00000000000    1.0000000325280
     326.00000000000    1.0000000325280
     327.00000000000    1.0000000325280
     328.00000000000    1.0000000325280
     329.00000000000    1.0000000325280
     330.00000000000    1.0000000325280
     331.00000000000    1.0000000325280
     332.00000000000    1.0000000325280
     333.00000000000    1.0000000325280
     334.00000000000    1.0000000325280
     335.00000000000    1.0000000325280
     336.00000000000    1.0000000325280
     337.00000000000    1.0000000325280
     338.00000000000    1.0000000325280
     339.00000000000    1.0000000325280
     340.00000000000    1.0000000325280
     341.00000000000    1.0000000325280
     342.00000000000    1.0000000325280
     343.00000000000    1.0000000325280
     344.00000000000    1.0000000325280
     345.00000000000    1.0000000325280
     346.00000000000    1.0000000325280
     347.00000000000    1.0000000325280
     348.00000000000    1.0000000325280
     349.00000000000    1.0000000325280
     350.00000000000    1.0000000325280
     351.00000000000    1.0000000325280
     352.00000000000    1.0000000325280
     353.00000000000    1.0000000325280
     354.00000000000    1.0000000325280
     355.00000000000    1.0000000325280
     356.00000000000    1.0000000325280
     357.00000000000    1.0000000325280
     358.00000000000    1.0000000325280
     359.00000000000    1.0000000325280
     360.00000000000    1.0000000325280
     361.00000000000    1.0000000325280
     362.00000000000    1.0000000325280
     363.00000000000    1.0000000325280
     364.00000000000    1.0000000325280
     365.00000000000    1.0000000325280
     366.00000000000    1.0000000325280
     367.00000000000    1.0000000325280
     368.00000000000    1.0000000325280
     369.00000000000    1.0000000325280
     370.00000000000    1.0000000325280
     371.00000000000    1.0000000325280
     372.00000000000    1.0000000325280
     373.00000000000    1.0000000325280
     374.00000000000    1.0000000325280
     375.00000000000    1.0000000325280
     376.00000000000    1.0000000325280
     377.00000000000    1.0000000325280
     378.00000000000    1.0000000325280
     379.00000000000    1.0000000325280
     380.00000000000    1.0000000325280
     381.00000000000    1.0000000325280
     382.00000000000    1.0000000325280
     383.00000000000    1.0000000325280
     384.00000000000    1.0000000325280
     385.00000000000    1.0000000325280
     386.00000000000    1.0000000325280
     387.00000000000    1.0000000325280
     388.00000000000    1.0000000325280
     389.00000000000    1.0000000325280
     390.00000000000    1.0000000325280
     391.00000000000    1.0000000325280
     392.00000000000    1.0000000325280
     393.00000000000    1.0000000325280
     394.00000000000    1.0000000325280
     395.00000000000    1.0000000325280
     396.00000000000    1.0000000325280
     397.00000000000    1.0000000325280
     398.00000000000    1.0000000325280
     399.00000000000    1.0000000325280
     400.00000000000    1.0000000325280
     401.00000000000    1.0000000325280
     402.00000000000    1.0000000325280
     403.00000000000    1.0000000325280
     404.00000000000    1.0000000325280
     405.00000000000    1.0000000325280
     406.00000000000    1.0000000325280
     407.00000000000    1.0000000325280
     408.00000000000    1.0000000325280
     409.00000000000    1.0000000325280
     410.00000000000    1.0000000325280
     411.00000000000    1.0000000325280
     412.00000000000    1.0000000325280
     413.00000000000    1.0000000325280
     414.00000000000    1.0000000325280
     415.00000000000    1.0000000325280
     416.00000000000    1.0000000325280
     417.00000000000    1.0000000325280
     418.00000000000    1.0000000325280
     419.00000000000    1.0000000325280
     420.00000000000    1.0000000325280
     421.00000000000    1.0000000325280
     422.00000000000    1.0000000325280
     423.00000000000    1.0000000325280
     424.00000000000    1.0000000325280
     425.00000000000    1.0000000325280
     426.00000000000    1.0000000325280
     427.00000000000    1.0000000325280
     428.00000000000    1.0000000325280
     429.00000000000    1.0000000325280
     430.00000000000    1.0000000325280
     431.00000000000    1.0000000325280
     432.00000000000    1.0000000325280
     433.00000000000    1.0000000325280
     434.00000000000    1.0000000325280
     435.00000000000    1.0000000325280
     436.00000000000    1.0000000325280
     437.00000000000    1.0000000325280
     438.00000000000    1.0000000325280
     439.00000000000    1.0000000325280
     440.00000000000    1.0000000325280
     441.00000000000    1.0000000325280
     442.00000000000    1.0000000325280
     443.00000000000    1.0000000325280
     444.00000000000    1.0000000325280
     445.00000000000    1.0000000325280
     446.00000000000    1.0000000325280
     447.00000000000    1.0000000325280
     448.00000000000    1.0000000325280
     449.00000000000    1.0000000325280
     450.00000000000    1.0000000325280
     451.00000000000    1.0000000325280
     452.00000000000    1.0000000325280
     453.00000000000    1.0000000325280
     454.00000000000    1.0000000325280
     455.00000000000    1.0000000325280
     456.00000000000    1.0000000325280
     457.00000000000    1.0000000325280
     458.00000000000    1.0000000325280
     459.00000000000    1.0000000325280
     460.00000000000    1.0000000325280
     461.00000000000    1.0000000325280
     462.00000000000    1.0000000325280
     463.00000000000    1.0000000325280
     464.00000000000    1.0000000325280
     465.00000000000    1.0000000325280
     466.00000000000    1.0000000325280
     467.00000000000    1.0000000325280
     468.00000000000    1.0000000325280
     469.00000000000    1.0000000325280
     470.00000000000    1.0000000325280
     471.00000000000    1.0000000325280
     472.00000000000    1.0000000325280
     473.00000000000    1.0000000325280
     474.00000000000    1.0000000325280
     475.00000000000    1.0000000325280
     476.00000000000    1.0000000325280
     477.00000000000    1.0000000325280
     478.00000000000    1.0000000325280
     479.00000000000    1.0000000325280
     480.00000000000    1.0000000325280
     481.00000000000    1.0000000325280
     482.00000000000    1.0000000325280
     483.00000000000    1.0000000325280
     484.00000000000    1.0000000325280
     485.00000000000    1.0000000325280
     486.00000000000    1.0000000325280
     487.00000000000    1.0000000325280
     488.00000000000    1.0000000325280
     489.00000000000    1.0000000325280
     490.00000000000    1.0000000325280
     491.00000000000    1.0000000325280
     492.00000000000    1.0000000325280
     493.00000000000    1.0000000325280
     494.00000000000    1.0000000325280
     495.00000000000    1.0000000325280
     496.00000000000    1.0000000325280
     497.00000000000    1.0000000325280
     498.00000000000    1.0000000325280
     499.00000000000    1.0000000325280
     500.00000000000    1.0000000325280
