    -500.00000000000    1.0000000325280
    -499.00000000000    1.0000000325280
    -498.00000000000    1.0000000325280
    -497.00000000000    1.0000000325280
    -496.00000000000    1.0000000325280
    -495.00000000000    1.0000000325280
    -494.00000000000    1.0000000325280
    -493.00000000000    1.0000000325280
    -492.00000000000    1.0000000325280
    -491.00000000000    1.0000000325280
    -490.00000000000    1.0000000325280
    -489.00000000000    1.0000000325280
    -488.00000000000    1.0000000325280
    -487.00000000000    1.0000000325280
    -486.00000000000    1.0000000325280
    -485.00000000000    1.0000000325280
    -484.00000000000    1.0000000325280
    -483.00000000000    1.0000000325280
    -482.00000000000    1.0000000325280
    -481.00000000000    1.0000000325280
    -480.00000000000    1.0000000325280
    -479.00000000000    1.0000000325280
    -478.00000000000    1.0000000325280
    -477.00000000000    1.0000000325280
    -476.00000000000    1.0000000325280
    -475.00000000000    1.0000000325280
    -474.00000000000    1.0000000325280
    -473.00000000000    1.0000000325280
    -472.00000000000    1.0000000325280
    -471.00000000000    1.0000000325280
    -470.00000000000    1.0000000325280
    -469.00000000000    1.0000000325280
    -468.00000000000    1.0000000325280
    -467.00000000000    1.0000000325280
    -466.00000000000    1.0000000325280
    -465.00000000000    1.0000000325280
    -464.00000000000    1.0000000325280
    -463.00000000000    1.0000000325280
    -462.00000000000    1.0000000325280
    -461.00000000000    1.0000000325280
    -460.00000000000    1.0000000325280
    -459.00000000000    1.0000000325280
    -458.00000000000    1.0000000325280
    -457.00000000000    1.0000000325280
    -456.00000000000    1.0000000325280
    -455.00000000000    1.0000000325280
    -454.00000000000    1.0000000325280
    -453.00000000000    1.0000000325280
    -452.00000000000    1.0000000325280
    -451.00000000000    1.0000000325280
    -450.00000000000    1.0000000325280
    -449.00000000000    1.0000000325280
    -448.00000000000    1.0000000325280
    -447.00000000000    1.0000000325280
    -446.00000000000    1.0000000325280
    -445.00000000000    1.0000000325280
    -444.00000000000    1.0000000325280
    -443.00000000000    1.0000000325280
    -442.00000000000    1.0000000325280
    -441.00000000000    1.0000000325280
    -440.00000000000    1.0000000325280
    -439.00000000000    1.0000000325280
    -438.00000000000    1.0000000325280
    -437.00000000000    1.0000000325280
    -436.00000000000    1.0000000325280
    -435.00000000000    1.0000000325280
    -434.00000000000    1.0000000325280
    -433.00000000000    1.0000000325280
    -432.00000000000    1.0000000325280
    -431.00000000000    1.0000000325280
    -430.00000000000    1.0000000325280
    -429.00000000000    1.0000000325280
    -428.00000000000    1.0000000325280
    -427.00000000000    1.0000000325280
    -426.00000000000    1.0000000325280
    -425.00000000000    1.0000000325280
    -424.00000000000    1.0000000325280
    -423.00000000000    1.0000000325280
    -422.00000000000    1.0000000325280
    -421.00000000000    1.0000000325280
    -420.00000000000    1.0000000325280
    -419.00000000000    1.0000000325280
    -418.00000000000    1.0000000325280
    -417.00000000000    1.0000000325280
    -416.00000000000    1.0000000325280
    -415.00000000000    1.0000000325280
    -414.00000000000    1.0000000325280
    -413.00000000000    1.0000000325280
    -412.00000000000    1.0000000325280
    -411.00000000000    1.0000000325280
    -410.00000000000    1.0000000325280
    -409.00000000000    1.0000000325280
    -408.00000000000    1.0000000325280
    -407.00000000000    1.0000000325280
    -406.00000000000    1.0000000325280
    -405.00000000000    1.0000000325280
    -404.00000000000    1.0000000325280
    -403.00000000000    1.0000000325280
    -402.00000000000    1.0000000325280
    -401.00000000000    1.0000000325280
    -400.00000000000    1.0000000325280
    -399.00000000000    1.0000000325280
    -398.00000000000    1.0000000325280
    -397.00000000000    1.0000000325280
    -396.00000000000    1.0000000325280
    -395.00000000000    1.0000000325280
    -394.00000000000    1.0000000325280
    -393.00000000000    1.0000000325280
    -392.00000000000    1.0000000325280
    -391.00000000000    1.0000000325280
    -390.00000000000    1.0000000325280
    -389.00000000000    1.0000000325280
    -388.00000000000    1.0000000325280
    -387.00000000000    1.0000000325280
    -386.00000000000    1.0000000325280
    -385.00000000000    1.0000000325280
    -384.00000000000    1.0000000325280
    -383.00000000000    1.0000000325280
    -382.00000000000    1.0000000325280
    -381.00000000000    1.0000000325280
    -380.00000000000    1.0000000325280
    -379.00000000000    1.0000000325280
    -378.00000000000    1.0000000325280
    -377.00000000000    1.0000000325280
    -376.00000000000    1.0000000325280
    -375.00000000000    1.0000000325280
    -374.00000000000    1.0000000325280
    -373.00000000000    1.0000000325280
    -372.00000000000    1.0000000325280
    -371.00000000000    1.0000000325280
    -370.00000000000    1.0000000325280
    -369.00000000000    1.0000000325280
    -368.00000000000    1.0000000325280
    -367.00000000000    1.0000000325280
    -366.00000000000    1.0000000325280
    -365.00000000000    1.0000000325280
    -364.00000000000    1.0000000325280
    -363.00000000000    1.0000000325280
    -362.00000000000    1.0000000325280
    -361.00000000000    1.0000000325280
    -360.00000000000    1.0000000325280
    -359.00000000000    1.0000000325280
    -358.00000000000    1.0000000325280
    -357.00000000000    1.0000000325280
    -356.00000000000    1.0000000325280
    -355.00000000000    1.0000000325280
    -354.00000000000    1.0000000325280
    -353.00000000000    1.0000000325280
    -352.00000000000    1.0000000325280
    -351.00000000000    1.0000000325280
    -350.00000000000    1.0000000325280
    -349.00000000000    1.0000000325280
    -348.00000000000    1.0000000325280
    -347.00000000000    1.0000000325280
    -346.00000000000    1.0000000325280
    -345.00000000000    1.0000000325280
    -344.00000000000    1.0000000325280
    -343.00000000000    1.0000000325280
    -342.00000000000    1.0000000325280
    -341.00000000000    1.0000000325280
    -340.00000000000    1.0000000325280
    -339.00000000000    1.0000000325280
    -338.00000000000    1.0000000325280
    -337.00000000000    1.0000000325280
    -336.00000000000    1.0000000325280
    -335.00000000000    1.0000000325280
    -334.00000000000    1.0000000325280
    -333.00000000000    1.0000000325280
    -332.00000000000    1.0000000325280
    -331.00000000000    1.0000000325280
    -330.00000000000    1.0000000325280
    -329.00000000000    1.0000000325280
    -328.00000000000    1.0000000325280
    -327.00000000000    1.0000000325280
    -326.00000000000    1.0000000325280
    -325.00000000000    1.0000000325280
    -324.00000000000    1.0000000325280
    -323.00000000000    1.0000000325280
    -322.00000000000    1.0000000325280
    -321.00000000000    1.0000000325280
    -320.00000000000    1.0000000325280
    -319.00000000000    1.0000000325280
    -318.00000000000    1.0000000325280
    -317.00000000000    1.0000000325280
    -316.00000000000    1.0000000325280
    -315.00000000000    1.0000000325280
    -314.00000000000    1.0000000325280
    -313.00000000000    1.0000000325280
    -312.00000000000    1.0000000325280
    -311.00000000000    1.0000000325280
    -310.00000000000    1.0000000325280
    -309.00000000000    1.0000000325280
    -308.00000000000    1.0000000325280
    -307.00000000000    1.0000000325280
    -306.00000000000    1.0000000325280
    -305.00000000000    1.0000000325280
    -304.00000000000    1.0000000325280
    -303.00000000000    1.0000000325280
    -302.00000000000    1.0000000325280
    -301.00000000000    1.0000000325280
    -300.00000000000    1.0000000325280
    -299.00000000000    1.0000000325280
    -298.00000000000    1.0000000325280
    -297.00000000000    1.0000000325280
    -296.00000000000    1.0000000325280
    -295.00000000000    1.0000000325280
    -294.00000000000    1.0000000325280
    -293.00000000000    1.0000000325280
    -292.00000000000    1.0000000325280
    -291.00000000000    1.0000000325280
    -290.00000000000    1.0000000325280
    -289.00000000000    1.0000000325280
    -288.00000000000    1.0000000325280
    -287.00000000000    1.0000000325280
    -286.00000000000    1.0000000325280
    -285.00000000000    1.0000000325280
    -284.00000000000    1.0000000325280
    -283.00000000000    1.0000000325280
    -282.00000000000    1.0000000325280
    -281.00000000000    1.0000000325280
    -280.00000000000    1.0000000325280
    -279.00000000000    1.0000000325280
    -278.00000000000    1.0000000325280
    -277.00000000000    1.0000000325280
    -276.00000000000    1.0000000325280
    -275.00000000000    1.0000000325280
    -274.00000000000    1.0000000325280
    -273.00000000000    1.0000000325280
    -272.00000000000    1.0000000325280
    -271.00000000000    1.0000000325280
    -270.00000000000    1.0000000325280
    -269.00000000000    1.0000000325280
    -268.00000000000    1.0000000325280
    -267.00000000000    1.0000000325280
    -266.00000000000    1.0000000325280
    -265.00000000000    1.0000000325280
    -264.00000000000    1.0000000325280
    -263.00000000000    1.0000000325280
    -262.00000000000    1.0000000325280
    -261.00000000000    1.0000000325280
    -260.00000000000    1.0000000325280
    -259.00000000000    1.0000000325280
    -258.00000000000    1.0000000325280
    -257.00000000000    1.0000000325280
    -256.00000000000    1.0000000325280
    -255.00000000000    1.0000000325280
    -254.00000000000    1.0000000325280
    -253.00000000000    1.0000000325280
    -252.00000000000    1.0000000325280
    -251.00000000000    1.0000000325280
    -250.00000000000    1.0000000325280
    -249.00000000000    1.0000000325280
    -248.00000000000    1.0000000325280
    -247.00000000000    1.0000000325280
    -246.00000000000    1.0000000325280
    -245.00000000000    1.0000000325280
    -244.00000000000    1.0000000325280
    -243.00000000000    1.0000000325280
    -242.00000000000    1.0000000325280
    -241.00000000000    1.0000000325280
    -240.00000000000    1.0000000325280
    -239.00000000000    1.0000000325280
    -238.00000000000    1.0000000325280
    -237.00000000000    1.0000000325280
    -236.00000000000    1.0000000325280
    -235.00000000000    1.0000000325280
    -234.00000000000    1.0000000325280
    -233.00000000000    1.0000000325280
    -232.00000000000    1.0000000325280
    -231.00000000000    1.0000000325280
    -230.00000000000    1.0000000325280
    -229.00000000000    1.0000000325280
    -228.00000000000    1.0000000325280
    -227.00000000000    1.0000000325280
    -226.00000000000    1.0000000325280
    -225.00000000000    1.0000000325280
    -224.00000000000    1.0000000325280
    -223.00000000000    1.0000000325280
    -222.00000000000    1.0000000325280
    -221.00000000000    1.0000000325280
    -220.00000000000    1.0000000325280
    -219.00000000000    1.0000000325280
    -218.00000000000    1.0000000325280
    -217.00000000000    1.0000000325280
    -216.00000000000    1.0000000325280
    -215.00000000000    1.0000000325280
    -214.00000000000    1.0000000325280
    -213.00000000000    1.0000000325280
    -212.00000000000    1.0000000325280
    -211.00000000000    1.0000000325280
    -210.00000000000    1.0000000325280
    -209.00000000000    1.0000000325280
    -208.00000000000    1.0000000325280
    -207.00000000000    1.0000000325280
    -206.00000000000    1.0000000325280
    -205.00000000000    1.0000000325280
    -204.00000000000    1.0000000325280
    -203.00000000000    1.0000000325280
    -202.00000000000    1.0000000325280
    -201.00000000000    1.0000000325280
    -200.00000000000    1.0000000325280
    -199.00000000000    1.0000000325280
    -198.00000000000    1.0000000325280
    -197.00000000000    1.0000000325280
    -196.00000000000    1.0000000325280
    -195.00000000000    1.0000000325280
    -194.00000000000    1.0000000325280
    -193.00000000000    1.0000000325280
    -192.00000000000    1.0000000325280
    -191.00000000000    1.0000000325280
    -190.00000000000    1.0000000325280
    -189.00000000000    1.0000000325280
    -188.00000000000    1.0000000325280
    -187.00000000000    1.0000000325280
    -186.00000000000    1.0000000325280
    -185.00000000000    1.0000000325280
    -184.00000000000    1.0000000325280
    -183.00000000000    1.0000000325280
    -182.00000000000    1.0000000325280
    -181.00000000000    1.0000000325280
    -180.00000000000    1.0000000325280
    -179.00000000000    1.0000000325280
    -178.00000000000    1.0000000325280
    -177.00000000000    1.0000000325280
    -176.00000000000    1.0000000325280
    -175.00000000000    1.0000000325280
    -174.00000000000    1.0000000325280
    -173.00000000000    1.0000000325280
    -172.00000000000    1.0000000325280
    -171.00000000000    1.0000000325280
    -170.00000000000    1.0000000325280
    -169.00000000000    1.0000000325280
    -168.00000000000    1.0000000325280
    -167.00000000000    1.0000000325280
    -166.00000000000    1.0000000325280
    -165.00000000000    1.0000000325280
    -164.00000000000    1.0000000325280
    -163.00000000000    1.0000000325280
    -162.00000000000    1.0000000325280
    -161.00000000000    1.0000000325280
    -160.00000000000    1.0000000325280
    -159.00000000000    1.0000000325280
    -158.00000000000    1.0000000325280
    -157.00000000000    1.0000000325280
    -156.00000000000    1.0000000325280
    -155.00000000000    1.0000000325280
    -154.00000000000    1.0000000325280
    -153.00000000000    1.0000000325280
    -152.00000000000    1.0000000325279
    -151.00000000000    1.0000000325277
    -150.00000000000    1.0000000325267
    -149.00000000000    1.0000000325230
    -148.00000000000    1.0000000325098
    -147.00000000000    1.0000000324647
    -146.00000000000    1.0000000323167
    -145.00000000000    1.0000000318528
    -144.00000000000    1.0000000304608
    -143.00000000000    1.0000000264637
    -142.00000000000    1.0000000154784
    -141.00000000000   0.99999998658136
    -140.00000000000   0.99999991381835
    -139.00000000000   0.99999973841822
    -138.00000000000   0.99999933359968
    -137.00000000000   0.99999843893960
    -136.00000000000   0.99999654534711
    -135.00000000000   0.99999270634536
    -134.00000000000   0.99998524982155
    -133.00000000000   0.99997137152259
    -132.00000000000   0.99994661281475
    -131.00000000000   0.99990426417972
    -130.00000000000   0.99983479063291
    -129.00000000000   0.99972543468174
    -128.00000000000   0.99956019545837
    -127.00000000000   0.99932038204249
    -126.00000000000   0.99898587138674
    -125.00000000000   0.99853706068219
    -124.00000000000   0.99795731287562
    -123.00000000000   0.99723550434190
    -122.00000000000   0.99636816351871
    -121.00000000000   0.99536069715296
    -120.00000000000   0.99422735781076
    -119.00000000000   0.99298988025068
    -118.00000000000   0.99167502587227
    -117.00000000000   0.99031152571770
    -116.00000000000   0.98892702512638
    -115.00000000000   0.98754557912920
    -114.00000000000   0.98618605775596
    -113.00000000000   0.98486156749514
    -112.00000000000   0.98357976215884
    -111.00000000000   0.98234376494448
    -110.00000000000   0.98115337624466
    -109.00000000000   0.98000628372113
    -108.00000000000   0.97889908464417
    -107.00000000000   0.97782803434363
    -106.00000000000   0.97678951870448
   -105.000000000000   0.97578029957962
   -104.000000000000   0.97479760093378
   -103.000000000000   0.97383909988252
   -102.000000000000   0.97290287180804
   -101.000000000000   0.97198732136617
   -100.000000000000   0.97109111659562
    -99.000000000000   0.97021313330218
    -98.000000000000   0.96935241111481
    -97.000000000000   0.96850811992350
    -96.000000000000   0.96767953456731
    -95.000000000000   0.96686601570483
    -94.000000000000   0.96606699519291
    -93.000000000000   0.96528196473110
    -92.000000000000   0.96451046688993
    -91.000000000000   0.96375208790628
    -90.000000000000   0.96300645181342
    -89.000000000000   0.96227321559857
    -88.000000000000   0.96155206516515
    -87.000000000000   0.96084271193473
    -86.000000000000   0.96014488996423
    -85.000000000000   0.95945835348260
    -84.000000000000   0.95878287477257
    -83.000000000000   0.95811824233833
    -82.000000000000   0.95746425931238
    -81.000000000000   0.95682074206336
    -80.000000000000   0.95618751897424
    -79.000000000000   0.95556442936540
    -78.000000000000   0.95495132254187
    -77.000000000000   0.95434805694729
    -76.000000000000   0.95375449941016
    -75.000000000000   0.95317052447005
    -74.000000000000   0.95259601377371
    -73.000000000000   0.95203085553203
    -72.000000000000   0.95147494403070
    -71.000000000000   0.95092817918790
    -70.000000000000   0.95039046615372
    -69.000000000000   0.94986171494645
    -68.000000000000   0.94934184012169
    -67.000000000000   0.94883076047067
    -66.000000000000   0.94832839874470
    -65.000000000000   0.94783468140294
    -64.000000000000   0.94734953838122
    -63.000000000000   0.94687290287969
    -62.000000000000   0.94640471116751
    -61.000000000000   0.94594490240291
    -60.000000000000   0.94549341846717
    -59.000000000000   0.94505020381121
    -58.000000000000   0.94461520531368
    -57.000000000000   0.94418837214947
    -56.000000000000   0.94376965566774
    -55.000000000000   0.94335900927865
    -54.000000000000   0.94295638834807
    -53.000000000000   0.94256175009952
    -52.000000000000   0.94217505352285
    -51.000000000000   0.94179625928907
    -50.000000000000   0.94142532967078
    -49.000000000000   0.94106222846787
    -48.000000000000   0.94070692093799
    -47.000000000000   0.94035937373153
    -46.000000000000   0.94001955483059
    -45.000000000000   0.93968743349189
    -44.000000000000   0.93936298019313
    -43.000000000000   0.93904616658268
    -42.000000000000   0.93873696543225
    -41.000000000000   0.93843535059250
    -40.000000000000   0.93814129695121
    -39.000000000000   0.93785478039392
    -38.000000000000   0.93757577776698
    -37.000000000000   0.93730426684261
    -36.000000000000   0.93704022628605
    -35.000000000000   0.93678363562466
    -34.000000000000   0.93653447521866
    -33.000000000000   0.93629272623362
    -32.000000000000   0.93605837061455
    -31.000000000000   0.93583139106136
    -30.000000000000   0.93561177100580
    -29.000000000000   0.93539949458967
    -28.000000000000   0.93519454664425
    -27.000000000000   0.93499691267100
    -26.000000000000   0.93480657882319
    -25.000000000000   0.93462353188879
    -24.000000000000   0.93444775927417
    -23.000000000000   0.93427924898889
    -22.000000000000   0.93411798963129
    -21.000000000000   0.93396397037502
    -20.000000000000   0.93381718095631
    -19.000000000000   0.93367761166210
    -18.000000000000   0.93354525331888
    -17.000000000000   0.93342009728221
    -16.000000000000   0.93330213542705
    -15.000000000000   0.93319136013858
    -14.000000000000   0.93308776430385
    -13.000000000000   0.93299134130387
    -12.000000000000   0.93290208500641
    -11.000000000000   0.93281998975934
   -10.0000000000000   0.93274505038453
    -9.0000000000000   0.93267726217225
    -8.0000000000000   0.93261662087622
    -7.0000000000000   0.93256312270902
    -6.0000000000000   0.93251676433810
    -5.0000000000000   0.93247754288232
    -4.0000000000000   0.93244545590883
    -3.0000000000000   0.93242050143060
    -2.0000000000000   0.93240267790430
    -1.0000000000000   0.93239198422869
   0.   0.93238841974349
     1.0000000000000   0.93239198422869
     2.0000000000000   0.93240267790430
     3.0000000000000   0.93242050143060
     4.0000000000000   0.93244545590883
     5.0000000000000   0.93247754288232
     6.0000000000000   0.93251676433810
     7.0000000000000   0.93256312270902
     8.0000000000000   0.93261662087622
     9.0000000000000   0.93267726217225
    10.0000000000000   0.93274505038453
     11.000000000000   0.93281998975934
     12.000000000000   0.93290208500641
     13.000000000000   0.93299134130387
     14.000000000000   0.93308776430385
     15.000000000000   0.93319136013858
     16.000000000000   0.93330213542705
     17.000000000000   0.93342009728221
     18.000000000000   0.93354525331888
     19.000000000000   0.93367761166210
     20.000000000000   0.93381718095631
     21.000000000000   0.93396397037501
     22.000000000000   0.93411798963129
     23.000000000000   0.93427924898889
     24.000000000000   0.93444775927417
     25.000000000000   0.93462353188879
     26.000000000000   0.93480657882319
     27.000000000000   0.93499691267100
     28.000000000000   0.93519454664425
     29.000000000000   0.93539949458967
     30.000000000000   0.93561177100580
     31.000000000000   0.93583139106136
     32.000000000000   0.93605837061455
     33.000000000000   0.93629272623362
     34.000000000000   0.93653447521866
     35.000000000000   0.93678363562466
     36.000000000000   0.93704022628605
     37.000000000000   0.93730426684261
     38.000000000000   0.93757577776698
     39.000000000000   0.93785478039392
     40.000000000000   0.93814129695121
     41.000000000000   0.93843535059250
     42.000000000000   0.93873696543225
     43.000000000000   0.93904616658268
     44.000000000000   0.93936298019313
     45.000000000000   0.93968743349189
     46.000000000000   0.94001955483059
     47.000000000000   0.94035937373153
     48.000000000000   0.94070692093799
     49.000000000000   0.94106222846786
     50.000000000000   0.94142532967078
     51.000000000000   0.94179625928907
     52.000000000000   0.94217505352285
     53.000000000000   0.94256175009952
     54.000000000000   0.94295638834807
     55.000000000000   0.94335900927865
     56.000000000000   0.94376965566774
     57.000000000000   0.94418837214947
     58.000000000000   0.94461520531368
     59.000000000000   0.94505020381121
     60.000000000000   0.94549341846717
     61.000000000000   0.94594490240291
     62.000000000000   0.94640471116751
     63.000000000000   0.94687290287969
     64.000000000000   0.94734953838122
     65.000000000000   0.94783468140294
     66.000000000000   0.94832839874470
     67.000000000000   0.94883076047067
     68.000000000000   0.94934184012169
     69.000000000000   0.94986171494645
     70.000000000000   0.95039046615372
     71.000000000000   0.95092817918790
     72.000000000000   0.95147494403070
     73.000000000000   0.95203085553203
     74.000000000000   0.95259601377371
     75.000000000000   0.95317052447005
     76.000000000000   0.95375449941016
     77.000000000000   0.95434805694729
     78.000000000000   0.95495132254187
     79.000000000000   0.95556442936539
     80.000000000000   0.95618751897424
     81.000000000000   0.95682074206336
     82.000000000000   0.95746425931238
     83.000000000000   0.95811824233833
     84.000000000000   0.95878287477257
     85.000000000000   0.95945835348260
     86.000000000000   0.96014488996423
     87.000000000000   0.96084271193473
     88.000000000000   0.96155206516515
     89.000000000000   0.96227321559857
     90.000000000000   0.96300645181342
     91.000000000000   0.96375208790628
     92.000000000000   0.96451046688993
     93.000000000000   0.96528196473110
     94.000000000000   0.96606699519291
     95.000000000000   0.96686601570483
     96.000000000000   0.96767953456730
     97.000000000000   0.96850811992350
     98.000000000000   0.96935241111481
     99.000000000000   0.97021313330218
    100.000000000000   0.97109111659562
    101.000000000000   0.97198732136617
    102.000000000000   0.97290287180804
    103.000000000000   0.97383909988252
    104.000000000000   0.97479760093378
    105.000000000000   0.97578029957962
     106.00000000000   0.97678951870448
     107.00000000000   0.97782803434363
     108.00000000000   0.97889908464417
     109.00000000000   0.98000628372113
     110.00000000000   0.98115337624466
     111.00000000000   0.98234376494448
     112.00000000000   0.98357976215884
     113.00000000000   0.98486156749514
     114.00000000000   0.98618605775596
     115.00000000000   0.98754557912920
     116.00000000000   0.98892702512638
     117.00000000000   0.99031152571770
     118.00000000000   0.99167502587227
     119.00000000000   0.99298988025068
     120.00000000000   0.99422735781076
     121.00000000000   0.99536069715296
     122.00000000000   0.99636816351871
     123.00000000000   0.99723550434190
     124.00000000000   0.99795731287562
     125.00000000000   0.99853706068219
     126.00000000000   0.99898587138674
     127.00000000000   0.99932038204249
     128.00000000000   0.99956019545837
     129.00000000000   0.99972543468174
     130.00000000000   0.99983479063291
     131.00000000000   0.99990426417972
     132.00000000000   0.99994661281475
     133.00000000000   0.99997137152259
     134.00000000000   0.99998524982155
     135.00000000000   0.99999270634536
     136.00000000000   0.99999654534711
     137.00000000000   0.99999843893960
     138.00000000000   0.99999933359968
     139.00000000000   0.99999973841822
     140.00000000000   0.99999991381835
     141.00000000000   0.99999998658135
     142.00000000000    1.0000000154784
     143.00000000000    1.0000000264637
     144.00000000000    1.0000000304608
     145.00000000000    1.0000000318528
     146.00000000000    1.0000000323167
     147.00000000000    1.0000000324647
     148.00000000000    1.0000000325098
     149.00000000000    1.0000000325230
     150.00000000000    1.0000000325267
     151.00000000000    1.0000000325277
     152.00000000000    1.0000000325279
     153.00000000000    1.0000000325280
     154.00000000000    1.0000000325280
     155.00000000000    1.0000000325280
     156.00000000000    1.0000000325280
     157.00000000000    1.0000000325280
     158.00000000000    1.0000000325280
     159.00000000000    1.0000000325280
     160.00000000000    1.0000000325280
     161.00000000000    1.0000000325280
     162.00000000000    1.0000000325280
     163.00000000000    1.0000000325280
     164.00000000000    1.0000000325280
     165.00000000000    1.0000000325280
     166.00000000000    1.0000000325280
     167.00000000000    1.0000000325280
     168.00000000000    1.0000000325280
     169.00000000000    1.0000000325280
     170.00000000000    1.0000000325280
     171.00000000000    1.0000000325280
     172.00000000000    1.0000000325280
     173.00000000000    1.0000000325280
     174.00000000000    1.0000000325280
     175.00000000000    1.0000000325280
     176.00000000000    1.0000000325280
     177.00000000000    1.0000000325280
     178.00000000000    1.0000000325280
     179.00000000000    1.0000000325280
     180.00000000000    1.0000000325280
     181.00000000000    1.0000000325280
     182.00000000000    1.0000000325280
     183.00000000000    1.0000000325280
     184.00000000000    1.0000000325280
     185.00000000000    1.0000000325280
     186.00000000000    1.0000000325280
     187.00000000000    1.0000000325280
     188.00000000000    1.0000000325280
     189.00000000000    1.0000000325280
     190.00000000000    1.0000000325280
     191.00000000000    1.0000000325280
     192.00000000000    1.0000000325280
     193.00000000000    1.0000000325280
     194.00000000000    1.0000000325280
     195.00000000000    1.0000000325280
     196.00000000000    1.0000000325280
     197.00000000000    1.0000000325280
     198.00000000000    1.0000000325280
     199.00000000000    1.0000000325280
     200.00000000000    1.0000000325280
     201.00000000000    1.0000000325280
     202.00000000000    1.0000000325280
     203.00000000000    1.0000000325280
     204.00000000000    1.0000000325280
     205.00000000000    1.0000000325280
     206.00000000000    1.0000000325280
     207.00000000000    1.0000000325280
     208.00000000000    1.0000000325280
     209.00000000000    1.0000000325280
     210.00000000000    1.0000000325280
     211.00000000000    1.0000000325280
     212.00000000000    1.0000000325280
     213.00000000000    1.0000000325280
     214.00000000000    1.0000000325280
     215.00000000000    1.0000000325280
     216.00000000000    1.0000000325280
     217.00000000000    1.0000000325280
     218.00000000000    1.0000000325280
     219.00000000000    1.0000000325280
     220.00000000000    1.0000000325280
     221.00000000000    1.0000000325280
     222.00000000000    1.0000000325280
     223.00000000000    1.0000000325280
     224.00000000000    1.0000000325280
     225.00000000000    1.0000000325280
     226.00000000000    1.0000000325280
     227.00000000000    1.0000000325280
     228.00000000000    1.0000000325280
     229.00000000000    1.0000000325280
     230.00000000000    1.0000000325280
     231.00000000000    1.0000000325280
     232.00000000000    1.0000000325280
     233.00000000000    1.0000000325280
     234.00000000000    1.0000000325280
     235.00000000000    1.0000000325280
     236.00000000000    1.0000000325280
     237.00000000000    1.0000000325280
     238.00000000000    1.0000000325280
     239.00000000000    1.0000000325280
     240.00000000000    1.0000000325280
     241.00000000000    1.0000000325280
     242.00000000000    1.0000000325280
     243.00000000000    1.0000000325280
     244.00000000000    1.0000000325280
     245.00000000000    1.0000000325280
     246.00000000000    1.0000000325280
     247.00000000000    1.0000000325280
     248.00000000000    1.0000000325280
     249.00000000000    1.0000000325280
     250.00000000000    1.0000000325280
     251.00000000000    1.0000000325280
     252.00000000000    1.0000000325280
     253.00000000000    1.0000000325280
     254.00000000000    1.0000000325280
     255.00000000000    1.0000000325280
     256.00000000000    1.0000000325280
     257.00000000000    1.0000000325280
     258.00000000000    1.0000000325280
     259.00000000000    1.0000000325280
     260.00000000000    1.0000000325280
     261.00000000000    1.0000000325280
     262.00000000000    1.0000000325280
     263.00000000000    1.0000000325280
     264.00000000000    1.0000000325280
     265.00000000000    1.0000000325280
     266.00000000000    1.0000000325280
     267.00000000000    1.0000000325280
     268.00000000000    1.0000000325280
     269.00000000000    1.0000000325280
     270.00000000000    1.0000000325280
     271.00000000000    1.0000000325280
     272.00000000000    1.0000000325280
     273.00000000000    1.0000000325280
     274.00000000000    1.0000000325280
     275.00000000000    1.0000000325280
     276.00000000000    1.0000000325280
     277.00000000000    1.0000000325280
     278.00000000000    1.0000000325280
     279.00000000000    1.0000000325280
     280.00000000000    1.0000000325280
     281.00000000000    1.0000000325280
     282.00000000000    1.0000000325280
     283.00000000000    1.0000000325280
     284.00000000000    1.0000000325280
     285.00000000000    1.0000000325280
     286.00000000000    1.0000000325280
     287.00000000000    1.0000000325280
     288.00000000000    1.0000000325280
     289.00000000000    1.0000000325280
     290.00000000000    1.0000000325280
     291.00000000000    1.0000000325280
     292.00000000000    1.0000000325280
     293.00000000000    1.0000000325280
     294.00000000000    1.0000000325280
     295.00000000000    1.0000000325280
     296.00000000000    1.0000000325280
     297.00000000000    1.0000000325280
     298.00000000000    1.0000000325280
     299.00000000000    1.0000000325280
     300.00000000000    1.0000000325280
     301.00000000000    1.0000000325280
     302.00000000000    1.0000000325280
     303.00000000000    1.0000000325280
     304.00000000000    1.0000000325280
     305.00000000000    1.0000000325280
     306.00000000000    1.0000000325280
     307.00000000000    1.0000000325280
     308.00000000000    1.0000000325280
     309.00000000000    1.0000000325280
     310.00000000000    1.0000000325280
     311.00000000000    1.0000000325280
     312.00000000000    1.0000000325280
     313.00000000000    1.0000000325280
     314.00000000000    1.0000000325280
     315.00000000000    1.0000000325280
     316.00000000000    1.0000000325280
     317.00000000000    1.0000000325280
     318.00000000000    1.0000000325280
     319.00000000000    1.0000000325280
     320.00000000000    1.0000000325280
     321.00000000000    1.0000000325280
     322.00000000000    1.0000000325280
     323.00000000000    1.0000000325280
     324.00000000000    1.0000000325280
     325.00000000000    1.0000000325280
     326.00000000000    1.0000000325280
     327.00000000000    1.0000000325280
     328.00000000000    1.0000000325280
     329.00000000000    1.0000000325280
     330.00000000000    1.0000000325280
     331.00000000000    1.0000000325280
     332.00000000000    1.0000000325280
     333.00000000000    1.0000000325280
     334.00000000000    1.0000000325280
     335.00000000000    1.0000000325280
     336.00000000000    1.0000000325280
     337.00000000000    1.0000000325280
     338.00000000000    1.0000000325280
     339.00000000000    1.0000000325280
     340.00000000000    1.0000000325280
     341.00000000000    1.0000000325280
     342.00000000000    1.0000000325280
     343.00000000000    1.0000000325280
     344.00000000000    1.0000000325280
     345.00000000000    1.0000000325280
     346.00000000000    1.0000000325280
     347.00000000000    1.0000000325280
     348.00000000000    1.0000000325280
     349.00000000000    1.0000000325280
     350.00000000000    1.0000000325280
     351.00000000000    1.0000000325280
     352.00000000000    1.0000000325280
     353.00000000000    1.0000000325280
     354.00000000000    1.0000000325280
     355.00000000000    1.0000000325280
     356.00000000000    1.0000000325280
     357.00000000000    1.0000000325280
     358.00000000000    1.0000000325280
     359.00000000000    1.0000000325280
     360.00000000000    1.0000000325280
     361.00000000000    1.0000000325280
     362.00000000000    1.0000000325280
     363.00000000000    1.0000000325280
     364.00000000000    1.0000000325280
     365.00000000000    1.0000000325280
     366.00000000000    1.0000000325280
     367.00000000000    1.0000000325280
     368.00000000000    1.0000000325280
     369.00000000000    1.0000000325280
     370.00000000000    1.0000000325280
     371.00000000000    1.0000000325280
     372.00000000000    1.0000000325280
     373.00000000000    1.0000000325280
     374.00000000000    1.0000000325280
     375.00000000000    1.0000000325280
     376.00000000000    1.0000000325280
     377.00000000000    1.0000000325280
     378.00000000000    1.0000000325280
     379.00000000000    1.0000000325280
     380.00000000000    1.0000000325280
     381.00000000000    1.0000000325280
     382.00000000000    1.0000000325280
     383.00000000000    1.0000000325280
     384.00000000000    1.0000000325280
     385.00000000000    1.0000000325280
     386.00000000000    1.0000000325280
     387.00000000000    1.0000000325280
     388.00000000000    1.0000000325280
     389.00000000000    1.0000000325280
     390.00000000000    1.0000000325280
     391.00000000000    1.0000000325280
     392.00000000000    1.0000000325280
     393.00000000000    1.0000000325280
     394.00000000000    1.0000000325280
     395.00000000000    1.0000000325280
     396.00000000000    1.0000000325280
     397.00000000000    1.0000000325280
     398.00000000000    1.0000000325280
     399.00000000000    1.0000000325280
     400.00000000000    1.0000000325280
     401.00000000000    1.0000000325280
     402.00000000000    1.0000000325280
     403.00000000000    1.0000000325280
     404.00000000000    1.0000000325280
     405.00000000000    1.0000000325280
     406.00000000000    1.0000000325280
     407.00000000000    1.0000000325280
     408.00000000000    1.0000000325280
     409.00000000000    1.0000000325280
     410.00000000000    1.0000000325280
     411.00000000000    1.0000000325280
     412.00000000000    1.0000000325280
     413.00000000000    1.0000000325280
     414.00000000000    1.0000000325280
     415.00000000000    1.0000000325280
     416.00000000000    1.0000000325280
     417.00000000000    1.0000000325280
     418.00000000000    1.0000000325280
     419.00000000000    1.0000000325280
     420.00000000000    1.0000000325280
     421.00000000000    1.0000000325280
     422.00000000000    1.0000000325280
     423.00000000000    1.0000000325280
     424.00000000000    1.0000000325280
     425.00000000000    1.0000000325280
     426.00000000000    1.0000000325280
     427.00000000000    1.0000000325280
     428.00000000000    1.0000000325280
     429.00000000000    1.0000000325280
     430.00000000000    1.0000000325280
     431.00000000000    1.0000000325280
     432.00000000000    1.0000000325280
     433.00000000000    1.0000000325280
     434.00000000000    1.0000000325280
     435.00000000000    1.0000000325280
     436.00000000000    1.0000000325280
     437.00000000000    1.0000000325280
     438.00000000000    1.0000000325280
     439.00000000000    1.0000000325280
     440.00000000000    1.0000000325280
     441.00000000000    1.0000000325280
     442.00000000000    1.0000000325280
     443.00000000000    1.0000000325280
     444.00000000000    1.0000000325280
     445.00000000000    1.0000000325280
     446.00000000000    1.0000000325280
     447.00000000000    1.0000000325280
     448.00000000000    1.0000000325280
     449.00000000000    1.0000000325280
     450.00000000000    1.0000000325280
     451.00000000000    1.0000000325280
     452.00000000000    1.0000000325280
     453.00000000000    1.0000000325280
     454.00000000000    1.0000000325280
     455.00000000000    1.0000000325280
     456.00000000000    1.0000000325280
     457.00000000000    1.0000000325280
     458.00000000000    1.0000000325280
     459.00000000000    1.0000000325280
     460.00000000000    1.0000000325280
     461.00000000000    1.0000000325280
     462.00000000000    1.0000000325280
     463.00000000000    1.0000000325280
     464.00000000000    1.0000000325280
     465.00000000000    1.0000000325280
     466.00000000000    1.0000000325280
     467.00000000000    1.0000000325280
     468.00000000000    1.0000000325280
     469.00000000000    1.0000000325280
     470.00000000000    1.0000000325280
     471.00000000000    1.0000000325280
     472.00000000000    1.0000000325280
     473.00000000000    1.0000000325280
     474.00000000000    1.0000000325280
     475.00000000000    1.0000000325280
     476.00000000000    1.0000000325280
     477.00000000000    1.0000000325280
     478.00000000000    1.0000000325280
     479.00000000000    1.0000000325280
     480.00000000000    1.0000000325280
     481.00000000000    1.0000000325280
     482.00000000000    1.0000000325280
     483.00000000000    1.0000000325280
     484.00000000000    1.0000000325280
     485.00000000000    1.0000000325280
     486.00000000000    1.0000000325280
     487.00000000000    1.0000000325280
     488.00000000000    1.0000000325280
     489.00000000000    1.0000000325280
     490.00000000000    1.0000000325280
     491.00000000000    1.0000000325280
     492.00000000000    1.0000000325280
     493.00000000000    1.0000000325280
     494.00000000000    1.0000000325280
     495.00000000000    1.0000000325280
     496.00000000000    1.0000000325280
     497.00000000000    1.0000000325280
     498.00000000000    1.0000000325280
     499.00000000000    1.0000000325280
     500.00000000000    1.0000000325280
