    -500.00000000000    1.0000000325280
    -499.00000000000    1.0000000325280
    -498.00000000000    1.0000000325280
    -497.00000000000    1.0000000325280
    -496.00000000000    1.0000000325280
    -495.00000000000    1.0000000325280
    -494.00000000000    1.0000000325280
    -493.00000000000    1.0000000325280
    -492.00000000000    1.0000000325280
    -491.00000000000    1.0000000325280
    -490.00000000000    1.0000000325280
    -489.00000000000    1.0000000325280
    -488.00000000000    1.0000000325280
    -487.00000000000    1.0000000325280
    -486.00000000000    1.0000000325280
    -485.00000000000    1.0000000325280
    -484.00000000000    1.0000000325280
    -483.00000000000    1.0000000325280
    -482.00000000000    1.0000000325280
    -481.00000000000    1.0000000325280
    -480.00000000000    1.0000000325280
    -479.00000000000    1.0000000325280
    -478.00000000000    1.0000000325280
    -477.00000000000    1.0000000325280
    -476.00000000000    1.0000000325280
    -475.00000000000    1.0000000325280
    -474.00000000000    1.0000000325280
    -473.00000000000    1.0000000325280
    -472.00000000000    1.0000000325280
    -471.00000000000    1.0000000325280
    -470.00000000000    1.0000000325280
    -469.00000000000    1.0000000325280
    -468.00000000000    1.0000000325280
    -467.00000000000    1.0000000325280
    -466.00000000000    1.0000000325280
    -465.00000000000    1.0000000325280
    -464.00000000000    1.0000000325280
    -463.00000000000    1.0000000325280
    -462.00000000000    1.0000000325280
    -461.00000000000    1.0000000325280
    -460.00000000000    1.0000000325280
    -459.00000000000    1.0000000325280
    -458.00000000000    1.0000000325280
    -457.00000000000    1.0000000325280
    -456.00000000000    1.0000000325280
    -455.00000000000    1.0000000325280
    -454.00000000000    1.0000000325280
    -453.00000000000    1.0000000325280
    -452.00000000000    1.0000000325280
    -451.00000000000    1.0000000325280
    -450.00000000000    1.0000000325280
    -449.00000000000    1.0000000325280
    -448.00000000000    1.0000000325280
    -447.00000000000    1.0000000325280
    -446.00000000000    1.0000000325280
    -445.00000000000    1.0000000325280
    -444.00000000000    1.0000000325280
    -443.00000000000    1.0000000325280
    -442.00000000000    1.0000000325280
    -441.00000000000    1.0000000325280
    -440.00000000000    1.0000000325280
    -439.00000000000    1.0000000325280
    -438.00000000000    1.0000000325280
    -437.00000000000    1.0000000325280
    -436.00000000000    1.0000000325280
    -435.00000000000    1.0000000325280
    -434.00000000000    1.0000000325280
    -433.00000000000    1.0000000325280
    -432.00000000000    1.0000000325280
    -431.00000000000    1.0000000325280
    -430.00000000000    1.0000000325280
    -429.00000000000    1.0000000325280
    -428.00000000000    1.0000000325280
    -427.00000000000    1.0000000325280
    -426.00000000000    1.0000000325280
    -425.00000000000    1.0000000325280
    -424.00000000000    1.0000000325280
    -423.00000000000    1.0000000325280
    -422.00000000000    1.0000000325280
    -421.00000000000    1.0000000325280
    -420.00000000000    1.0000000325280
    -419.00000000000    1.0000000325280
    -418.00000000000    1.0000000325280
    -417.00000000000    1.0000000325280
    -416.00000000000    1.0000000325280
    -415.00000000000    1.0000000325280
    -414.00000000000    1.0000000325280
    -413.00000000000    1.0000000325280
    -412.00000000000    1.0000000325280
    -411.00000000000    1.0000000325280
    -410.00000000000    1.0000000325280
    -409.00000000000    1.0000000325280
    -408.00000000000    1.0000000325280
    -407.00000000000    1.0000000325280
    -406.00000000000    1.0000000325280
    -405.00000000000    1.0000000325280
    -404.00000000000    1.0000000325280
    -403.00000000000    1.0000000325280
    -402.00000000000    1.0000000325280
    -401.00000000000    1.0000000325280
    -400.00000000000    1.0000000325280
    -399.00000000000    1.0000000325280
    -398.00000000000    1.0000000325280
    -397.00000000000    1.0000000325280
    -396.00000000000    1.0000000325280
    -395.00000000000    1.0000000325280
    -394.00000000000    1.0000000325280
    -393.00000000000    1.0000000325280
    -392.00000000000    1.0000000325280
    -391.00000000000    1.0000000325280
    -390.00000000000    1.0000000325280
    -389.00000000000    1.0000000325280
    -388.00000000000    1.0000000325280
    -387.00000000000    1.0000000325280
    -386.00000000000    1.0000000325280
    -385.00000000000    1.0000000325280
    -384.00000000000    1.0000000325280
    -383.00000000000    1.0000000325280
    -382.00000000000    1.0000000325280
    -381.00000000000    1.0000000325280
    -380.00000000000    1.0000000325280
    -379.00000000000    1.0000000325280
    -378.00000000000    1.0000000325280
    -377.00000000000    1.0000000325280
    -376.00000000000    1.0000000325280
    -375.00000000000    1.0000000325280
    -374.00000000000    1.0000000325280
    -373.00000000000    1.0000000325280
    -372.00000000000    1.0000000325280
    -371.00000000000    1.0000000325280
    -370.00000000000    1.0000000325280
    -369.00000000000    1.0000000325280
    -368.00000000000    1.0000000325280
    -367.00000000000    1.0000000325280
    -366.00000000000    1.0000000325280
    -365.00000000000    1.0000000325280
    -364.00000000000    1.0000000325280
    -363.00000000000    1.0000000325280
    -362.00000000000    1.0000000325280
    -361.00000000000    1.0000000325280
    -360.00000000000    1.0000000325280
    -359.00000000000    1.0000000325280
    -358.00000000000    1.0000000325280
    -357.00000000000    1.0000000325280
    -356.00000000000    1.0000000325280
    -355.00000000000    1.0000000325280
    -354.00000000000    1.0000000325280
    -353.00000000000    1.0000000325280
    -352.00000000000    1.0000000325280
    -351.00000000000    1.0000000325280
    -350.00000000000    1.0000000325280
    -349.00000000000    1.0000000325280
    -348.00000000000    1.0000000325280
    -347.00000000000    1.0000000325280
    -346.00000000000    1.0000000325280
    -345.00000000000    1.0000000325280
    -344.00000000000    1.0000000325280
    -343.00000000000    1.0000000325280
    -342.00000000000    1.0000000325280
    -341.00000000000    1.0000000325280
    -340.00000000000    1.0000000325280
    -339.00000000000    1.0000000325280
    -338.00000000000    1.0000000325280
    -337.00000000000    1.0000000325280
    -336.00000000000    1.0000000325280
    -335.00000000000    1.0000000325280
    -334.00000000000    1.0000000325280
    -333.00000000000    1.0000000325280
    -332.00000000000    1.0000000325280
    -331.00000000000    1.0000000325280
    -330.00000000000    1.0000000325280
    -329.00000000000    1.0000000325280
    -328.00000000000    1.0000000325280
    -327.00000000000    1.0000000325280
    -326.00000000000    1.0000000325280
    -325.00000000000    1.0000000325280
    -324.00000000000    1.0000000325280
    -323.00000000000    1.0000000325280
    -322.00000000000    1.0000000325280
    -321.00000000000    1.0000000325280
    -320.00000000000    1.0000000325280
    -319.00000000000    1.0000000325280
    -318.00000000000    1.0000000325280
    -317.00000000000    1.0000000325280
    -316.00000000000    1.0000000325280
    -315.00000000000    1.0000000325280
    -314.00000000000    1.0000000325280
    -313.00000000000    1.0000000325280
    -312.00000000000    1.0000000325280
    -311.00000000000    1.0000000325280
    -310.00000000000    1.0000000325280
    -309.00000000000    1.0000000325280
    -308.00000000000    1.0000000325280
    -307.00000000000    1.0000000325280
    -306.00000000000    1.0000000325280
    -305.00000000000    1.0000000325280
    -304.00000000000    1.0000000325280
    -303.00000000000    1.0000000325280
    -302.00000000000    1.0000000325280
    -301.00000000000    1.0000000325280
    -300.00000000000    1.0000000325280
    -299.00000000000    1.0000000325280
    -298.00000000000    1.0000000325280
    -297.00000000000    1.0000000325280
    -296.00000000000    1.0000000325280
    -295.00000000000    1.0000000325280
    -294.00000000000    1.0000000325280
    -293.00000000000    1.0000000325280
    -292.00000000000    1.0000000325280
    -291.00000000000    1.0000000325280
    -290.00000000000    1.0000000325280
    -289.00000000000    1.0000000325280
    -288.00000000000    1.0000000325280
    -287.00000000000    1.0000000325280
    -286.00000000000    1.0000000325280
    -285.00000000000    1.0000000325280
    -284.00000000000    1.0000000325280
    -283.00000000000    1.0000000325280
    -282.00000000000    1.0000000325280
    -281.00000000000    1.0000000325280
    -280.00000000000    1.0000000325280
    -279.00000000000    1.0000000325280
    -278.00000000000    1.0000000325280
    -277.00000000000    1.0000000325280
    -276.00000000000    1.0000000325280
    -275.00000000000    1.0000000325280
    -274.00000000000    1.0000000325280
    -273.00000000000    1.0000000325280
    -272.00000000000    1.0000000325280
    -271.00000000000    1.0000000325280
    -270.00000000000    1.0000000325280
    -269.00000000000    1.0000000325280
    -268.00000000000    1.0000000325280
    -267.00000000000    1.0000000325280
    -266.00000000000    1.0000000325280
    -265.00000000000    1.0000000325280
    -264.00000000000    1.0000000325280
    -263.00000000000    1.0000000325280
    -262.00000000000    1.0000000325280
    -261.00000000000    1.0000000325280
    -260.00000000000    1.0000000325280
    -259.00000000000    1.0000000325280
    -258.00000000000    1.0000000325280
    -257.00000000000    1.0000000325280
    -256.00000000000    1.0000000325280
    -255.00000000000    1.0000000325280
    -254.00000000000    1.0000000325280
    -253.00000000000    1.0000000325280
    -252.00000000000    1.0000000325280
    -251.00000000000    1.0000000325280
    -250.00000000000    1.0000000325280
    -249.00000000000    1.0000000325280
    -248.00000000000    1.0000000325280
    -247.00000000000    1.0000000325280
    -246.00000000000    1.0000000325280
    -245.00000000000    1.0000000325280
    -244.00000000000    1.0000000325280
    -243.00000000000    1.0000000325280
    -242.00000000000    1.0000000325280
    -241.00000000000    1.0000000325280
    -240.00000000000    1.0000000325280
    -239.00000000000    1.0000000325280
    -238.00000000000    1.0000000325280
    -237.00000000000    1.0000000325280
    -236.00000000000    1.0000000325280
    -235.00000000000    1.0000000325280
    -234.00000000000    1.0000000325280
    -233.00000000000    1.0000000325280
    -232.00000000000    1.0000000325280
    -231.00000000000    1.0000000325280
    -230.00000000000    1.0000000325280
    -229.00000000000    1.0000000325280
    -228.00000000000    1.0000000325280
    -227.00000000000    1.0000000325280
    -226.00000000000    1.0000000325280
    -225.00000000000    1.0000000325280
    -224.00000000000    1.0000000325280
    -223.00000000000    1.0000000325280
    -222.00000000000    1.0000000325280
    -221.00000000000    1.0000000325280
    -220.00000000000    1.0000000325280
    -219.00000000000    1.0000000325280
    -218.00000000000    1.0000000325280
    -217.00000000000    1.0000000325280
    -216.00000000000    1.0000000325280
    -215.00000000000    1.0000000325280
    -214.00000000000    1.0000000325280
    -213.00000000000    1.0000000325280
    -212.00000000000    1.0000000325280
    -211.00000000000    1.0000000325280
    -210.00000000000    1.0000000325280
    -209.00000000000    1.0000000325280
    -208.00000000000    1.0000000325279
    -207.00000000000    1.0000000325278
    -206.00000000000    1.0000000325273
    -205.00000000000    1.0000000325252
    -204.00000000000    1.0000000325179
    -203.00000000000    1.0000000324930
    -202.00000000000    1.0000000324112
    -201.00000000000    1.0000000321550
    -200.00000000000    1.0000000313864
    -199.00000000000    1.0000000291800
    -198.00000000000    1.0000000231189
    -197.00000000000    1.0000000071815
    -196.00000000000   0.99999996706882
    -195.00000000000   0.99999987041930
    -194.00000000000   0.99999964746423
    -193.00000000000   0.99999915498262
    -192.00000000000   0.99999811319267
    -191.00000000000   0.99999600233447
    -190.00000000000   0.99999190493505
    -189.00000000000   0.99998428376329
    -188.00000000000   0.99997069725544
    -187.00000000000   0.99994747563889
    -186.00000000000   0.99990941094589
    -185.00000000000   0.99984954643865
    -184.00000000000   0.99975917400294
    -183.00000000000   0.99962814690795
    -182.00000000000   0.99944557733857
    -181.00000000000   0.99920091032217
    -180.00000000000   0.99888526078411
    -179.00000000000   0.99849279728524
    -178.00000000000   0.99802189190566
    -177.00000000000   0.99747576248856
    -176.00000000000   0.99686242193078
    -175.00000000000   0.99619390090311
    -174.00000000000   0.99548488119282
    -173.00000000000   0.99475101289470
    -172.00000000000   0.99400724745735
    -171.00000000000   0.99326648567155
    -170.00000000000   0.99253873292497
    -169.00000000000   0.99183081412237
    -168.00000000000   0.99114657326926
    -167.00000000000   0.99048740126424
    -166.00000000000   0.98985291171473
    -165.00000000000   0.98924160964481
    -164.00000000000   0.98865145064392
    -163.00000000000   0.98808024556499
    -162.00000000000   0.98752591190946
    -161.00000000000   0.98698660045586
    -160.00000000000   0.98646073541210
    -159.00000000000   0.98594700376986
    -158.00000000000   0.98544432089415
    -157.00000000000   0.98495178961481
    -156.00000000000   0.98446866198653
    -155.00000000000   0.98399430738079
    -154.00000000000   0.98352818745349
    -153.00000000000   0.98306983711669
    -152.00000000000   0.98261885023366
    -151.00000000000   0.98217486883135
    -150.00000000000   0.98173757486706
    -149.00000000000   0.98130668384011
    -148.00000000000   0.98088193974808
    -147.00000000000   0.98046311103824
    -146.00000000000   0.98004998731043
    -145.00000000000   0.97964237659787
    -144.00000000000   0.97924010310053
    -143.00000000000   0.97884300527812
    -142.00000000000   0.97845093423272
    -141.00000000000   0.97806375232702
    -140.00000000000   0.97768133199649
    -139.00000000000   0.97730355472207
    -138.00000000000   0.97693031013718
    -137.00000000000   0.97656149524755
    -136.00000000000   0.97619701374661
    -135.00000000000   0.97583677541228
    -134.00000000000   0.97548069557330
    -133.00000000000   0.97512869463547
    -132.00000000000   0.97478069765960
    -131.00000000000   0.97443663398437
    -130.00000000000   0.97409643688819
    -129.00000000000   0.97376004328536
    -128.00000000000   0.97342739345218
    -127.00000000000   0.97309843077940
    -126.00000000000   0.97277310154808
    -125.00000000000   0.97245135472611
    -124.00000000000   0.97213314178298
    -123.00000000000   0.97181841652103
    -122.00000000000   0.97150713492120
    -121.00000000000   0.97119925500192
    -120.00000000000   0.97089473668965
    -119.00000000000   0.97059354170004
    -118.00000000000   0.97029563342856
    -117.00000000000   0.97000097684974
    -116.00000000000   0.96970953842412
    -115.00000000000   0.96942128601230
    -114.00000000000   0.96913618879540
    -113.00000000000   0.96885421720127
    -112.00000000000   0.96857534283605
    -111.00000000000   0.96829953842059
    -110.00000000000   0.96802677773124
    -109.00000000000   0.96775703554477
    -108.00000000000   0.96749028758693
    -107.00000000000   0.96722651048446
    -106.00000000000   0.96696568172028
   -105.000000000000   0.96670777959149
   -104.000000000000   0.96645278317007
   -103.000000000000   0.96620067226608
   -102.000000000000   0.96595142739307
   -101.000000000000   0.96570502973565
   -100.000000000000   0.96546146111896
    -99.000000000000   0.96522070397995
    -98.000000000000   0.96498274134043
    -97.000000000000   0.96474755678152
    -96.000000000000   0.96451513441969
    -95.000000000000   0.96428545888409
    -94.000000000000   0.96405851529515
    -93.000000000000   0.96383428924431
    -92.000000000000   0.96361276677497
    -91.000000000000   0.96339393436429
    -90.000000000000   0.96317777890612
    -89.000000000000   0.96296428769471
    -88.000000000000   0.96275344840929
    -87.000000000000   0.96254524909951
    -86.000000000000   0.96233967817147
    -85.000000000000   0.96213672437462
    -84.000000000000   0.96193637678919
    -83.000000000000   0.96173862481425
    -82.000000000000   0.96154345815643
    -81.000000000000   0.96135086681907
    -80.000000000000   0.96116084109199
    -79.000000000000   0.96097337154163
    -78.000000000000   0.96078844900180
    -77.000000000000   0.96060606456468
    -76.000000000000   0.96042620957240
    -75.000000000000   0.96024887560887
    -74.000000000000   0.96007405449208
    -73.000000000000   0.95990173826664
    -72.000000000000   0.95973191919679
    -71.000000000000   0.95956458975955
    -70.000000000000   0.95939974263830
    -69.000000000000   0.95923737071658
    -68.000000000000   0.95907746707218
    -67.000000000000   0.95892002497144
    -66.000000000000   0.95876503786383
    -65.000000000000   0.95861249937676
    -64.000000000000   0.95846240331058
    -63.000000000000   0.95831474363379
    -62.000000000000   0.95816951447847
    -61.000000000000   0.95802671013590
    -60.000000000000   0.95788632505230
    -59.000000000000   0.95774835382482
    -58.000000000000   0.95761279119763
    -57.000000000000   0.95747963205823
    -56.000000000000   0.95734887143383
    -55.000000000000   0.95722050448793
    -54.000000000000   0.95709452651703
    -53.000000000000   0.95697093294743
    -52.000000000000   0.95684971933221
    -51.000000000000   0.95673088134830
    -50.000000000000   0.95661441479366
    -49.000000000000   0.95650031558458
    -48.000000000000   0.95638857975306
    -47.000000000000   0.95627920344439
    -46.000000000000   0.95617218291463
    -45.000000000000   0.95606751452843
    -44.000000000000   0.95596519475672
    -43.000000000000   0.95586522017462
    -42.000000000000   0.95576758745940
    -41.000000000000   0.95567229338850
    -40.000000000000   0.95557933483763
    -39.000000000000   0.95548870877898
    -38.000000000000   0.95540041227946
    -37.000000000000   0.95531444249902
    -36.000000000000   0.95523079668906
    -35.000000000000   0.95514947219088
    -34.000000000000   0.95507046643418
    -33.000000000000   0.95499377693568
    -32.000000000000   0.95491940129772
    -31.000000000000   0.95484733720696
    -30.000000000000   0.95477758243317
    -29.000000000000   0.95471013482796
    -28.000000000000   0.95464499232371
    -27.000000000000   0.95458215293242
    -26.000000000000   0.95452161474469
    -25.000000000000   0.95446337592872
    -24.000000000000   0.95440743472935
    -23.000000000000   0.95435378946713
    -22.000000000000   0.95430243853752
    -21.000000000000   0.95425338040999
    -20.000000000000   0.95420661362730
    -19.000000000000   0.95416213680474
    -18.000000000000   0.95411994862942
    -17.000000000000   0.95408004785962
    -16.000000000000   0.95404243332419
    -15.000000000000   0.95400710392191
    -14.000000000000   0.95397405862102
    -13.000000000000   0.95394329645864
    -12.000000000000   0.95391481654032
    -11.000000000000   0.95388861803964
   -10.0000000000000   0.95386470019772
    -9.0000000000000   0.95384306232292
    -8.0000000000000   0.95382370379049
    -7.0000000000000   0.95380662404223
    -6.0000000000000   0.95379182258627
    -5.0000000000000   0.95377929899678
    -4.0000000000000   0.95376905291380
    -3.0000000000000   0.95376108404305
    -2.0000000000000   0.95375539215581
    -1.0000000000000   0.95375197708876
   0.   0.95375083874396
     1.0000000000000   0.95375197708876
     2.0000000000000   0.95375539215581
     3.0000000000000   0.95376108404305
     4.0000000000000   0.95376905291380
     5.0000000000000   0.95377929899678
     6.0000000000000   0.95379182258627
     7.0000000000000   0.95380662404223
     8.0000000000000   0.95382370379049
     9.0000000000000   0.95384306232292
    10.0000000000000   0.95386470019771
     11.000000000000   0.95388861803964
     12.000000000000   0.95391481654032
     13.000000000000   0.95394329645864
     14.000000000000   0.95397405862102
     15.000000000000   0.95400710392191
     16.000000000000   0.95404243332419
     17.000000000000   0.95408004785962
     18.000000000000   0.95411994862942
     19.000000000000   0.95416213680474
     20.000000000000   0.95420661362730
     21.000000000000   0.95425338040999
     22.000000000000   0.95430243853752
     23.000000000000   0.95435378946713
     24.000000000000   0.95440743472935
     25.000000000000   0.95446337592872
     26.000000000000   0.95452161474469
     27.000000000000   0.95458215293242
     28.000000000000   0.95464499232371
     29.000000000000   0.95471013482796
     30.000000000000   0.95477758243317
     31.000000000000   0.95484733720696
     32.000000000000   0.95491940129772
     33.000000000000   0.95499377693568
     34.000000000000   0.95507046643418
     35.000000000000   0.95514947219088
     36.000000000000   0.95523079668906
     37.000000000000   0.95531444249902
     38.000000000000   0.95540041227946
     39.000000000000   0.95548870877898
     40.000000000000   0.95557933483763
     41.000000000000   0.95567229338850
     42.000000000000   0.95576758745940
     43.000000000000   0.95586522017462
     44.000000000000   0.95596519475672
     45.000000000000   0.95606751452843
     46.000000000000   0.95617218291463
     47.000000000000   0.95627920344439
     48.000000000000   0.95638857975306
     49.000000000000   0.95650031558457
     50.000000000000   0.95661441479366
     51.000000000000   0.95673088134830
     52.000000000000   0.95684971933221
     53.000000000000   0.95697093294743
     54.000000000000   0.95709452651703
     55.000000000000   0.95722050448793
     56.000000000000   0.95734887143383
     57.000000000000   0.95747963205823
     58.000000000000   0.95761279119763
     59.000000000000   0.95774835382482
     60.000000000000   0.95788632505230
     61.000000000000   0.95802671013590
     62.000000000000   0.95816951447847
     63.000000000000   0.95831474363379
     64.000000000000   0.95846240331058
     65.000000000000   0.95861249937676
     66.000000000000   0.95876503786383
     67.000000000000   0.95892002497144
     68.000000000000   0.95907746707218
     69.000000000000   0.95923737071658
     70.000000000000   0.95939974263830
     71.000000000000   0.95956458975955
     72.000000000000   0.95973191919679
     73.000000000000   0.95990173826665
     74.000000000000   0.96007405449208
     75.000000000000   0.96024887560887
     76.000000000000   0.96042620957240
     77.000000000000   0.96060606456468
     78.000000000000   0.96078844900180
     79.000000000000   0.96097337154163
     80.000000000000   0.96116084109199
     81.000000000000   0.96135086681907
     82.000000000000   0.96154345815643
     83.000000000000   0.96173862481425
     84.000000000000   0.96193637678919
     85.000000000000   0.96213672437462
     86.000000000000   0.96233967817147
     87.000000000000   0.96254524909951
     88.000000000000   0.96275344840929
     89.000000000000   0.96296428769471
     90.000000000000   0.96317777890612
     91.000000000000   0.96339393436429
     92.000000000000   0.96361276677497
     93.000000000000   0.96383428924431
     94.000000000000   0.96405851529515
     95.000000000000   0.96428545888409
     96.000000000000   0.96451513441969
     97.000000000000   0.96474755678152
     98.000000000000   0.96498274134043
     99.000000000000   0.96522070397995
    100.000000000000   0.96546146111896
    101.000000000000   0.96570502973565
    102.000000000000   0.96595142739307
    103.000000000000   0.96620067226608
    104.000000000000   0.96645278317007
    105.000000000000   0.96670777959149
     106.00000000000   0.96696568172028
     107.00000000000   0.96722651048446
     108.00000000000   0.96749028758693
     109.00000000000   0.96775703554477
     110.00000000000   0.96802677773124
     111.00000000000   0.96829953842059
     112.00000000000   0.96857534283605
     113.00000000000   0.96885421720127
     114.00000000000   0.96913618879540
     115.00000000000   0.96942128601230
     116.00000000000   0.96970953842412
     117.00000000000   0.97000097684974
     118.00000000000   0.97029563342856
     119.00000000000   0.97059354170004
     120.00000000000   0.97089473668965
     121.00000000000   0.97119925500192
     122.00000000000   0.97150713492121
     123.00000000000   0.97181841652103
     124.00000000000   0.97213314178298
     125.00000000000   0.97245135472611
     126.00000000000   0.97277310154808
     127.00000000000   0.97309843077940
     128.00000000000   0.97342739345218
     129.00000000000   0.97376004328536
     130.00000000000   0.97409643688819
     131.00000000000   0.97443663398437
     132.00000000000   0.97478069765960
     133.00000000000   0.97512869463547
     134.00000000000   0.97548069557330
     135.00000000000   0.97583677541228
     136.00000000000   0.97619701374661
     137.00000000000   0.97656149524755
     138.00000000000   0.97693031013718
     139.00000000000   0.97730355472207
     140.00000000000   0.97768133199649
     141.00000000000   0.97806375232702
     142.00000000000   0.97845093423272
     143.00000000000   0.97884300527812
     144.00000000000   0.97924010310053
     145.00000000000   0.97964237659787
     146.00000000000   0.98004998731043
     147.00000000000   0.98046311103824
     148.00000000000   0.98088193974808
     149.00000000000   0.98130668384011
     150.00000000000   0.98173757486706
     151.00000000000   0.98217486883135
     152.00000000000   0.98261885023366
     153.00000000000   0.98306983711669
     154.00000000000   0.98352818745349
     155.00000000000   0.98399430738078
     156.00000000000   0.98446866198653
     157.00000000000   0.98495178961481
     158.00000000000   0.98544432089415
     159.00000000000   0.98594700376986
     160.00000000000   0.98646073541210
     161.00000000000   0.98698660045586
     162.00000000000   0.98752591190946
     163.00000000000   0.98808024556499
     164.00000000000   0.98865145064392
     165.00000000000   0.98924160964481
     166.00000000000   0.98985291171473
     167.00000000000   0.99048740126424
     168.00000000000   0.99114657326926
     169.00000000000   0.99183081412237
     170.00000000000   0.99253873292497
     171.00000000000   0.99326648567154
     172.00000000000   0.99400724745735
     173.00000000000   0.99475101289470
     174.00000000000   0.99548488119282
     175.00000000000   0.99619390090311
     176.00000000000   0.99686242193078
     177.00000000000   0.99747576248856
     178.00000000000   0.99802189190566
     179.00000000000   0.99849279728524
     180.00000000000   0.99888526078411
     181.00000000000   0.99920091032217
     182.00000000000   0.99944557733857
     183.00000000000   0.99962814690795
     184.00000000000   0.99975917400294
     185.00000000000   0.99984954643865
     186.00000000000   0.99990941094589
     187.00000000000   0.99994747563889
     188.00000000000   0.99997069725544
     189.00000000000   0.99998428376329
     190.00000000000   0.99999190493505
     191.00000000000   0.99999600233447
     192.00000000000   0.99999811319267
     193.00000000000   0.99999915498262
     194.00000000000   0.99999964746423
     195.00000000000   0.99999987041930
     196.00000000000   0.99999996706882
     197.00000000000    1.0000000071815
     198.00000000000    1.0000000231189
     199.00000000000    1.0000000291800
     200.00000000000    1.0000000313864
     201.00000000000    1.0000000321550
     202.00000000000    1.0000000324112
     203.00000000000    1.0000000324930
     204.00000000000    1.0000000325179
     205.00000000000    1.0000000325252
     206.00000000000    1.0000000325273
     207.00000000000    1.0000000325278
     208.00000000000    1.0000000325279
     209.00000000000    1.0000000325280
     210.00000000000    1.0000000325280
     211.00000000000    1.0000000325280
     212.00000000000    1.0000000325280
     213.00000000000    1.0000000325280
     214.00000000000    1.0000000325280
     215.00000000000    1.0000000325280
     216.00000000000    1.0000000325280
     217.00000000000    1.0000000325280
     218.00000000000    1.0000000325280
     219.00000000000    1.0000000325280
     220.00000000000    1.0000000325280
     221.00000000000    1.0000000325280
     222.00000000000    1.0000000325280
     223.00000000000    1.0000000325280
     224.00000000000    1.0000000325280
     225.00000000000    1.0000000325280
     226.00000000000    1.0000000325280
     227.00000000000    1.0000000325280
     228.00000000000    1.0000000325280
     229.00000000000    1.0000000325280
     230.00000000000    1.0000000325280
     231.00000000000    1.0000000325280
     232.00000000000    1.0000000325280
     233.00000000000    1.0000000325280
     234.00000000000    1.0000000325280
     235.00000000000    1.0000000325280
     236.00000000000    1.0000000325280
     237.00000000000    1.0000000325280
     238.00000000000    1.0000000325280
     239.00000000000    1.0000000325280
     240.00000000000    1.0000000325280
     241.00000000000    1.0000000325280
     242.00000000000    1.0000000325280
     243.00000000000    1.0000000325280
     244.00000000000    1.0000000325280
     245.00000000000    1.0000000325280
     246.00000000000    1.0000000325280
     247.00000000000    1.0000000325280
     248.00000000000    1.0000000325280
     249.00000000000    1.0000000325280
     250.00000000000    1.0000000325280
     251.00000000000    1.0000000325280
     252.00000000000    1.0000000325280
     253.00000000000    1.0000000325280
     254.00000000000    1.0000000325280
     255.00000000000    1.0000000325280
     256.00000000000    1.0000000325280
     257.00000000000    1.0000000325280
     258.00000000000    1.0000000325280
     259.00000000000    1.0000000325280
     260.00000000000    1.0000000325280
     261.00000000000    1.0000000325280
     262.00000000000    1.0000000325280
     263.00000000000    1.0000000325280
     264.00000000000    1.0000000325280
     265.00000000000    1.0000000325280
     266.00000000000    1.0000000325280
     267.00000000000    1.0000000325280
     268.00000000000    1.0000000325280
     269.00000000000    1.0000000325280
     270.00000000000    1.0000000325280
     271.00000000000    1.0000000325280
     272.00000000000    1.0000000325280
     273.00000000000    1.0000000325280
     274.00000000000    1.0000000325280
     275.00000000000    1.0000000325280
     276.00000000000    1.0000000325280
     277.00000000000    1.0000000325280
     278.00000000000    1.0000000325280
     279.00000000000    1.0000000325280
     280.00000000000    1.0000000325280
     281.00000000000    1.0000000325280
     282.00000000000    1.0000000325280
     283.00000000000    1.0000000325280
     284.00000000000    1.0000000325280
     285.00000000000    1.0000000325280
     286.00000000000    1.0000000325280
     287.00000000000    1.0000000325280
     288.00000000000    1.0000000325280
     289.00000000000    1.0000000325280
     290.00000000000    1.0000000325280
     291.00000000000    1.0000000325280
     292.00000000000    1.0000000325280
     293.00000000000    1.0000000325280
     294.00000000000    1.0000000325280
     295.00000000000    1.0000000325280
     296.00000000000    1.0000000325280
     297.00000000000    1.0000000325280
     298.00000000000    1.0000000325280
     299.00000000000    1.0000000325280
     300.00000000000    1.0000000325280
     301.00000000000    1.0000000325280
     302.00000000000    1.0000000325280
     303.00000000000    1.0000000325280
     304.00000000000    1.0000000325280
     305.00000000000    1.0000000325280
     306.00000000000    1.0000000325280
     307.00000000000    1.0000000325280
     308.00000000000    1.0000000325280
     309.00000000000    1.0000000325280
     310.00000000000    1.0000000325280
     311.00000000000    1.0000000325280
     312.00000000000    1.0000000325280
     313.00000000000    1.0000000325280
     314.00000000000    1.0000000325280
     315.00000000000    1.0000000325280
     316.00000000000    1.0000000325280
     317.00000000000    1.0000000325280
     318.00000000000    1.0000000325280
     319.00000000000    1.0000000325280
     320.00000000000    1.0000000325280
     321.00000000000    1.0000000325280
     322.00000000000    1.0000000325280
     323.00000000000    1.0000000325280
     324.00000000000    1.0000000325280
     325.00000000000    1.0000000325280
     326.00000000000    1.0000000325280
     327.00000000000    1.0000000325280
     328.00000000000    1.0000000325280
     329.00000000000    1.0000000325280
     330.00000000000    1.0000000325280
     331.00000000000    1.0000000325280
     332.00000000000    1.0000000325280
     333.00000000000    1.0000000325280
     334.00000000000    1.0000000325280
     335.00000000000    1.0000000325280
     336.00000000000    1.0000000325280
     337.00000000000    1.0000000325280
     338.00000000000    1.0000000325280
     339.00000000000    1.0000000325280
     340.00000000000    1.0000000325280
     341.00000000000    1.0000000325280
     342.00000000000    1.0000000325280
     343.00000000000    1.0000000325280
     344.00000000000    1.0000000325280
     345.00000000000    1.0000000325280
     346.00000000000    1.0000000325280
     347.00000000000    1.0000000325280
     348.00000000000    1.0000000325280
     349.00000000000    1.0000000325280
     350.00000000000    1.0000000325280
     351.00000000000    1.0000000325280
     352.00000000000    1.0000000325280
     353.00000000000    1.0000000325280
     354.00000000000    1.0000000325280
     355.00000000000    1.0000000325280
     356.00000000000    1.0000000325280
     357.00000000000    1.0000000325280
     358.00000000000    1.0000000325280
     359.00000000000    1.0000000325280
     360.00000000000    1.0000000325280
     361.00000000000    1.0000000325280
     362.00000000000    1.0000000325280
     363.00000000000    1.0000000325280
     364.00000000000    1.0000000325280
     365.00000000000    1.0000000325280
     366.00000000000    1.0000000325280
     367.00000000000    1.0000000325280
     368.00000000000    1.0000000325280
     369.00000000000    1.0000000325280
     370.00000000000    1.0000000325280
     371.00000000000    1.0000000325280
     372.00000000000    1.0000000325280
     373.00000000000    1.0000000325280
     374.00000000000    1.0000000325280
     375.00000000000    1.0000000325280
     376.00000000000    1.0000000325280
     377.00000000000    1.0000000325280
     378.00000000000    1.0000000325280
     379.00000000000    1.0000000325280
     380.00000000000    1.0000000325280
     381.00000000000    1.0000000325280
     382.00000000000    1.0000000325280
     383.00000000000    1.0000000325280
     384.00000000000    1.0000000325280
     385.00000000000    1.0000000325280
     386.00000000000    1.0000000325280
     387.00000000000    1.0000000325280
     388.00000000000    1.0000000325280
     389.00000000000    1.0000000325280
     390.00000000000    1.0000000325280
     391.00000000000    1.0000000325280
     392.00000000000    1.0000000325280
     393.00000000000    1.0000000325280
     394.00000000000    1.0000000325280
     395.00000000000    1.0000000325280
     396.00000000000    1.0000000325280
     397.00000000000    1.0000000325280
     398.00000000000    1.0000000325280
     399.00000000000    1.0000000325280
     400.00000000000    1.0000000325280
     401.00000000000    1.0000000325280
     402.00000000000    1.0000000325280
     403.00000000000    1.0000000325280
     404.00000000000    1.0000000325280
     405.00000000000    1.0000000325280
     406.00000000000    1.0000000325280
     407.00000000000    1.0000000325280
     408.00000000000    1.0000000325280
     409.00000000000    1.0000000325280
     410.00000000000    1.0000000325280
     411.00000000000    1.0000000325280
     412.00000000000    1.0000000325280
     413.00000000000    1.0000000325280
     414.00000000000    1.0000000325280
     415.00000000000    1.0000000325280
     416.00000000000    1.0000000325280
     417.00000000000    1.0000000325280
     418.00000000000    1.0000000325280
     419.00000000000    1.0000000325280
     420.00000000000    1.0000000325280
     421.00000000000    1.0000000325280
     422.00000000000    1.0000000325280
     423.00000000000    1.0000000325280
     424.00000000000    1.0000000325280
     425.00000000000    1.0000000325280
     426.00000000000    1.0000000325280
     427.00000000000    1.0000000325280
     428.00000000000    1.0000000325280
     429.00000000000    1.0000000325280
     430.00000000000    1.0000000325280
     431.00000000000    1.0000000325280
     432.00000000000    1.0000000325280
     433.00000000000    1.0000000325280
     434.00000000000    1.0000000325280
     435.00000000000    1.0000000325280
     436.00000000000    1.0000000325280
     437.00000000000    1.0000000325280
     438.00000000000    1.0000000325280
     439.00000000000    1.0000000325280
     440.00000000000    1.0000000325280
     441.00000000000    1.0000000325280
     442.00000000000    1.0000000325280
     443.00000000000    1.0000000325280
     444.00000000000    1.0000000325280
     445.00000000000    1.0000000325280
     446.00000000000    1.0000000325280
     447.00000000000    1.0000000325280
     448.00000000000    1.0000000325280
     449.00000000000    1.0000000325280
     450.00000000000    1.0000000325280
     451.00000000000    1.0000000325280
     452.00000000000    1.0000000325280
     453.00000000000    1.0000000325280
     454.00000000000    1.0000000325280
     455.00000000000    1.0000000325280
     456.00000000000    1.0000000325280
     457.00000000000    1.0000000325280
     458.00000000000    1.0000000325280
     459.00000000000    1.0000000325280
     460.00000000000    1.0000000325280
     461.00000000000    1.0000000325280
     462.00000000000    1.0000000325280
     463.00000000000    1.0000000325280
     464.00000000000    1.0000000325280
     465.00000000000    1.0000000325280
     466.00000000000    1.0000000325280
     467.00000000000    1.0000000325280
     468.00000000000    1.0000000325280
     469.00000000000    1.0000000325280
     470.00000000000    1.0000000325280
     471.00000000000    1.0000000325280
     472.00000000000    1.0000000325280
     473.00000000000    1.0000000325280
     474.00000000000    1.0000000325280
     475.00000000000    1.0000000325280
     476.00000000000    1.0000000325280
     477.00000000000    1.0000000325280
     478.00000000000    1.0000000325280
     479.00000000000    1.0000000325280
     480.00000000000    1.0000000325280
     481.00000000000    1.0000000325280
     482.00000000000    1.0000000325280
     483.00000000000    1.0000000325280
     484.00000000000    1.0000000325280
     485.00000000000    1.0000000325280
     486.00000000000    1.0000000325280
     487.00000000000    1.0000000325280
     488.00000000000    1.0000000325280
     489.00000000000    1.0000000325280
     490.00000000000    1.0000000325280
     491.00000000000    1.0000000325280
     492.00000000000    1.0000000325280
     493.00000000000    1.0000000325280
     494.00000000000    1.0000000325280
     495.00000000000    1.0000000325280
     496.00000000000    1.0000000325280
     497.00000000000    1.0000000325280
     498.00000000000    1.0000000325280
     499.00000000000    1.0000000325280
     500.00000000000    1.0000000325280
