    -500.00000000000    1.0000000325280
    -499.00000000000    1.0000000325280
    -498.00000000000    1.0000000325280
    -497.00000000000    1.0000000325280
    -496.00000000000    1.0000000325280
    -495.00000000000    1.0000000325280
    -494.00000000000    1.0000000325280
    -493.00000000000    1.0000000325280
    -492.00000000000    1.0000000325280
    -491.00000000000    1.0000000325280
    -490.00000000000    1.0000000325280
    -489.00000000000    1.0000000325280
    -488.00000000000    1.0000000325280
    -487.00000000000    1.0000000325280
    -486.00000000000    1.0000000325280
    -485.00000000000    1.0000000325280
    -484.00000000000    1.0000000325280
    -483.00000000000    1.0000000325280
    -482.00000000000    1.0000000325280
    -481.00000000000    1.0000000325280
    -480.00000000000    1.0000000325280
    -479.00000000000    1.0000000325280
    -478.00000000000    1.0000000325280
    -477.00000000000    1.0000000325280
    -476.00000000000    1.0000000325280
    -475.00000000000    1.0000000325280
    -474.00000000000    1.0000000325280
    -473.00000000000    1.0000000325280
    -472.00000000000    1.0000000325280
    -471.00000000000    1.0000000325280
    -470.00000000000    1.0000000325280
    -469.00000000000    1.0000000325280
    -468.00000000000    1.0000000325280
    -467.00000000000    1.0000000325280
    -466.00000000000    1.0000000325280
    -465.00000000000    1.0000000325280
    -464.00000000000    1.0000000325280
    -463.00000000000    1.0000000325280
    -462.00000000000    1.0000000325280
    -461.00000000000    1.0000000325280
    -460.00000000000    1.0000000325280
    -459.00000000000    1.0000000325280
    -458.00000000000    1.0000000325280
    -457.00000000000    1.0000000325280
    -456.00000000000    1.0000000325280
    -455.00000000000    1.0000000325280
    -454.00000000000    1.0000000325280
    -453.00000000000    1.0000000325280
    -452.00000000000    1.0000000325280
    -451.00000000000    1.0000000325280
    -450.00000000000    1.0000000325280
    -449.00000000000    1.0000000325280
    -448.00000000000    1.0000000325280
    -447.00000000000    1.0000000325280
    -446.00000000000    1.0000000325280
    -445.00000000000    1.0000000325280
    -444.00000000000    1.0000000325280
    -443.00000000000    1.0000000325280
    -442.00000000000    1.0000000325280
    -441.00000000000    1.0000000325280
    -440.00000000000    1.0000000325280
    -439.00000000000    1.0000000325280
    -438.00000000000    1.0000000325280
    -437.00000000000    1.0000000325280
    -436.00000000000    1.0000000325280
    -435.00000000000    1.0000000325280
    -434.00000000000    1.0000000325280
    -433.00000000000    1.0000000325280
    -432.00000000000    1.0000000325280
    -431.00000000000    1.0000000325280
    -430.00000000000    1.0000000325280
    -429.00000000000    1.0000000325280
    -428.00000000000    1.0000000325280
    -427.00000000000    1.0000000325280
    -426.00000000000    1.0000000325280
    -425.00000000000    1.0000000325280
    -424.00000000000    1.0000000325280
    -423.00000000000    1.0000000325280
    -422.00000000000    1.0000000325280
    -421.00000000000    1.0000000325280
    -420.00000000000    1.0000000325280
    -419.00000000000    1.0000000325280
    -418.00000000000    1.0000000325280
    -417.00000000000    1.0000000325280
    -416.00000000000    1.0000000325280
    -415.00000000000    1.0000000325280
    -414.00000000000    1.0000000325280
    -413.00000000000    1.0000000325280
    -412.00000000000    1.0000000325280
    -411.00000000000    1.0000000325280
    -410.00000000000    1.0000000325280
    -409.00000000000    1.0000000325280
    -408.00000000000    1.0000000325280
    -407.00000000000    1.0000000325280
    -406.00000000000    1.0000000325280
    -405.00000000000    1.0000000325280
    -404.00000000000    1.0000000325280
    -403.00000000000    1.0000000325280
    -402.00000000000    1.0000000325280
    -401.00000000000    1.0000000325280
    -400.00000000000    1.0000000325280
    -399.00000000000    1.0000000325280
    -398.00000000000    1.0000000325280
    -397.00000000000    1.0000000325280
    -396.00000000000    1.0000000325280
    -395.00000000000    1.0000000325280
    -394.00000000000    1.0000000325280
    -393.00000000000    1.0000000325280
    -392.00000000000    1.0000000325280
    -391.00000000000    1.0000000325280
    -390.00000000000    1.0000000325280
    -389.00000000000    1.0000000325280
    -388.00000000000    1.0000000325280
    -387.00000000000    1.0000000325280
    -386.00000000000    1.0000000325280
    -385.00000000000    1.0000000325280
    -384.00000000000    1.0000000325280
    -383.00000000000    1.0000000325280
    -382.00000000000    1.0000000325280
    -381.00000000000    1.0000000325280
    -380.00000000000    1.0000000325280
    -379.00000000000    1.0000000325280
    -378.00000000000    1.0000000325280
    -377.00000000000    1.0000000325280
    -376.00000000000    1.0000000325280
    -375.00000000000    1.0000000325280
    -374.00000000000    1.0000000325280
    -373.00000000000    1.0000000325280
    -372.00000000000    1.0000000325280
    -371.00000000000    1.0000000325280
    -370.00000000000    1.0000000325280
    -369.00000000000    1.0000000325280
    -368.00000000000    1.0000000325280
    -367.00000000000    1.0000000325280
    -366.00000000000    1.0000000325280
    -365.00000000000    1.0000000325280
    -364.00000000000    1.0000000325280
    -363.00000000000    1.0000000325280
    -362.00000000000    1.0000000325280
    -361.00000000000    1.0000000325280
    -360.00000000000    1.0000000325280
    -359.00000000000    1.0000000325280
    -358.00000000000    1.0000000325280
    -357.00000000000    1.0000000325280
    -356.00000000000    1.0000000325280
    -355.00000000000    1.0000000325280
    -354.00000000000    1.0000000325280
    -353.00000000000    1.0000000325280
    -352.00000000000    1.0000000325280
    -351.00000000000    1.0000000325280
    -350.00000000000    1.0000000325280
    -349.00000000000    1.0000000325280
    -348.00000000000    1.0000000325280
    -347.00000000000    1.0000000325280
    -346.00000000000    1.0000000325280
    -345.00000000000    1.0000000325280
    -344.00000000000    1.0000000325280
    -343.00000000000    1.0000000325280
    -342.00000000000    1.0000000325280
    -341.00000000000    1.0000000325280
    -340.00000000000    1.0000000325280
    -339.00000000000    1.0000000325280
    -338.00000000000    1.0000000325280
    -337.00000000000    1.0000000325280
    -336.00000000000    1.0000000325280
    -335.00000000000    1.0000000325280
    -334.00000000000    1.0000000325280
    -333.00000000000    1.0000000325280
    -332.00000000000    1.0000000325280
    -331.00000000000    1.0000000325280
    -330.00000000000    1.0000000325280
    -329.00000000000    1.0000000325280
    -328.00000000000    1.0000000325280
    -327.00000000000    1.0000000325280
    -326.00000000000    1.0000000325280
    -325.00000000000    1.0000000325280
    -324.00000000000    1.0000000325280
    -323.00000000000    1.0000000325280
    -322.00000000000    1.0000000325280
    -321.00000000000    1.0000000325280
    -320.00000000000    1.0000000325280
    -319.00000000000    1.0000000325280
    -318.00000000000    1.0000000325280
    -317.00000000000    1.0000000325280
    -316.00000000000    1.0000000325280
    -315.00000000000    1.0000000325280
    -314.00000000000    1.0000000325280
    -313.00000000000    1.0000000325280
    -312.00000000000    1.0000000325280
    -311.00000000000    1.0000000325280
    -310.00000000000    1.0000000325280
    -309.00000000000    1.0000000325280
    -308.00000000000    1.0000000325280
    -307.00000000000    1.0000000325280
    -306.00000000000    1.0000000325280
    -305.00000000000    1.0000000325280
    -304.00000000000    1.0000000325280
    -303.00000000000    1.0000000325280
    -302.00000000000    1.0000000325280
    -301.00000000000    1.0000000325280
    -300.00000000000    1.0000000325280
    -299.00000000000    1.0000000325280
    -298.00000000000    1.0000000325280
    -297.00000000000    1.0000000325280
    -296.00000000000    1.0000000325280
    -295.00000000000    1.0000000325280
    -294.00000000000    1.0000000325280
    -293.00000000000    1.0000000325280
    -292.00000000000    1.0000000325280
    -291.00000000000    1.0000000325280
    -290.00000000000    1.0000000325280
    -289.00000000000    1.0000000325280
    -288.00000000000    1.0000000325280
    -287.00000000000    1.0000000325280
    -286.00000000000    1.0000000325280
    -285.00000000000    1.0000000325280
    -284.00000000000    1.0000000325280
    -283.00000000000    1.0000000325280
    -282.00000000000    1.0000000325280
    -281.00000000000    1.0000000325280
    -280.00000000000    1.0000000325280
    -279.00000000000    1.0000000325280
    -278.00000000000    1.0000000325280
    -277.00000000000    1.0000000325280
    -276.00000000000    1.0000000325280
    -275.00000000000    1.0000000325280
    -274.00000000000    1.0000000325280
    -273.00000000000    1.0000000325280
    -272.00000000000    1.0000000325280
    -271.00000000000    1.0000000325280
    -270.00000000000    1.0000000325280
    -269.00000000000    1.0000000325280
    -268.00000000000    1.0000000325280
    -267.00000000000    1.0000000325280
    -266.00000000000    1.0000000325280
    -265.00000000000    1.0000000325280
    -264.00000000000    1.0000000325280
    -263.00000000000    1.0000000325280
    -262.00000000000    1.0000000325280
    -261.00000000000    1.0000000325280
    -260.00000000000    1.0000000325280
    -259.00000000000    1.0000000325280
    -258.00000000000    1.0000000325280
    -257.00000000000    1.0000000325280
    -256.00000000000    1.0000000325279
    -255.00000000000    1.0000000325275
    -254.00000000000    1.0000000325261
    -253.00000000000    1.0000000325211
    -252.00000000000    1.0000000325040
    -251.00000000000    1.0000000324481
    -250.00000000000    1.0000000322728
    -249.00000000000    1.0000000317470
    -248.00000000000    1.0000000302381
    -247.00000000000    1.0000000260940
    -246.00000000000    1.0000000151999
    -245.00000000000   0.99999998778790
    -244.00000000000   0.99999992175819
    -243.00000000000   0.99999976948249
    -242.00000000000   0.99999943322713
    -241.00000000000   0.99999872214936
    -240.00000000000   0.99999728187689
    -239.00000000000   0.99999448719374
    -238.00000000000   0.99998929113955
    -237.00000000000   0.99998003190226
    -236.00000000000   0.99996421353163
    -235.00000000000   0.99993829690032
    -234.00000000000   0.99989755925917
    -233.00000000000   0.99983609620140
    -232.00000000000   0.99974703872323
    -231.00000000000   0.99962303180567
    -230.00000000000   0.99945696765534
    -229.00000000000   0.99924289523972
    -228.00000000000   0.99897695779035
    -227.00000000000   0.99865816701831
    -226.00000000000   0.99828882838128
    -225.00000000000   0.99787449299556
    -224.00000000000   0.99742341575561
    -223.00000000000   0.99694561559546
    -222.00000000000   0.99645172582130
    -221.00000000000   0.99595186130057
    -220.00000000000   0.99545470552942
    -219.00000000000   0.99496694678868
    -218.00000000000   0.99449309674672
    -217.00000000000   0.99403563818717
    -216.00000000000   0.99359539366889
    -215.00000000000   0.99317199162163
    -214.00000000000   0.99276432427092
    -213.00000000000   0.99237092825406
    -212.00000000000   0.99199025826380
    -211.00000000000   0.99162085539582
    -210.00000000000   0.99126143036031
    -209.00000000000   0.99091088808271
    -208.00000000000   0.99056831820761
    -207.00000000000   0.99023296995805
    -206.00000000000   0.98990422304963
    -205.00000000000   0.98958156080146
    -204.00000000000   0.98926454783550
    -203.00000000000   0.98895281264814
    -202.00000000000   0.98864603439568
    -201.00000000000   0.98834393297722
    -200.00000000000   0.98804626156469
    -199.00000000000   0.98775280090597
    -198.00000000000   0.98746335490693
    -197.00000000000   0.98717774714435
    -196.00000000000   0.98689581806781
    -195.00000000000   0.98661742272116
    -194.00000000000   0.98634242886380
    -193.00000000000   0.98607071540489
    -192.00000000000   0.98580217108609
    -191.00000000000   0.98553669336460
    -190.00000000000   0.98527418745901
    -189.00000000000   0.98501456552915
    -188.00000000000   0.98475774596693
    -187.00000000000   0.98450365277990
    -186.00000000000   0.98425221505280
    -185.00000000000   0.98400336647515
    -184.00000000000   0.98375704492496
    -183.00000000000   0.98351319210061
    -182.00000000000   0.98327175319398
    -181.00000000000   0.98303267659934
    -180.00000000000   0.98279591365322
    -179.00000000000   0.98256141840128
    -178.00000000000   0.98232914738874
    -177.00000000000   0.98209905947155
    -176.00000000000   0.98187111564577
    -175.00000000000   0.98164527889299
    -174.00000000000   0.98142151404014
    -173.00000000000   0.98119978763183
    -172.00000000000   0.98098006781398
    -171.00000000000   0.98076232422764
    -170.00000000000   0.98054652791167
    -169.00000000000   0.98033265121360
    -168.00000000000   0.98012066770776
    -167.00000000000   0.97991055211990
    -166.00000000000   0.97970228025782
    -165.00000000000   0.97949582894727
    -164.00000000000   0.97929117597278
    -163.00000000000   0.97908830002282
    -162.00000000000   0.97888718063905
    -161.00000000000   0.97868779816917
    -160.00000000000   0.97849013372311
    -159.00000000000   0.97829416913233
    -158.00000000000   0.97809988691183
    -157.00000000000   0.97790727022473
    -156.00000000000   0.97771630284932
    -155.00000000000   0.97752696914808
    -154.00000000000   0.97733925403886
    -153.00000000000   0.97715314296778
    -152.00000000000   0.97696862188391
    -151.00000000000   0.97678567721544
    -150.00000000000   0.97660429584735
    -149.00000000000   0.97642446510039
    -148.00000000000   0.97624617271133
    -147.00000000000   0.97606940681435
    -146.00000000000   0.97589415592347
    -145.00000000000   0.97572040891607
    -144.00000000000   0.97554815501723
    -143.00000000000   0.97537738378500
    -142.00000000000   0.97520808509646
    -141.00000000000   0.97504024913454
    -140.00000000000   0.97487386637553
    -139.00000000000   0.97470892757728
    -138.00000000000   0.97454542376798
    -137.00000000000   0.97438334623550
    -136.00000000000   0.97422268651737
    -135.00000000000   0.97406343639115
    -134.00000000000   0.97390558786535
    -133.00000000000   0.97374913317078
    -132.00000000000   0.97359406475230
    -131.00000000000   0.97344037526099
    -130.00000000000   0.97328805754671
    -129.00000000000   0.97313710465097
    -128.00000000000   0.97298750980014
    -127.00000000000   0.97283926639901
    -126.00000000000   0.97269236802463
    -125.00000000000   0.97254680842037
    -124.00000000000   0.97240258149034
    -123.00000000000   0.97225968129399
    -122.00000000000   0.97211810204098
    -121.00000000000   0.97197783808627
    -120.00000000000   0.97183888392537
    -119.00000000000   0.97170123418992
    -118.00000000000   0.97156488364327
    -117.00000000000   0.97142982717644
    -116.00000000000   0.97129605980411
    -115.00000000000   0.97116357666084
    -114.00000000000   0.97103237299739
    -113.00000000000   0.97090244417729
    -112.00000000000   0.97077378567343
    -111.00000000000   0.97064639306484
    -110.00000000000   0.97052026203363
    -109.00000000000   0.97039538836198
    -108.00000000000   0.97027176792930
    -107.00000000000   0.97014939670948
    -106.00000000000   0.97002827076823
   -105.000000000000   0.96990838626056
   -104.000000000000   0.96978973942829
   -103.000000000000   0.96967232659774
   -102.000000000000   0.96955614417745
   -101.000000000000   0.96944118865595
   -100.000000000000   0.96932745659972
    -99.000000000000   0.96921494465110
    -98.000000000000   0.96910364952636
    -97.000000000000   0.96899356801381
    -96.000000000000   0.96888469697199
    -95.000000000000   0.96877703332787
    -94.000000000000   0.96867057407520
    -93.000000000000   0.96856531627287
    -92.000000000000   0.96846125704328
    -91.000000000000   0.96835839357088
    -90.000000000000   0.96825672310065
    -89.000000000000   0.96815624293671
    -88.000000000000   0.96805695044089
    -87.000000000000   0.96795884303147
    -86.000000000000   0.96786191818183
    -85.000000000000   0.96776617341926
    -84.000000000000   0.96767160632371
    -83.000000000000   0.96757821452667
    -82.000000000000   0.96748599571001
    -81.000000000000   0.96739494760490
    -80.000000000000   0.96730506799079
    -79.000000000000   0.96721635469433
    -78.000000000000   0.96712880558843
    -77.000000000000   0.96704241859129
    -76.000000000000   0.96695719166548
    -75.000000000000   0.96687312281703
    -74.000000000000   0.96679021009456
    -73.000000000000   0.96670845158847
    -72.000000000000   0.96662784543010
    -71.000000000000   0.96654838979094
    -70.000000000000   0.96647008288186
    -69.000000000000   0.96639292295242
    -68.000000000000   0.96631690829008
    -67.000000000000   0.96624203721953
    -66.000000000000   0.96616830810206
    -65.000000000000   0.96609571933483
    -64.000000000000   0.96602426935030
    -63.000000000000   0.96595395661558
    -62.000000000000   0.96588477963185
    -61.000000000000   0.96581673693377
    -60.000000000000   0.96574982708894
    -59.000000000000   0.96568404869733
    -58.000000000000   0.96561940039080
    -57.000000000000   0.96555588083251
    -56.000000000000   0.96549348871653
    -55.000000000000   0.96543222276726
    -54.000000000000   0.96537208173905
    -53.000000000000   0.96531306441567
    -52.000000000000   0.96525516960995
    -51.000000000000   0.96519839616330
    -50.000000000000   0.96514274294533
    -49.000000000000   0.96508820885345
    -48.000000000000   0.96503479281247
    -47.000000000000   0.96498249377423
    -46.000000000000   0.96493131071725
    -45.000000000000   0.96488124264639
    -44.000000000000   0.96483228859249
    -43.000000000000   0.96478444761203
    -42.000000000000   0.96473771878686
    -41.000000000000   0.96469210122385
    -40.000000000000   0.96464759405461
    -39.000000000000   0.96460419643520
    -38.000000000000   0.96456190754587
    -37.000000000000   0.96452072659076
    -36.000000000000   0.96448065279765
    -35.000000000000   0.96444168541774
    -34.000000000000   0.96440382372537
    -33.000000000000   0.96436706701782
    -32.000000000000   0.96433141461505
    -31.000000000000   0.96429686585952
    -30.000000000000   0.96426342011595
    -29.000000000000   0.96423107677114
    -28.000000000000   0.96419983523380
    -27.000000000000   0.96416969493429
    -26.000000000000   0.96414065532453
    -25.000000000000   0.96411271587779
    -24.000000000000   0.96408587608849
    -23.000000000000   0.96406013547214
    -22.000000000000   0.96403549356508
    -21.000000000000   0.96401194992443
    -20.000000000000   0.96398950412791
    -19.000000000000   0.96396815577371
    -18.000000000000   0.96394790448037
    -17.000000000000   0.96392874988670
    -16.000000000000   0.96391069165161
    -15.000000000000   0.96389372945407
    -14.000000000000   0.96387786299296
    -13.000000000000   0.96386309198702
    -12.000000000000   0.96384941617473
    -11.000000000000   0.96383683531428
   -10.0000000000000   0.96382534918344
    -9.0000000000000   0.96381495757954
    -8.0000000000000   0.96380566031940
    -7.0000000000000   0.96379745723924
    -6.0000000000000   0.96379034819468
    -5.0000000000000   0.96378433306069
    -4.0000000000000   0.96377941173151
    -3.0000000000000   0.96377558412066
    -2.0000000000000   0.96377285016093
    -1.0000000000000   0.96377120980428
   0.   0.96377066302193
     1.0000000000000   0.96377120980428
     2.0000000000000   0.96377285016093
     3.0000000000000   0.96377558412066
     4.0000000000000   0.96377941173151
     5.0000000000000   0.96378433306069
     6.0000000000000   0.96379034819468
     7.0000000000000   0.96379745723924
     8.0000000000000   0.96380566031940
     9.0000000000000   0.96381495757954
    10.0000000000000   0.96382534918344
     11.000000000000   0.96383683531428
     12.000000000000   0.96384941617473
     13.000000000000   0.96386309198702
     14.000000000000   0.96387786299296
     15.000000000000   0.96389372945407
     16.000000000000   0.96391069165161
     17.000000000000   0.96392874988670
     18.000000000000   0.96394790448037
     19.000000000000   0.96396815577371
     20.000000000000   0.96398950412791
     21.000000000000   0.96401194992443
     22.000000000000   0.96403549356508
     23.000000000000   0.96406013547214
     24.000000000000   0.96408587608849
     25.000000000000   0.96411271587778
     26.000000000000   0.96414065532453
     27.000000000000   0.96416969493429
     28.000000000000   0.96419983523380
     29.000000000000   0.96423107677114
     30.000000000000   0.96426342011595
     31.000000000000   0.96429686585952
     32.000000000000   0.96433141461505
     33.000000000000   0.96436706701782
     34.000000000000   0.96440382372537
     35.000000000000   0.96444168541774
     36.000000000000   0.96448065279765
     37.000000000000   0.96452072659076
     38.000000000000   0.96456190754587
     39.000000000000   0.96460419643520
     40.000000000000   0.96464759405461
     41.000000000000   0.96469210122385
     42.000000000000   0.96473771878686
     43.000000000000   0.96478444761203
     44.000000000000   0.96483228859249
     45.000000000000   0.96488124264639
     46.000000000000   0.96493131071725
     47.000000000000   0.96498249377423
     48.000000000000   0.96503479281247
     49.000000000000   0.96508820885345
     50.000000000000   0.96514274294533
     51.000000000000   0.96519839616330
     52.000000000000   0.96525516960995
     53.000000000000   0.96531306441567
     54.000000000000   0.96537208173904
     55.000000000000   0.96543222276726
     56.000000000000   0.96549348871653
     57.000000000000   0.96555588083251
     58.000000000000   0.96561940039080
     59.000000000000   0.96568404869733
     60.000000000000   0.96574982708894
     61.000000000000   0.96581673693377
     62.000000000000   0.96588477963185
     63.000000000000   0.96595395661558
     64.000000000000   0.96602426935030
     65.000000000000   0.96609571933483
     66.000000000000   0.96616830810206
     67.000000000000   0.96624203721953
     68.000000000000   0.96631690829008
     69.000000000000   0.96639292295242
     70.000000000000   0.96647008288186
     71.000000000000   0.96654838979094
     72.000000000000   0.96662784543010
     73.000000000000   0.96670845158847
     74.000000000000   0.96679021009456
     75.000000000000   0.96687312281703
     76.000000000000   0.96695719166548
     77.000000000000   0.96704241859129
     78.000000000000   0.96712880558843
     79.000000000000   0.96721635469433
     80.000000000000   0.96730506799079
     81.000000000000   0.96739494760490
     82.000000000000   0.96748599571001
     83.000000000000   0.96757821452667
     84.000000000000   0.96767160632371
     85.000000000000   0.96776617341926
     86.000000000000   0.96786191818183
     87.000000000000   0.96795884303147
     88.000000000000   0.96805695044089
     89.000000000000   0.96815624293671
     90.000000000000   0.96825672310065
     91.000000000000   0.96835839357088
     92.000000000000   0.96846125704328
     93.000000000000   0.96856531627287
     94.000000000000   0.96867057407520
     95.000000000000   0.96877703332787
     96.000000000000   0.96888469697199
     97.000000000000   0.96899356801381
     98.000000000000   0.96910364952636
     99.000000000000   0.96921494465110
    100.000000000000   0.96932745659972
    101.000000000000   0.96944118865595
    102.000000000000   0.96955614417745
    103.000000000000   0.96967232659774
    104.000000000000   0.96978973942829
    105.000000000000   0.96990838626056
     106.00000000000   0.97002827076823
     107.00000000000   0.97014939670948
     108.00000000000   0.97027176792930
     109.00000000000   0.97039538836198
     110.00000000000   0.97052026203363
     111.00000000000   0.97064639306484
     112.00000000000   0.97077378567343
     113.00000000000   0.97090244417729
     114.00000000000   0.97103237299739
     115.00000000000   0.97116357666084
     116.00000000000   0.97129605980411
     117.00000000000   0.97142982717644
     118.00000000000   0.97156488364327
     119.00000000000   0.97170123418992
     120.00000000000   0.97183888392537
     121.00000000000   0.97197783808627
     122.00000000000   0.97211810204098
     123.00000000000   0.97225968129399
     124.00000000000   0.97240258149034
     125.00000000000   0.97254680842037
     126.00000000000   0.97269236802463
     127.00000000000   0.97283926639901
     128.00000000000   0.97298750980014
     129.00000000000   0.97313710465097
     130.00000000000   0.97328805754671
     131.00000000000   0.97344037526099
     132.00000000000   0.97359406475230
     133.00000000000   0.97374913317078
     134.00000000000   0.97390558786535
     135.00000000000   0.97406343639115
     136.00000000000   0.97422268651737
     137.00000000000   0.97438334623550
     138.00000000000   0.97454542376798
     139.00000000000   0.97470892757728
     140.00000000000   0.97487386637553
     141.00000000000   0.97504024913454
     142.00000000000   0.97520808509646
     143.00000000000   0.97537738378500
     144.00000000000   0.97554815501723
     145.00000000000   0.97572040891607
     146.00000000000   0.97589415592347
     147.00000000000   0.97606940681435
     148.00000000000   0.97624617271133
     149.00000000000   0.97642446510039
     150.00000000000   0.97660429584735
     151.00000000000   0.97678567721544
     152.00000000000   0.97696862188391
     153.00000000000   0.97715314296778
     154.00000000000   0.97733925403886
     155.00000000000   0.97752696914808
     156.00000000000   0.97771630284932
     157.00000000000   0.97790727022473
     158.00000000000   0.97809988691183
     159.00000000000   0.97829416913233
     160.00000000000   0.97849013372311
     161.00000000000   0.97868779816917
     162.00000000000   0.97888718063905
     163.00000000000   0.97908830002282
     164.00000000000   0.97929117597278
     165.00000000000   0.97949582894727
     166.00000000000   0.97970228025782
     167.00000000000   0.97991055211990
     168.00000000000   0.98012066770776
     169.00000000000   0.98033265121360
     170.00000000000   0.98054652791167
     171.00000000000   0.98076232422764
     172.00000000000   0.98098006781398
     173.00000000000   0.98119978763183
     174.00000000000   0.98142151404014
     175.00000000000   0.98164527889299
     176.00000000000   0.98187111564577
     177.00000000000   0.98209905947156
     178.00000000000   0.98232914738874
     179.00000000000   0.98256141840128
     180.00000000000   0.98279591365322
     181.00000000000   0.98303267659934
     182.00000000000   0.98327175319398
     183.00000000000   0.98351319210061
     184.00000000000   0.98375704492496
     185.00000000000   0.98400336647515
     186.00000000000   0.98425221505280
     187.00000000000   0.98450365277990
     188.00000000000   0.98475774596693
     189.00000000000   0.98501456552915
     190.00000000000   0.98527418745901
     191.00000000000   0.98553669336460
     192.00000000000   0.98580217108609
     193.00000000000   0.98607071540489
     194.00000000000   0.98634242886380
     195.00000000000   0.98661742272116
     196.00000000000   0.98689581806781
     197.00000000000   0.98717774714435
     198.00000000000   0.98746335490693
     199.00000000000   0.98775280090597
     200.00000000000   0.98804626156469
     201.00000000000   0.98834393297722
     202.00000000000   0.98864603439568
     203.00000000000   0.98895281264814
     204.00000000000   0.98926454783550
     205.00000000000   0.98958156080146
     206.00000000000   0.98990422304963
     207.00000000000   0.99023296995805
     208.00000000000   0.99056831820761
     209.00000000000   0.99091088808271
     210.00000000000   0.99126143036031
     211.00000000000   0.99162085539582
     212.00000000000   0.99199025826380
     213.00000000000   0.99237092825406
     214.00000000000   0.99276432427092
     215.00000000000   0.99317199162163
     216.00000000000   0.99359539366889
     217.00000000000   0.99403563818716
     218.00000000000   0.99449309674672
     219.00000000000   0.99496694678868
     220.00000000000   0.99545470552942
     221.00000000000   0.99595186130057
     222.00000000000   0.99645172582130
     223.00000000000   0.99694561559546
     224.00000000000   0.99742341575561
     225.00000000000   0.99787449299556
     226.00000000000   0.99828882838128
     227.00000000000   0.99865816701831
     228.00000000000   0.99897695779035
     229.00000000000   0.99924289523972
     230.00000000000   0.99945696765534
     231.00000000000   0.99962303180567
     232.00000000000   0.99974703872323
     233.00000000000   0.99983609620140
     234.00000000000   0.99989755925917
     235.00000000000   0.99993829690032
     236.00000000000   0.99996421353163
     237.00000000000   0.99998003190226
     238.00000000000   0.99998929113955
     239.00000000000   0.99999448719374
     240.00000000000   0.99999728187689
     241.00000000000   0.99999872214936
     242.00000000000   0.99999943322713
     243.00000000000   0.99999976948249
     244.00000000000   0.99999992175818
     245.00000000000   0.99999998778790
     246.00000000000    1.0000000151999
     247.00000000000    1.0000000260940
     248.00000000000    1.0000000302381
     249.00000000000    1.0000000317470
     250.00000000000    1.0000000322728
     251.00000000000    1.0000000324481
     252.00000000000    1.0000000325040
     253.00000000000    1.0000000325211
     254.00000000000    1.0000000325261
     255.00000000000    1.0000000325275
     256.00000000000    1.0000000325279
     257.00000000000    1.0000000325280
     258.00000000000    1.0000000325280
     259.00000000000    1.0000000325280
     260.00000000000    1.0000000325280
     261.00000000000    1.0000000325280
     262.00000000000    1.0000000325280
     263.00000000000    1.0000000325280
     264.00000000000    1.0000000325280
     265.00000000000    1.0000000325280
     266.00000000000    1.0000000325280
     267.00000000000    1.0000000325280
     268.00000000000    1.0000000325280
     269.00000000000    1.0000000325280
     270.00000000000    1.0000000325280
     271.00000000000    1.0000000325280
     272.00000000000    1.0000000325280
     273.00000000000    1.0000000325280
     274.00000000000    1.0000000325280
     275.00000000000    1.0000000325280
     276.00000000000    1.0000000325280
     277.00000000000    1.0000000325280
     278.00000000000    1.0000000325280
     279.00000000000    1.0000000325280
     280.00000000000    1.0000000325280
     281.00000000000    1.0000000325280
     282.00000000000    1.0000000325280
     283.00000000000    1.0000000325280
     284.00000000000    1.0000000325280
     285.00000000000    1.0000000325280
     286.00000000000    1.0000000325280
     287.00000000000    1.0000000325280
     288.00000000000    1.0000000325280
     289.00000000000    1.0000000325280
     290.00000000000    1.0000000325280
     291.00000000000    1.0000000325280
     292.00000000000    1.0000000325280
     293.00000000000    1.0000000325280
     294.00000000000    1.0000000325280
     295.00000000000    1.0000000325280
     296.00000000000    1.0000000325280
     297.00000000000    1.0000000325280
     298.00000000000    1.0000000325280
     299.00000000000    1.0000000325280
     300.00000000000    1.0000000325280
     301.00000000000    1.0000000325280
     302.00000000000    1.0000000325280
     303.00000000000    1.0000000325280
     304.00000000000    1.0000000325280
     305.00000000000    1.0000000325280
     306.00000000000    1.0000000325280
     307.00000000000    1.0000000325280
     308.00000000000    1.0000000325280
     309.00000000000    1.0000000325280
     310.00000000000    1.0000000325280
     311.00000000000    1.0000000325280
     312.00000000000    1.0000000325280
     313.00000000000    1.0000000325280
     314.00000000000    1.0000000325280
     315.00000000000    1.0000000325280
     316.00000000000    1.0000000325280
     317.00000000000    1.0000000325280
     318.00000000000    1.0000000325280
     319.00000000000    1.0000000325280
     320.00000000000    1.0000000325280
     321.00000000000    1.0000000325280
     322.00000000000    1.0000000325280
     323.00000000000    1.0000000325280
     324.00000000000    1.0000000325280
     325.00000000000    1.0000000325280
     326.00000000000    1.0000000325280
     327.00000000000    1.0000000325280
     328.00000000000    1.0000000325280
     329.00000000000    1.0000000325280
     330.00000000000    1.0000000325280
     331.00000000000    1.0000000325280
     332.00000000000    1.0000000325280
     333.00000000000    1.0000000325280
     334.00000000000    1.0000000325280
     335.00000000000    1.0000000325280
     336.00000000000    1.0000000325280
     337.00000000000    1.0000000325280
     338.00000000000    1.0000000325280
     339.00000000000    1.0000000325280
     340.00000000000    1.0000000325280
     341.00000000000    1.0000000325280
     342.00000000000    1.0000000325280
     343.00000000000    1.0000000325280
     344.00000000000    1.0000000325280
     345.00000000000    1.0000000325280
     346.00000000000    1.0000000325280
     347.00000000000    1.0000000325280
     348.00000000000    1.0000000325280
     349.00000000000    1.0000000325280
     350.00000000000    1.0000000325280
     351.00000000000    1.0000000325280
     352.00000000000    1.0000000325280
     353.00000000000    1.0000000325280
     354.00000000000    1.0000000325280
     355.00000000000    1.0000000325280
     356.00000000000    1.0000000325280
     357.00000000000    1.0000000325280
     358.00000000000    1.0000000325280
     359.00000000000    1.0000000325280
     360.00000000000    1.0000000325280
     361.00000000000    1.0000000325280
     362.00000000000    1.0000000325280
     363.00000000000    1.0000000325280
     364.00000000000    1.0000000325280
     365.00000000000    1.0000000325280
     366.00000000000    1.0000000325280
     367.00000000000    1.0000000325280
     368.00000000000    1.0000000325280
     369.00000000000    1.0000000325280
     370.00000000000    1.0000000325280
     371.00000000000    1.0000000325280
     372.00000000000    1.0000000325280
     373.00000000000    1.0000000325280
     374.00000000000    1.0000000325280
     375.00000000000    1.0000000325280
     376.00000000000    1.0000000325280
     377.00000000000    1.0000000325280
     378.00000000000    1.0000000325280
     379.00000000000    1.0000000325280
     380.00000000000    1.0000000325280
     381.00000000000    1.0000000325280
     382.00000000000    1.0000000325280
     383.00000000000    1.0000000325280
     384.00000000000    1.0000000325280
     385.00000000000    1.0000000325280
     386.00000000000    1.0000000325280
     387.00000000000    1.0000000325280
     388.00000000000    1.0000000325280
     389.00000000000    1.0000000325280
     390.00000000000    1.0000000325280
     391.00000000000    1.0000000325280
     392.00000000000    1.0000000325280
     393.00000000000    1.0000000325280
     394.00000000000    1.0000000325280
     395.00000000000    1.0000000325280
     396.00000000000    1.0000000325280
     397.00000000000    1.0000000325280
     398.00000000000    1.0000000325280
     399.00000000000    1.0000000325280
     400.00000000000    1.0000000325280
     401.00000000000    1.0000000325280
     402.00000000000    1.0000000325280
     403.00000000000    1.0000000325280
     404.00000000000    1.0000000325280
     405.00000000000    1.0000000325280
     406.00000000000    1.0000000325280
     407.00000000000    1.0000000325280
     408.00000000000    1.0000000325280
     409.00000000000    1.0000000325280
     410.00000000000    1.0000000325280
     411.00000000000    1.0000000325280
     412.00000000000    1.0000000325280
     413.00000000000    1.0000000325280
     414.00000000000    1.0000000325280
     415.00000000000    1.0000000325280
     416.00000000000    1.0000000325280
     417.00000000000    1.0000000325280
     418.00000000000    1.0000000325280
     419.00000000000    1.0000000325280
     420.00000000000    1.0000000325280
     421.00000000000    1.0000000325280
     422.00000000000    1.0000000325280
     423.00000000000    1.0000000325280
     424.00000000000    1.0000000325280
     425.00000000000    1.0000000325280
     426.00000000000    1.0000000325280
     427.00000000000    1.0000000325280
     428.00000000000    1.0000000325280
     429.00000000000    1.0000000325280
     430.00000000000    1.0000000325280
     431.00000000000    1.0000000325280
     432.00000000000    1.0000000325280
     433.00000000000    1.0000000325280
     434.00000000000    1.0000000325280
     435.00000000000    1.0000000325280
     436.00000000000    1.0000000325280
     437.00000000000    1.0000000325280
     438.00000000000    1.0000000325280
     439.00000000000    1.0000000325280
     440.00000000000    1.0000000325280
     441.00000000000    1.0000000325280
     442.00000000000    1.0000000325280
     443.00000000000    1.0000000325280
     444.00000000000    1.0000000325280
     445.00000000000    1.0000000325280
     446.00000000000    1.0000000325280
     447.00000000000    1.0000000325280
     448.00000000000    1.0000000325280
     449.00000000000    1.0000000325280
     450.00000000000    1.0000000325280
     451.00000000000    1.0000000325280
     452.00000000000    1.0000000325280
     453.00000000000    1.0000000325280
     454.00000000000    1.0000000325280
     455.00000000000    1.0000000325280
     456.00000000000    1.0000000325280
     457.00000000000    1.0000000325280
     458.00000000000    1.0000000325280
     459.00000000000    1.0000000325280
     460.00000000000    1.0000000325280
     461.00000000000    1.0000000325280
     462.00000000000    1.0000000325280
     463.00000000000    1.0000000325280
     464.00000000000    1.0000000325280
     465.00000000000    1.0000000325280
     466.00000000000    1.0000000325280
     467.00000000000    1.0000000325280
     468.00000000000    1.0000000325280
     469.00000000000    1.0000000325280
     470.00000000000    1.0000000325280
     471.00000000000    1.0000000325280
     472.00000000000    1.0000000325280
     473.00000000000    1.0000000325280
     474.00000000000    1.0000000325280
     475.00000000000    1.0000000325280
     476.00000000000    1.0000000325280
     477.00000000000    1.0000000325280
     478.00000000000    1.0000000325280
     479.00000000000    1.0000000325280
     480.00000000000    1.0000000325280
     481.00000000000    1.0000000325280
     482.00000000000    1.0000000325280
     483.00000000000    1.0000000325280
     484.00000000000    1.0000000325280
     485.00000000000    1.0000000325280
     486.00000000000    1.0000000325280
     487.00000000000    1.0000000325280
     488.00000000000    1.0000000325280
     489.00000000000    1.0000000325280
     490.00000000000    1.0000000325280
     491.00000000000    1.0000000325280
     492.00000000000    1.0000000325280
     493.00000000000    1.0000000325280
     494.00000000000    1.0000000325280
     495.00000000000    1.0000000325280
     496.00000000000    1.0000000325280
     497.00000000000    1.0000000325280
     498.00000000000    1.0000000325280
     499.00000000000    1.0000000325280
     500.00000000000    1.0000000325280
