    -500.00000000000    1.0000000325280
    -499.00000000000    1.0000000325280
    -498.00000000000    1.0000000325280
    -497.00000000000    1.0000000325280
    -496.00000000000    1.0000000325280
    -495.00000000000    1.0000000325280
    -494.00000000000    1.0000000325280
    -493.00000000000    1.0000000325280
    -492.00000000000    1.0000000325280
    -491.00000000000    1.0000000325280
    -490.00000000000    1.0000000325280
    -489.00000000000    1.0000000325280
    -488.00000000000    1.0000000325280
    -487.00000000000    1.0000000325280
    -486.00000000000    1.0000000325280
    -485.00000000000    1.0000000325280
    -484.00000000000    1.0000000325280
    -483.00000000000    1.0000000325280
    -482.00000000000    1.0000000325280
    -481.00000000000    1.0000000325280
    -480.00000000000    1.0000000325280
    -479.00000000000    1.0000000325280
    -478.00000000000    1.0000000325280
    -477.00000000000    1.0000000325280
    -476.00000000000    1.0000000325280
    -475.00000000000    1.0000000325280
    -474.00000000000    1.0000000325280
    -473.00000000000    1.0000000325280
    -472.00000000000    1.0000000325280
    -471.00000000000    1.0000000325280
    -470.00000000000    1.0000000325280
    -469.00000000000    1.0000000325280
    -468.00000000000    1.0000000325280
    -467.00000000000    1.0000000325280
    -466.00000000000    1.0000000325280
    -465.00000000000    1.0000000325280
    -464.00000000000    1.0000000325280
    -463.00000000000    1.0000000325280
    -462.00000000000    1.0000000325280
    -461.00000000000    1.0000000325280
    -460.00000000000    1.0000000325280
    -459.00000000000    1.0000000325280
    -458.00000000000    1.0000000325280
    -457.00000000000    1.0000000325280
    -456.00000000000    1.0000000325280
    -455.00000000000    1.0000000325280
    -454.00000000000    1.0000000325280
    -453.00000000000    1.0000000325280
    -452.00000000000    1.0000000325280
    -451.00000000000    1.0000000325280
    -450.00000000000    1.0000000325280
    -449.00000000000    1.0000000325280
    -448.00000000000    1.0000000325280
    -447.00000000000    1.0000000325280
    -446.00000000000    1.0000000325280
    -445.00000000000    1.0000000325280
    -444.00000000000    1.0000000325280
    -443.00000000000    1.0000000325280
    -442.00000000000    1.0000000325280
    -441.00000000000    1.0000000325280
    -440.00000000000    1.0000000325280
    -439.00000000000    1.0000000325280
    -438.00000000000    1.0000000325280
    -437.00000000000    1.0000000325280
    -436.00000000000    1.0000000325280
    -435.00000000000    1.0000000325280
    -434.00000000000    1.0000000325280
    -433.00000000000    1.0000000325280
    -432.00000000000    1.0000000325280
    -431.00000000000    1.0000000325280
    -430.00000000000    1.0000000325280
    -429.00000000000    1.0000000325280
    -428.00000000000    1.0000000325280
    -427.00000000000    1.0000000325280
    -426.00000000000    1.0000000325280
    -425.00000000000    1.0000000325280
    -424.00000000000    1.0000000325280
    -423.00000000000    1.0000000325280
    -422.00000000000    1.0000000325280
    -421.00000000000    1.0000000325280
    -420.00000000000    1.0000000325280
    -419.00000000000    1.0000000325280
    -418.00000000000    1.0000000325280
    -417.00000000000    1.0000000325280
    -416.00000000000    1.0000000325280
    -415.00000000000    1.0000000325280
    -414.00000000000    1.0000000325280
    -413.00000000000    1.0000000325280
    -412.00000000000    1.0000000325280
    -411.00000000000    1.0000000325280
    -410.00000000000    1.0000000325280
    -409.00000000000    1.0000000325280
    -408.00000000000    1.0000000325280
    -407.00000000000    1.0000000325280
    -406.00000000000    1.0000000325280
    -405.00000000000    1.0000000325280
    -404.00000000000    1.0000000325280
    -403.00000000000    1.0000000325280
    -402.00000000000    1.0000000325280
    -401.00000000000    1.0000000325280
    -400.00000000000    1.0000000325280
    -399.00000000000    1.0000000325280
    -398.00000000000    1.0000000325280
    -397.00000000000    1.0000000325280
    -396.00000000000    1.0000000325280
    -395.00000000000    1.0000000325280
    -394.00000000000    1.0000000325280
    -393.00000000000    1.0000000325280
    -392.00000000000    1.0000000325280
    -391.00000000000    1.0000000325280
    -390.00000000000    1.0000000325280
    -389.00000000000    1.0000000325280
    -388.00000000000    1.0000000325280
    -387.00000000000    1.0000000325280
    -386.00000000000    1.0000000325280
    -385.00000000000    1.0000000325280
    -384.00000000000    1.0000000325280
    -383.00000000000    1.0000000325280
    -382.00000000000    1.0000000325280
    -381.00000000000    1.0000000325280
    -380.00000000000    1.0000000325280
    -379.00000000000    1.0000000325280
    -378.00000000000    1.0000000325280
    -377.00000000000    1.0000000325280
    -376.00000000000    1.0000000325280
    -375.00000000000    1.0000000325280
    -374.00000000000    1.0000000325280
    -373.00000000000    1.0000000325280
    -372.00000000000    1.0000000325280
    -371.00000000000    1.0000000325280
    -370.00000000000    1.0000000325280
    -369.00000000000    1.0000000325280
    -368.00000000000    1.0000000325280
    -367.00000000000    1.0000000325280
    -366.00000000000    1.0000000325280
    -365.00000000000    1.0000000325280
    -364.00000000000    1.0000000325280
    -363.00000000000    1.0000000325280
    -362.00000000000    1.0000000325280
    -361.00000000000    1.0000000325280
    -360.00000000000    1.0000000325280
    -359.00000000000    1.0000000325280
    -358.00000000000    1.0000000325280
    -357.00000000000    1.0000000325280
    -356.00000000000    1.0000000325280
    -355.00000000000    1.0000000325280
    -354.00000000000    1.0000000325280
    -353.00000000000    1.0000000325280
    -352.00000000000    1.0000000325280
    -351.00000000000    1.0000000325280
    -350.00000000000    1.0000000325280
    -349.00000000000    1.0000000325280
    -348.00000000000    1.0000000325280
    -347.00000000000    1.0000000325280
    -346.00000000000    1.0000000325280
    -345.00000000000    1.0000000325280
    -344.00000000000    1.0000000325280
    -343.00000000000    1.0000000325280
    -342.00000000000    1.0000000325280
    -341.00000000000    1.0000000325280
    -340.00000000000    1.0000000325280
    -339.00000000000    1.0000000325280
    -338.00000000000    1.0000000325280
    -337.00000000000    1.0000000325280
    -336.00000000000    1.0000000325280
    -335.00000000000    1.0000000325280
    -334.00000000000    1.0000000325280
    -333.00000000000    1.0000000325280
    -332.00000000000    1.0000000325280
    -331.00000000000    1.0000000325280
    -330.00000000000    1.0000000325280
    -329.00000000000    1.0000000325280
    -328.00000000000    1.0000000325280
    -327.00000000000    1.0000000325280
    -326.00000000000    1.0000000325280
    -325.00000000000    1.0000000325280
    -324.00000000000    1.0000000325280
    -323.00000000000    1.0000000325280
    -322.00000000000    1.0000000325280
    -321.00000000000    1.0000000325280
    -320.00000000000    1.0000000325280
    -319.00000000000    1.0000000325280
    -318.00000000000    1.0000000325280
    -317.00000000000    1.0000000325280
    -316.00000000000    1.0000000325280
    -315.00000000000    1.0000000325280
    -314.00000000000    1.0000000325280
    -313.00000000000    1.0000000325280
    -312.00000000000    1.0000000325280
    -311.00000000000    1.0000000325280
    -310.00000000000    1.0000000325280
    -309.00000000000    1.0000000325280
    -308.00000000000    1.0000000325280
    -307.00000000000    1.0000000325280
    -306.00000000000    1.0000000325280
    -305.00000000000    1.0000000325280
    -304.00000000000    1.0000000325280
    -303.00000000000    1.0000000325280
    -302.00000000000    1.0000000325280
    -301.00000000000    1.0000000325280
    -300.00000000000    1.0000000325280
    -299.00000000000    1.0000000325280
    -298.00000000000    1.0000000325280
    -297.00000000000    1.0000000325280
    -296.00000000000    1.0000000325280
    -295.00000000000    1.0000000325280
    -294.00000000000    1.0000000325280
    -293.00000000000    1.0000000325280
    -292.00000000000    1.0000000325280
    -291.00000000000    1.0000000325280
    -290.00000000000    1.0000000325280
    -289.00000000000    1.0000000325280
    -288.00000000000    1.0000000325280
    -287.00000000000    1.0000000325280
    -286.00000000000    1.0000000325280
    -285.00000000000    1.0000000325280
    -284.00000000000    1.0000000325280
    -283.00000000000    1.0000000325280
    -282.00000000000    1.0000000325280
    -281.00000000000    1.0000000325280
    -280.00000000000    1.0000000325280
    -279.00000000000    1.0000000325280
    -278.00000000000    1.0000000325280
    -277.00000000000    1.0000000325280
    -276.00000000000    1.0000000325280
    -275.00000000000    1.0000000325280
    -274.00000000000    1.0000000325280
    -273.00000000000    1.0000000325280
    -272.00000000000    1.0000000325280
    -271.00000000000    1.0000000325280
    -270.00000000000    1.0000000325280
    -269.00000000000    1.0000000325280
    -268.00000000000    1.0000000325280
    -267.00000000000    1.0000000325280
    -266.00000000000    1.0000000325280
    -265.00000000000    1.0000000325280
    -264.00000000000    1.0000000325280
    -263.00000000000    1.0000000325280
    -262.00000000000    1.0000000325280
    -261.00000000000    1.0000000325280
    -260.00000000000    1.0000000325280
    -259.00000000000    1.0000000325280
    -258.00000000000    1.0000000325280
    -257.00000000000    1.0000000325280
    -256.00000000000    1.0000000325280
    -255.00000000000    1.0000000325280
    -254.00000000000    1.0000000325280
    -253.00000000000    1.0000000325280
    -252.00000000000    1.0000000325280
    -251.00000000000    1.0000000325280
    -250.00000000000    1.0000000325280
    -249.00000000000    1.0000000325280
    -248.00000000000    1.0000000325280
    -247.00000000000    1.0000000325280
    -246.00000000000    1.0000000325280
    -245.00000000000    1.0000000325280
    -244.00000000000    1.0000000325280
    -243.00000000000    1.0000000325280
    -242.00000000000    1.0000000325280
    -241.00000000000    1.0000000325280
    -240.00000000000    1.0000000325280
    -239.00000000000    1.0000000325280
    -238.00000000000    1.0000000325280
    -237.00000000000    1.0000000325280
    -236.00000000000    1.0000000325280
    -235.00000000000    1.0000000325280
    -234.00000000000    1.0000000325280
    -233.00000000000    1.0000000325280
    -232.00000000000    1.0000000325280
    -231.00000000000    1.0000000325280
    -230.00000000000    1.0000000325280
    -229.00000000000    1.0000000325280
    -228.00000000000    1.0000000325280
    -227.00000000000    1.0000000325280
    -226.00000000000    1.0000000325280
    -225.00000000000    1.0000000325280
    -224.00000000000    1.0000000325280
    -223.00000000000    1.0000000325280
    -222.00000000000    1.0000000325280
    -221.00000000000    1.0000000325280
    -220.00000000000    1.0000000325280
    -219.00000000000    1.0000000325280
    -218.00000000000    1.0000000325280
    -217.00000000000    1.0000000325280
    -216.00000000000    1.0000000325280
    -215.00000000000    1.0000000325280
    -214.00000000000    1.0000000325280
    -213.00000000000    1.0000000325280
    -212.00000000000    1.0000000325280
    -211.00000000000    1.0000000325280
    -210.00000000000    1.0000000325280
    -209.00000000000    1.0000000325280
    -208.00000000000    1.0000000325280
    -207.00000000000    1.0000000325280
    -206.00000000000    1.0000000325280
    -205.00000000000    1.0000000325280
    -204.00000000000    1.0000000325280
    -203.00000000000    1.0000000325280
    -202.00000000000    1.0000000325280
    -201.00000000000    1.0000000325280
    -200.00000000000    1.0000000325280
    -199.00000000000    1.0000000325280
    -198.00000000000    1.0000000325280
    -197.00000000000    1.0000000325280
    -196.00000000000    1.0000000325280
    -195.00000000000    1.0000000325280
    -194.00000000000    1.0000000325280
    -193.00000000000    1.0000000325280
    -192.00000000000    1.0000000325280
    -191.00000000000    1.0000000325280
    -190.00000000000    1.0000000325280
    -189.00000000000    1.0000000325280
    -188.00000000000    1.0000000325280
    -187.00000000000    1.0000000325280
    -186.00000000000    1.0000000325280
    -185.00000000000    1.0000000325280
    -184.00000000000    1.0000000325280
    -183.00000000000    1.0000000325280
    -182.00000000000    1.0000000325280
    -181.00000000000    1.0000000325280
    -180.00000000000    1.0000000325280
    -179.00000000000    1.0000000325280
    -178.00000000000    1.0000000325280
    -177.00000000000    1.0000000325280
    -176.00000000000    1.0000000325280
    -175.00000000000    1.0000000325280
    -174.00000000000    1.0000000325280
    -173.00000000000    1.0000000325280
    -172.00000000000    1.0000000325280
    -171.00000000000    1.0000000325280
    -170.00000000000    1.0000000325280
    -169.00000000000    1.0000000325280
    -168.00000000000    1.0000000325280
    -167.00000000000    1.0000000325280
    -166.00000000000    1.0000000325280
    -165.00000000000    1.0000000325280
    -164.00000000000    1.0000000325280
    -163.00000000000    1.0000000325280
    -162.00000000000    1.0000000325280
    -161.00000000000    1.0000000325280
    -160.00000000000    1.0000000325280
    -159.00000000000    1.0000000325280
    -158.00000000000    1.0000000325280
    -157.00000000000    1.0000000325280
    -156.00000000000    1.0000000325280
    -155.00000000000    1.0000000325280
    -154.00000000000    1.0000000325280
    -153.00000000000    1.0000000325280
    -152.00000000000    1.0000000325280
    -151.00000000000    1.0000000325280
    -150.00000000000    1.0000000325280
    -149.00000000000    1.0000000325280
    -148.00000000000    1.0000000325280
    -147.00000000000    1.0000000325280
    -146.00000000000    1.0000000325279
    -145.00000000000    1.0000000325276
    -144.00000000000    1.0000000325266
    -143.00000000000    1.0000000325226
    -142.00000000000    1.0000000325083
    -141.00000000000    1.0000000324594
    -140.00000000000    1.0000000322992
    -139.00000000000    1.0000000317969
    -138.00000000000    1.0000000302894
    -137.00000000000    1.0000000259605
    -136.00000000000    1.0000000140626
    -135.00000000000   0.99999998276342
    -134.00000000000   0.99999990394672
    -133.00000000000   0.99999971394136
    -132.00000000000   0.99999927538433
    -131.00000000000   0.99999830609110
    -130.00000000000   0.99999625437685
    -129.00000000000   0.99999209446773
    -128.00000000000   0.99998401394867
    -127.00000000000   0.99996897287864
    -126.00000000000   0.99994213719530
    -125.00000000000   0.99989623123566
    -124.00000000000   0.99982091352090
    -123.00000000000   0.99970234445106
    -122.00000000000   0.99952316133799
    -121.00000000000   0.99926307575847
    -120.00000000000   0.99890023517570
    -119.00000000000   0.99841333857794
    -118.00000000000   0.99778428871372
    -117.00000000000   0.99700095761465
    -116.00000000000   0.99605951129487
    -115.00000000000   0.99496574734267
    -114.00000000000   0.99373506866572
    -113.00000000000   0.99239101322403
    -112.00000000000   0.99096259741615
    -111.00000000000   0.98948100366163
    -110.00000000000   0.98797626564149
    -109.00000000000   0.98647454701947
    -108.00000000000   0.98499640431392
    -107.00000000000   0.98355615072541
    -106.00000000000   0.98216218504567
   -105.000000000000   0.98081798512586
   -104.000000000000   0.97952341356111
   -103.000000000000   0.97827602817086
   -102.000000000000   0.97707219080519
   -101.000000000000   0.97590788041496
   -100.000000000000   0.97477920750589
    -99.000000000000   0.97368268246553
    -98.000000000000   0.97261531097450
    -97.000000000000   0.97157458592486
    -96.000000000000   0.97055842914765
    -95.000000000000   0.96956511749166
    -94.000000000000   0.96859321198986
    -93.000000000000   0.96764149796630
    -92.000000000000   0.96670893766152
    -91.000000000000   0.96579463402438
    -90.000000000000   0.96489780339126
    -89.000000000000   0.96401775483185
    -88.000000000000   0.96315387435877
    -87.000000000000   0.96230561266244
    -86.000000000000   0.96147247541979
    -85.000000000000   0.96065401551098
    -84.000000000000   0.95984982667789
    -83.000000000000   0.95905953829224
    -82.000000000000   0.95828281099298
    -81.000000000000   0.95751933301474
    -80.000000000000   0.95676881707279
    -79.000000000000   0.95603099770130
    -78.000000000000   0.95530562896428
    -77.000000000000   0.95459248247557
    -76.000000000000   0.95389134567708
    -75.000000000000   0.95320202033437
    -74.000000000000   0.95252432121618
    -73.000000000000   0.95185807493057
    -72.000000000000   0.95120311889525
    -71.000000000000   0.95055930042321
    -70.000000000000   0.94992647590811
    -69.000000000000   0.94930451009607
    -68.000000000000   0.94869327543303
    -67.000000000000   0.94809265147790
    -66.000000000000   0.94750252437369
    -65.000000000000   0.94692278636954
    -64.000000000000   0.94635333538784
    -63.000000000000   0.94579407463122
    -62.000000000000   0.94524491222502
    -61.000000000000   0.94470576089134
    -60.000000000000   0.94417653765135
    -59.000000000000   0.94365716355280
    -58.000000000000   0.94314756342037
    -57.000000000000   0.94264766562629
    -56.000000000000   0.94215740187942
    -55.000000000000   0.94167670703103
    -54.000000000000   0.94120551889553
    -53.000000000000   0.94074377808496
    -52.000000000000   0.94029142785581
    -51.000000000000   0.93984841396722
    -50.000000000000   0.93941468454943
    -49.000000000000   0.93899018998168
    -48.000000000000   0.93857488277873
    -47.000000000000   0.93816871748522
    -46.000000000000   0.93777165057737
    -45.000000000000   0.93738364037126
    -44.000000000000   0.93700464693730
    -43.000000000000   0.93663463202031
    -42.000000000000   0.93627355896488
    -41.000000000000   0.93592139264546
    -40.000000000000   0.93557809940104
    -39.000000000000   0.93524364697383
    -38.000000000000   0.93491800445192
    -37.000000000000   0.93460114221543
    -36.000000000000   0.93429303188595
    -35.000000000000   0.93399364627921
    -34.000000000000   0.93370295936045
    -33.000000000000   0.93342094620265
    -32.000000000000   0.93314758294721
    -31.000000000000   0.93288284676694
    -30.000000000000   0.93262671583139
    -29.000000000000   0.93237916927410
    -28.000000000000   0.93214018716196
    -27.000000000000   0.93190975046625
    -26.000000000000   0.93168784103556
    -25.000000000000   0.93147444157019
    -24.000000000000   0.93126953559822
    -23.000000000000   0.93107310745297
    -22.000000000000   0.93088514225183
    -21.000000000000   0.93070562587647
    -20.000000000000   0.93053454495418
    -19.000000000000   0.93037188684054
    -18.000000000000   0.93021763960308
    -17.000000000000   0.93007179200609
    -16.000000000000   0.92993433349644
    -15.000000000000   0.92980525419041
    -14.000000000000   0.92968454486143
    -13.000000000000   0.92957219692873
    -12.000000000000   0.92946820244691
    -11.000000000000   0.92937255409629
   -10.0000000000000   0.92928524517417
    -9.0000000000000   0.92920626958673
    -8.0000000000000   0.92913562184188
    -7.0000000000000   0.92907329704274
    -6.0000000000000   0.92901929088186
    -5.0000000000000   0.92897359963620
    -4.0000000000000   0.92893622016277
    -3.0000000000000   0.92890714989501
    -2.0000000000000   0.92888638683974
    -1.0000000000000   0.92887392957494
   0.   0.92886977724803
     1.0000000000000   0.92887392957494
     2.0000000000000   0.92888638683974
     3.0000000000000   0.92890714989501
     4.0000000000000   0.92893622016277
     5.0000000000000   0.92897359963620
     6.0000000000000   0.92901929088186
     7.0000000000000   0.92907329704274
     8.0000000000000   0.92913562184188
     9.0000000000000   0.92920626958673
    10.0000000000000   0.92928524517417
     11.000000000000   0.92937255409629
     12.000000000000   0.92946820244691
     13.000000000000   0.92957219692873
     14.000000000000   0.92968454486143
     15.000000000000   0.92980525419041
     16.000000000000   0.92993433349644
     17.000000000000   0.93007179200609
     18.000000000000   0.93021763960308
     19.000000000000   0.93037188684054
     20.000000000000   0.93053454495418
     21.000000000000   0.93070562587647
     22.000000000000   0.93088514225183
     23.000000000000   0.93107310745297
     24.000000000000   0.93126953559822
     25.000000000000   0.93147444157019
     26.000000000000   0.93168784103556
     27.000000000000   0.93190975046625
     28.000000000000   0.93214018716196
     29.000000000000   0.93237916927410
     30.000000000000   0.93262671583139
     31.000000000000   0.93288284676694
     32.000000000000   0.93314758294721
     33.000000000000   0.93342094620265
     34.000000000000   0.93370295936045
     35.000000000000   0.93399364627921
     36.000000000000   0.93429303188595
     37.000000000000   0.93460114221543
     38.000000000000   0.93491800445192
     39.000000000000   0.93524364697383
     40.000000000000   0.93557809940104
     41.000000000000   0.93592139264546
     42.000000000000   0.93627355896488
     43.000000000000   0.93663463202031
     44.000000000000   0.93700464693730
     45.000000000000   0.93738364037126
     46.000000000000   0.93777165057737
     47.000000000000   0.93816871748522
     48.000000000000   0.93857488277873
     49.000000000000   0.93899018998168
     50.000000000000   0.93941468454943
     51.000000000000   0.93984841396722
     52.000000000000   0.94029142785581
     53.000000000000   0.94074377808496
     54.000000000000   0.94120551889553
     55.000000000000   0.94167670703103
     56.000000000000   0.94215740187942
     57.000000000000   0.94264766562629
     58.000000000000   0.94314756342037
     59.000000000000   0.94365716355280
     60.000000000000   0.94417653765135
     61.000000000000   0.94470576089135
     62.000000000000   0.94524491222502
     63.000000000000   0.94579407463122
     64.000000000000   0.94635333538784
     65.000000000000   0.94692278636954
     66.000000000000   0.94750252437369
     67.000000000000   0.94809265147790
     68.000000000000   0.94869327543303
     69.000000000000   0.94930451009607
     70.000000000000   0.94992647590811
     71.000000000000   0.95055930042321
     72.000000000000   0.95120311889525
     73.000000000000   0.95185807493057
     74.000000000000   0.95252432121618
     75.000000000000   0.95320202033437
     76.000000000000   0.95389134567708
     77.000000000000   0.95459248247557
     78.000000000000   0.95530562896428
     79.000000000000   0.95603099770130
     80.000000000000   0.95676881707279
     81.000000000000   0.95751933301474
     82.000000000000   0.95828281099298
     83.000000000000   0.95905953829224
     84.000000000000   0.95984982667789
     85.000000000000   0.96065401551098
     86.000000000000   0.96147247541979
     87.000000000000   0.96230561266244
     88.000000000000   0.96315387435877
     89.000000000000   0.96401775483185
     90.000000000000   0.96489780339126
     91.000000000000   0.96579463402438
     92.000000000000   0.96670893766152
     93.000000000000   0.96764149796630
     94.000000000000   0.96859321198986
     95.000000000000   0.96956511749166
     96.000000000000   0.97055842914765
     97.000000000000   0.97157458592486
     98.000000000000   0.97261531097450
     99.000000000000   0.97368268246553
    100.000000000000   0.97477920750589
    101.000000000000   0.97590788041496
    102.000000000000   0.97707219080519
    103.000000000000   0.97827602817086
    104.000000000000   0.97952341356111
    105.000000000000   0.98081798512586
     106.00000000000   0.98216218504567
     107.00000000000   0.98355615072541
     108.00000000000   0.98499640431392
     109.00000000000   0.98647454701947
     110.00000000000   0.98797626564149
     111.00000000000   0.98948100366163
     112.00000000000   0.99096259741615
     113.00000000000   0.99239101322403
     114.00000000000   0.99373506866572
     115.00000000000   0.99496574734267
     116.00000000000   0.99605951129487
     117.00000000000   0.99700095761465
     118.00000000000   0.99778428871372
     119.00000000000   0.99841333857794
     120.00000000000   0.99890023517570
     121.00000000000   0.99926307575847
     122.00000000000   0.99952316133799
     123.00000000000   0.99970234445106
     124.00000000000   0.99982091352090
     125.00000000000   0.99989623123566
     126.00000000000   0.99994213719530
     127.00000000000   0.99996897287864
     128.00000000000   0.99998401394867
     129.00000000000   0.99999209446773
     130.00000000000   0.99999625437685
     131.00000000000   0.99999830609110
     132.00000000000   0.99999927538433
     133.00000000000   0.99999971394136
     134.00000000000   0.99999990394672
     135.00000000000   0.99999998276342
     136.00000000000    1.0000000140626
     137.00000000000    1.0000000259605
     138.00000000000    1.0000000302894
     139.00000000000    1.0000000317969
     140.00000000000    1.0000000322992
     141.00000000000    1.0000000324594
     142.00000000000    1.0000000325083
     143.00000000000    1.0000000325226
     144.00000000000    1.0000000325266
     145.00000000000    1.0000000325276
     146.00000000000    1.0000000325279
     147.00000000000    1.0000000325280
     148.00000000000    1.0000000325280
     149.00000000000    1.0000000325280
     150.00000000000    1.0000000325280
     151.00000000000    1.0000000325280
     152.00000000000    1.0000000325280
     153.00000000000    1.0000000325280
     154.00000000000    1.0000000325280
     155.00000000000    1.0000000325280
     156.00000000000    1.0000000325280
     157.00000000000    1.0000000325280
     158.00000000000    1.0000000325280
     159.00000000000    1.0000000325280
     160.00000000000    1.0000000325280
     161.00000000000    1.0000000325280
     162.00000000000    1.0000000325280
     163.00000000000    1.0000000325280
     164.00000000000    1.0000000325280
     165.00000000000    1.0000000325280
     166.00000000000    1.0000000325280
     167.00000000000    1.0000000325280
     168.00000000000    1.0000000325280
     169.00000000000    1.0000000325280
     170.00000000000    1.0000000325280
     171.00000000000    1.0000000325280
     172.00000000000    1.0000000325280
     173.00000000000    1.0000000325280
     174.00000000000    1.0000000325280
     175.00000000000    1.0000000325280
     176.00000000000    1.0000000325280
     177.00000000000    1.0000000325280
     178.00000000000    1.0000000325280
     179.00000000000    1.0000000325280
     180.00000000000    1.0000000325280
     181.00000000000    1.0000000325280
     182.00000000000    1.0000000325280
     183.00000000000    1.0000000325280
     184.00000000000    1.0000000325280
     185.00000000000    1.0000000325280
     186.00000000000    1.0000000325280
     187.00000000000    1.0000000325280
     188.00000000000    1.0000000325280
     189.00000000000    1.0000000325280
     190.00000000000    1.0000000325280
     191.00000000000    1.0000000325280
     192.00000000000    1.0000000325280
     193.00000000000    1.0000000325280
     194.00000000000    1.0000000325280
     195.00000000000    1.0000000325280
     196.00000000000    1.0000000325280
     197.00000000000    1.0000000325280
     198.00000000000    1.0000000325280
     199.00000000000    1.0000000325280
     200.00000000000    1.0000000325280
     201.00000000000    1.0000000325280
     202.00000000000    1.0000000325280
     203.00000000000    1.0000000325280
     204.00000000000    1.0000000325280
     205.00000000000    1.0000000325280
     206.00000000000    1.0000000325280
     207.00000000000    1.0000000325280
     208.00000000000    1.0000000325280
     209.00000000000    1.0000000325280
     210.00000000000    1.0000000325280
     211.00000000000    1.0000000325280
     212.00000000000    1.0000000325280
     213.00000000000    1.0000000325280
     214.00000000000    1.0000000325280
     215.00000000000    1.0000000325280
     216.00000000000    1.0000000325280
     217.00000000000    1.0000000325280
     218.00000000000    1.0000000325280
     219.00000000000    1.0000000325280
     220.00000000000    1.0000000325280
     221.00000000000    1.0000000325280
     222.00000000000    1.0000000325280
     223.00000000000    1.0000000325280
     224.00000000000    1.0000000325280
     225.00000000000    1.0000000325280
     226.00000000000    1.0000000325280
     227.00000000000    1.0000000325280
     228.00000000000    1.0000000325280
     229.00000000000    1.0000000325280
     230.00000000000    1.0000000325280
     231.00000000000    1.0000000325280
     232.00000000000    1.0000000325280
     233.00000000000    1.0000000325280
     234.00000000000    1.0000000325280
     235.00000000000    1.0000000325280
     236.00000000000    1.0000000325280
     237.00000000000    1.0000000325280
     238.00000000000    1.0000000325280
     239.00000000000    1.0000000325280
     240.00000000000    1.0000000325280
     241.00000000000    1.0000000325280
     242.00000000000    1.0000000325280
     243.00000000000    1.0000000325280
     244.00000000000    1.0000000325280
     245.00000000000    1.0000000325280
     246.00000000000    1.0000000325280
     247.00000000000    1.0000000325280
     248.00000000000    1.0000000325280
     249.00000000000    1.0000000325280
     250.00000000000    1.0000000325280
     251.00000000000    1.0000000325280
     252.00000000000    1.0000000325280
     253.00000000000    1.0000000325280
     254.00000000000    1.0000000325280
     255.00000000000    1.0000000325280
     256.00000000000    1.0000000325280
     257.00000000000    1.0000000325280
     258.00000000000    1.0000000325280
     259.00000000000    1.0000000325280
     260.00000000000    1.0000000325280
     261.00000000000    1.0000000325280
     262.00000000000    1.0000000325280
     263.00000000000    1.0000000325280
     264.00000000000    1.0000000325280
     265.00000000000    1.0000000325280
     266.00000000000    1.0000000325280
     267.00000000000    1.0000000325280
     268.00000000000    1.0000000325280
     269.00000000000    1.0000000325280
     270.00000000000    1.0000000325280
     271.00000000000    1.0000000325280
     272.00000000000    1.0000000325280
     273.00000000000    1.0000000325280
     274.00000000000    1.0000000325280
     275.00000000000    1.0000000325280
     276.00000000000    1.0000000325280
     277.00000000000    1.0000000325280
     278.00000000000    1.0000000325280
     279.00000000000    1.0000000325280
     280.00000000000    1.0000000325280
     281.00000000000    1.0000000325280
     282.00000000000    1.0000000325280
     283.00000000000    1.0000000325280
     284.00000000000    1.0000000325280
     285.00000000000    1.0000000325280
     286.00000000000    1.0000000325280
     287.00000000000    1.0000000325280
     288.00000000000    1.0000000325280
     289.00000000000    1.0000000325280
     290.00000000000    1.0000000325280
     291.00000000000    1.0000000325280
     292.00000000000    1.0000000325280
     293.00000000000    1.0000000325280
     294.00000000000    1.0000000325280
     295.00000000000    1.0000000325280
     296.00000000000    1.0000000325280
     297.00000000000    1.0000000325280
     298.00000000000    1.0000000325280
     299.00000000000    1.0000000325280
     300.00000000000    1.0000000325280
     301.00000000000    1.0000000325280
     302.00000000000    1.0000000325280
     303.00000000000    1.0000000325280
     304.00000000000    1.0000000325280
     305.00000000000    1.0000000325280
     306.00000000000    1.0000000325280
     307.00000000000    1.0000000325280
     308.00000000000    1.0000000325280
     309.00000000000    1.0000000325280
     310.00000000000    1.0000000325280
     311.00000000000    1.0000000325280
     312.00000000000    1.0000000325280
     313.00000000000    1.0000000325280
     314.00000000000    1.0000000325280
     315.00000000000    1.0000000325280
     316.00000000000    1.0000000325280
     317.00000000000    1.0000000325280
     318.00000000000    1.0000000325280
     319.00000000000    1.0000000325280
     320.00000000000    1.0000000325280
     321.00000000000    1.0000000325280
     322.00000000000    1.0000000325280
     323.00000000000    1.0000000325280
     324.00000000000    1.0000000325280
     325.00000000000    1.0000000325280
     326.00000000000    1.0000000325280
     327.00000000000    1.0000000325280
     328.00000000000    1.0000000325280
     329.00000000000    1.0000000325280
     330.00000000000    1.0000000325280
     331.00000000000    1.0000000325280
     332.00000000000    1.0000000325280
     333.00000000000    1.0000000325280
     334.00000000000    1.0000000325280
     335.00000000000    1.0000000325280
     336.00000000000    1.0000000325280
     337.00000000000    1.0000000325280
     338.00000000000    1.0000000325280
     339.00000000000    1.0000000325280
     340.00000000000    1.0000000325280
     341.00000000000    1.0000000325280
     342.00000000000    1.0000000325280
     343.00000000000    1.0000000325280
     344.00000000000    1.0000000325280
     345.00000000000    1.0000000325280
     346.00000000000    1.0000000325280
     347.00000000000    1.0000000325280
     348.00000000000    1.0000000325280
     349.00000000000    1.0000000325280
     350.00000000000    1.0000000325280
     351.00000000000    1.0000000325280
     352.00000000000    1.0000000325280
     353.00000000000    1.0000000325280
     354.00000000000    1.0000000325280
     355.00000000000    1.0000000325280
     356.00000000000    1.0000000325280
     357.00000000000    1.0000000325280
     358.00000000000    1.0000000325280
     359.00000000000    1.0000000325280
     360.00000000000    1.0000000325280
     361.00000000000    1.0000000325280
     362.00000000000    1.0000000325280
     363.00000000000    1.0000000325280
     364.00000000000    1.0000000325280
     365.00000000000    1.0000000325280
     366.00000000000    1.0000000325280
     367.00000000000    1.0000000325280
     368.00000000000    1.0000000325280
     369.00000000000    1.0000000325280
     370.00000000000    1.0000000325280
     371.00000000000    1.0000000325280
     372.00000000000    1.0000000325280
     373.00000000000    1.0000000325280
     374.00000000000    1.0000000325280
     375.00000000000    1.0000000325280
     376.00000000000    1.0000000325280
     377.00000000000    1.0000000325280
     378.00000000000    1.0000000325280
     379.00000000000    1.0000000325280
     380.00000000000    1.0000000325280
     381.00000000000    1.0000000325280
     382.00000000000    1.0000000325280
     383.00000000000    1.0000000325280
     384.00000000000    1.0000000325280
     385.00000000000    1.0000000325280
     386.00000000000    1.0000000325280
     387.00000000000    1.0000000325280
     388.00000000000    1.0000000325280
     389.00000000000    1.0000000325280
     390.00000000000    1.0000000325280
     391.00000000000    1.0000000325280
     392.00000000000    1.0000000325280
     393.00000000000    1.0000000325280
     394.00000000000    1.0000000325280
     395.00000000000    1.0000000325280
     396.00000000000    1.0000000325280
     397.00000000000    1.0000000325280
     398.00000000000    1.0000000325280
     399.00000000000    1.0000000325280
     400.00000000000    1.0000000325280
     401.00000000000    1.0000000325280
     402.00000000000    1.0000000325280
     403.00000000000    1.0000000325280
     404.00000000000    1.0000000325280
     405.00000000000    1.0000000325280
     406.00000000000    1.0000000325280
     407.00000000000    1.0000000325280
     408.00000000000    1.0000000325280
     409.00000000000    1.0000000325280
     410.00000000000    1.0000000325280
     411.00000000000    1.0000000325280
     412.00000000000    1.0000000325280
     413.00000000000    1.0000000325280
     414.00000000000    1.0000000325280
     415.00000000000    1.0000000325280
     416.00000000000    1.0000000325280
     417.00000000000    1.0000000325280
     418.00000000000    1.0000000325280
     419.00000000000    1.0000000325280
     420.00000000000    1.0000000325280
     421.00000000000    1.0000000325280
     422.00000000000    1.0000000325280
     423.00000000000    1.0000000325280
     424.00000000000    1.0000000325280
     425.00000000000    1.0000000325280
     426.00000000000    1.0000000325280
     427.00000000000    1.0000000325280
     428.00000000000    1.0000000325280
     429.00000000000    1.0000000325280
     430.00000000000    1.0000000325280
     431.00000000000    1.0000000325280
     432.00000000000    1.0000000325280
     433.00000000000    1.0000000325280
     434.00000000000    1.0000000325280
     435.00000000000    1.0000000325280
     436.00000000000    1.0000000325280
     437.00000000000    1.0000000325280
     438.00000000000    1.0000000325280
     439.00000000000    1.0000000325280
     440.00000000000    1.0000000325280
     441.00000000000    1.0000000325280
     442.00000000000    1.0000000325280
     443.00000000000    1.0000000325280
     444.00000000000    1.0000000325280
     445.00000000000    1.0000000325280
     446.00000000000    1.0000000325280
     447.00000000000    1.0000000325280
     448.00000000000    1.0000000325280
     449.00000000000    1.0000000325280
     450.00000000000    1.0000000325280
     451.00000000000    1.0000000325280
     452.00000000000    1.0000000325280
     453.00000000000    1.0000000325280
     454.00000000000    1.0000000325280
     455.00000000000    1.0000000325280
     456.00000000000    1.0000000325280
     457.00000000000    1.0000000325280
     458.00000000000    1.0000000325280
     459.00000000000    1.0000000325280
     460.00000000000    1.0000000325280
     461.00000000000    1.0000000325280
     462.00000000000    1.0000000325280
     463.00000000000    1.0000000325280
     464.00000000000    1.0000000325280
     465.00000000000    1.0000000325280
     466.00000000000    1.0000000325280
     467.00000000000    1.0000000325280
     468.00000000000    1.0000000325280
     469.00000000000    1.0000000325280
     470.00000000000    1.0000000325280
     471.00000000000    1.0000000325280
     472.00000000000    1.0000000325280
     473.00000000000    1.0000000325280
     474.00000000000    1.0000000325280
     475.00000000000    1.0000000325280
     476.00000000000    1.0000000325280
     477.00000000000    1.0000000325280
     478.00000000000    1.0000000325280
     479.00000000000    1.0000000325280
     480.00000000000    1.0000000325280
     481.00000000000    1.0000000325280
     482.00000000000    1.0000000325280
     483.00000000000    1.0000000325280
     484.00000000000    1.0000000325280
     485.00000000000    1.0000000325280
     486.00000000000    1.0000000325280
     487.00000000000    1.0000000325280
     488.00000000000    1.0000000325280
     489.00000000000    1.0000000325280
     490.00000000000    1.0000000325280
     491.00000000000    1.0000000325280
     492.00000000000    1.0000000325280
     493.00000000000    1.0000000325280
     494.00000000000    1.0000000325280
     495.00000000000    1.0000000325280
     496.00000000000    1.0000000325280
     497.00000000000    1.0000000325280
     498.00000000000    1.0000000325280
     499.00000000000    1.0000000325280
     500.00000000000    1.0000000325280
