    -500.00000000000    1.0000000325280
    -499.00000000000    1.0000000325280
    -498.00000000000    1.0000000325280
    -497.00000000000    1.0000000325280
    -496.00000000000    1.0000000325280
    -495.00000000000    1.0000000325280
    -494.00000000000    1.0000000325280
    -493.00000000000    1.0000000325280
    -492.00000000000    1.0000000325280
    -491.00000000000    1.0000000325280
    -490.00000000000    1.0000000325280
    -489.00000000000    1.0000000325280
    -488.00000000000    1.0000000325280
    -487.00000000000    1.0000000325280
    -486.00000000000    1.0000000325280
    -485.00000000000    1.0000000325280
    -484.00000000000    1.0000000325280
    -483.00000000000    1.0000000325280
    -482.00000000000    1.0000000325280
    -481.00000000000    1.0000000325280
    -480.00000000000    1.0000000325280
    -479.00000000000    1.0000000325280
    -478.00000000000    1.0000000325280
    -477.00000000000    1.0000000325280
    -476.00000000000    1.0000000325280
    -475.00000000000    1.0000000325280
    -474.00000000000    1.0000000325280
    -473.00000000000    1.0000000325280
    -472.00000000000    1.0000000325280
    -471.00000000000    1.0000000325280
    -470.00000000000    1.0000000325280
    -469.00000000000    1.0000000325280
    -468.00000000000    1.0000000325280
    -467.00000000000    1.0000000325280
    -466.00000000000    1.0000000325280
    -465.00000000000    1.0000000325280
    -464.00000000000    1.0000000325280
    -463.00000000000    1.0000000325280
    -462.00000000000    1.0000000325280
    -461.00000000000    1.0000000325280
    -460.00000000000    1.0000000325280
    -459.00000000000    1.0000000325280
    -458.00000000000    1.0000000325280
    -457.00000000000    1.0000000325280
    -456.00000000000    1.0000000325280
    -455.00000000000    1.0000000325280
    -454.00000000000    1.0000000325280
    -453.00000000000    1.0000000325280
    -452.00000000000    1.0000000325280
    -451.00000000000    1.0000000325280
    -450.00000000000    1.0000000325280
    -449.00000000000    1.0000000325280
    -448.00000000000    1.0000000325280
    -447.00000000000    1.0000000325280
    -446.00000000000    1.0000000325280
    -445.00000000000    1.0000000325280
    -444.00000000000    1.0000000325280
    -443.00000000000    1.0000000325280
    -442.00000000000    1.0000000325280
    -441.00000000000    1.0000000325280
    -440.00000000000    1.0000000325280
    -439.00000000000    1.0000000325280
    -438.00000000000    1.0000000325280
    -437.00000000000    1.0000000325280
    -436.00000000000    1.0000000325280
    -435.00000000000    1.0000000325280
    -434.00000000000    1.0000000325280
    -433.00000000000    1.0000000325280
    -432.00000000000    1.0000000325280
    -431.00000000000    1.0000000325280
    -430.00000000000    1.0000000325280
    -429.00000000000    1.0000000325280
    -428.00000000000    1.0000000325280
    -427.00000000000    1.0000000325280
    -426.00000000000    1.0000000325280
    -425.00000000000    1.0000000325280
    -424.00000000000    1.0000000325280
    -423.00000000000    1.0000000325280
    -422.00000000000    1.0000000325280
    -421.00000000000    1.0000000325280
    -420.00000000000    1.0000000325280
    -419.00000000000    1.0000000325280
    -418.00000000000    1.0000000325280
    -417.00000000000    1.0000000325280
    -416.00000000000    1.0000000325280
    -415.00000000000    1.0000000325280
    -414.00000000000    1.0000000325280
    -413.00000000000    1.0000000325280
    -412.00000000000    1.0000000325280
    -411.00000000000    1.0000000325280
    -410.00000000000    1.0000000325280
    -409.00000000000    1.0000000325280
    -408.00000000000    1.0000000325280
    -407.00000000000    1.0000000325280
    -406.00000000000    1.0000000325280
    -405.00000000000    1.0000000325280
    -404.00000000000    1.0000000325280
    -403.00000000000    1.0000000325280
    -402.00000000000    1.0000000325280
    -401.00000000000    1.0000000325280
    -400.00000000000    1.0000000325280
    -399.00000000000    1.0000000325280
    -398.00000000000    1.0000000325280
    -397.00000000000    1.0000000325280
    -396.00000000000    1.0000000325280
    -395.00000000000    1.0000000325280
    -394.00000000000    1.0000000325280
    -393.00000000000    1.0000000325280
    -392.00000000000    1.0000000325280
    -391.00000000000    1.0000000325280
    -390.00000000000    1.0000000325280
    -389.00000000000    1.0000000325280
    -388.00000000000    1.0000000325280
    -387.00000000000    1.0000000325280
    -386.00000000000    1.0000000325280
    -385.00000000000    1.0000000325280
    -384.00000000000    1.0000000325280
    -383.00000000000    1.0000000325280
    -382.00000000000    1.0000000325280
    -381.00000000000    1.0000000325280
    -380.00000000000    1.0000000325280
    -379.00000000000    1.0000000325280
    -378.00000000000    1.0000000325280
    -377.00000000000    1.0000000325280
    -376.00000000000    1.0000000325280
    -375.00000000000    1.0000000325280
    -374.00000000000    1.0000000325280
    -373.00000000000    1.0000000325280
    -372.00000000000    1.0000000325280
    -371.00000000000    1.0000000325280
    -370.00000000000    1.0000000325280
    -369.00000000000    1.0000000325280
    -368.00000000000    1.0000000325280
    -367.00000000000    1.0000000325280
    -366.00000000000    1.0000000325280
    -365.00000000000    1.0000000325280
    -364.00000000000    1.0000000325280
    -363.00000000000    1.0000000325280
    -362.00000000000    1.0000000325280
    -361.00000000000    1.0000000325280
    -360.00000000000    1.0000000325280
    -359.00000000000    1.0000000325280
    -358.00000000000    1.0000000325280
    -357.00000000000    1.0000000325280
    -356.00000000000    1.0000000325280
    -355.00000000000    1.0000000325280
    -354.00000000000    1.0000000325280
    -353.00000000000    1.0000000325280
    -352.00000000000    1.0000000325280
    -351.00000000000    1.0000000325280
    -350.00000000000    1.0000000325280
    -349.00000000000    1.0000000325280
    -348.00000000000    1.0000000325280
    -347.00000000000    1.0000000325280
    -346.00000000000    1.0000000325280
    -345.00000000000    1.0000000325280
    -344.00000000000    1.0000000325280
    -343.00000000000    1.0000000325280
    -342.00000000000    1.0000000325280
    -341.00000000000    1.0000000325280
    -340.00000000000    1.0000000325280
    -339.00000000000    1.0000000325280
    -338.00000000000    1.0000000325280
    -337.00000000000    1.0000000325280
    -336.00000000000    1.0000000325280
    -335.00000000000    1.0000000325280
    -334.00000000000    1.0000000325280
    -333.00000000000    1.0000000325280
    -332.00000000000    1.0000000325280
    -331.00000000000    1.0000000325280
    -330.00000000000    1.0000000325280
    -329.00000000000    1.0000000325280
    -328.00000000000    1.0000000325280
    -327.00000000000    1.0000000325280
    -326.00000000000    1.0000000325280
    -325.00000000000    1.0000000325280
    -324.00000000000    1.0000000325280
    -323.00000000000    1.0000000325280
    -322.00000000000    1.0000000325280
    -321.00000000000    1.0000000325280
    -320.00000000000    1.0000000325280
    -319.00000000000    1.0000000325280
    -318.00000000000    1.0000000325280
    -317.00000000000    1.0000000325280
    -316.00000000000    1.0000000325280
    -315.00000000000    1.0000000325280
    -314.00000000000    1.0000000325280
    -313.00000000000    1.0000000325280
    -312.00000000000    1.0000000325280
    -311.00000000000    1.0000000325280
    -310.00000000000    1.0000000325280
    -309.00000000000    1.0000000325280
    -308.00000000000    1.0000000325280
    -307.00000000000    1.0000000325280
    -306.00000000000    1.0000000325280
    -305.00000000000    1.0000000325280
    -304.00000000000    1.0000000325280
    -303.00000000000    1.0000000325280
    -302.00000000000    1.0000000325280
    -301.00000000000    1.0000000325280
    -300.00000000000    1.0000000325280
    -299.00000000000    1.0000000325280
    -298.00000000000    1.0000000325280
    -297.00000000000    1.0000000325280
    -296.00000000000    1.0000000325280
    -295.00000000000    1.0000000325280
    -294.00000000000    1.0000000325279
    -293.00000000000    1.0000000325276
    -292.00000000000    1.0000000325265
    -291.00000000000    1.0000000325226
    -290.00000000000    1.0000000325091
    -289.00000000000    1.0000000324652
    -288.00000000000    1.0000000323273
    -287.00000000000    1.0000000319141
    -286.00000000000    1.0000000307283
    -285.00000000000    1.0000000274719
    -284.00000000000    1.0000000189128
    -283.00000000000   0.99999999737955
    -282.00000000000   0.99999994551909
    -281.00000000000   0.99999982594102
    -280.00000000000   0.99999956193761
    -279.00000000000   0.99999900376092
    -278.00000000000   0.99999787342379
    -277.00000000000   0.99999568062643
    -276.00000000000   0.99999160461511
    -275.00000000000   0.99998434313480
    -274.00000000000   0.99997194114005
    -273.00000000000   0.99995162791682
    -272.00000000000   0.99991970840591
    -271.00000000000   0.99987156654041
    -270.00000000000   0.99980183736592
    -269.00000000000   0.99970478393839
    -268.00000000000   0.99957487307140
    -267.00000000000   0.99940748791495
    -266.00000000000   0.99919966064522
    -265.00000000000   0.99895067522815
    -264.00000000000   0.99866239507735
    -263.00000000000   0.99833921892112
    -262.00000000000   0.99798765001520
    -261.00000000000   0.99761555509310
    -260.00000000000   0.99723126126489
    -259.00000000000   0.99684266898519
    -258.00000000000   0.99645653994959
    -257.00000000000   0.99607806039134
    -256.00000000000   0.99571070484013
    -255.00000000000   0.99535635748544
    -254.00000000000   0.99501560554896
    -253.00000000000   0.99468810747373
    -252.00000000000   0.99437295315067
    -251.00000000000   0.99406896227197
    -250.00000000000   0.99377489797814
    -249.00000000000   0.99348959753335
    -248.00000000000   0.99321203616778
    -247.00000000000   0.99294134509555
    -246.00000000000   0.99267680302945
    -245.00000000000   0.99241781567927
    -244.00000000000   0.99216389237923
    -243.00000000000   0.99191462461346
    -242.00000000000   0.99166966826698
    -241.00000000000   0.99142872978435
    -240.00000000000   0.99119155569027
    -239.00000000000   0.99095792473271
    -238.00000000000   0.99072764196882
    -237.00000000000   0.99050053425645
    -236.00000000000   0.99027644675888
    -235.00000000000   0.99005524018654
    -234.00000000000   0.98983678858392
    -233.00000000000   0.98962097752770
    -232.00000000000   0.98940770264118
    -231.00000000000   0.98919686835615
    -230.00000000000   0.98898838687155
    -229.00000000000   0.98878217727033
    -228.00000000000   0.98857816476526
    -227.00000000000   0.98837628005061
    -226.00000000000   0.98817645874161
    -225.00000000000   0.98797864088729
    -224.00000000000   0.98778277054494
    -223.00000000000   0.98758879540676
    -222.00000000000   0.98739666647097
    -221.00000000000   0.98720633775090
    -220.00000000000   0.98701776601673
    -219.00000000000   0.98683091056554
    -218.00000000000   0.98664573301581
    -217.00000000000   0.98646219712321
    -216.00000000000   0.98628026861514
    -215.00000000000   0.98609991504152
    -214.00000000000   0.98592110564005
    -213.00000000000   0.98574381121418
    -212.00000000000   0.98556800402234
    -211.00000000000   0.98539365767716
    -210.00000000000   0.98522074705359
    -209.00000000000   0.98504924820504
    -208.00000000000   0.98487913828659
    -207.00000000000   0.98471039548457
    -206.00000000000   0.98454299895193
    -205.00000000000   0.98437692874879
    -204.00000000000   0.98421216578761
    -203.00000000000   0.98404869178265
    -202.00000000000   0.98388648920325
    -201.00000000000   0.98372554123054
    -200.00000000000   0.98356583171741
    -199.00000000000   0.98340734515127
    -198.00000000000   0.98325006661953
    -197.00000000000   0.98309398177742
    -196.00000000000   0.98293907681805
    -195.00000000000   0.98278533844450
    -194.00000000000   0.98263275384372
    -193.00000000000   0.98248131066220
    -192.00000000000   0.98233099698317
    -191.00000000000   0.98218180130523
    -190.00000000000   0.98203371252239
    -189.00000000000   0.98188671990526
    -188.00000000000   0.98174081308343
    -187.00000000000   0.98159598202893
    -186.00000000000   0.98145221704060
    -185.00000000000   0.98130950872941
    -184.00000000000   0.98116784800468
    -183.00000000000   0.98102722606098
    -182.00000000000   0.98088763436585
    -181.00000000000   0.98074906464813
    -180.00000000000   0.98061150888704
    -179.00000000000   0.98047495930169
    -178.00000000000   0.98033940834133
    -177.00000000000   0.98020484867595
    -176.00000000000   0.98007127318747
    -175.00000000000   0.97993867496139
    -174.00000000000   0.97980704727879
    -173.00000000000   0.97967638360878
    -172.00000000000   0.97954667760136
    -171.00000000000   0.97941792308055
    -170.00000000000   0.97929011403793
    -169.00000000000   0.97916324462644
    -168.00000000000   0.97903730915451
    -167.00000000000   0.97891230208042
    -166.00000000000   0.97878821800700
    -165.00000000000   0.97866505167650
    -164.00000000000   0.97854279796572
    -163.00000000000   0.97842145188139
    -162.00000000000   0.97830100855568
    -161.00000000000   0.97818146324203
    -160.00000000000   0.97806281131102
    -159.00000000000   0.97794504824653
    -158.00000000000   0.97782816964202
    -157.00000000000   0.97771217119697
    -156.00000000000   0.97759704871348
    -155.00000000000   0.97748279809300
    -154.00000000000   0.97736941533320
    -153.00000000000   0.97725689652499
    -152.00000000000   0.97714523784961
    -151.00000000000   0.97703443557589
    -150.00000000000   0.97692448605759
    -149.00000000000   0.97681538573086
    -148.00000000000   0.97670713111180
    -147.00000000000   0.97659971879407
    -146.00000000000   0.97649314544669
    -145.00000000000   0.97638740781179
    -144.00000000000   0.97628250270261
    -143.00000000000   0.97617842700139
    -142.00000000000   0.97607517765751
    -141.00000000000   0.97597275168556
    -140.00000000000   0.97587114616360
    -139.00000000000   0.97577035823139
    -138.00000000000   0.97567038508872
    -137.00000000000   0.97557122399382
    -136.00000000000   0.97547287226179
    -135.00000000000   0.97537532726310
    -134.00000000000   0.97527858642217
    -133.00000000000   0.97518264721595
    -132.00000000000   0.97508750717255
    -131.00000000000   0.97499316387001
    -130.00000000000   0.97489961493496
    -129.00000000000   0.97480685804148
    -128.00000000000   0.97471489090986
    -127.00000000000   0.97462371130552
    -126.00000000000   0.97453331703786
    -125.00000000000   0.97444370595925
    -124.00000000000   0.97435487596397
    -123.00000000000   0.97426682498724
    -122.00000000000   0.97417955100423
    -121.00000000000   0.97409305202913
    -120.00000000000   0.97400732611430
    -119.00000000000   0.97392237134933
    -118.00000000000   0.97383818586023
    -117.00000000000   0.97375476780861
    -116.00000000000   0.97367211539088
    -115.00000000000   0.97359022683748
    -114.00000000000   0.97350910041213
    -113.00000000000   0.97342873441112
    -112.00000000000   0.97334912716260
    -111.00000000000   0.97327027702589
    -110.00000000000   0.97319218239086
    -109.00000000000   0.97311484167722
    -108.00000000000   0.97303825333397
    -107.00000000000   0.97296241583876
    -106.00000000000   0.97288732769730
   -105.000000000000   0.97281298744280
   -104.000000000000   0.97273939363544
   -103.000000000000   0.97266654486181
   -102.000000000000   0.97259443973438
   -101.000000000000   0.97252307689100
   -100.000000000000   0.97245245499445
    -99.000000000000   0.97238257273192
    -98.000000000000   0.97231342881452
    -97.000000000000   0.97224502197688
    -96.000000000000   0.97217735097672
    -95.000000000000   0.97211041459440
    -94.000000000000   0.97204421163246
    -93.000000000000   0.97197874091526
    -92.000000000000   0.97191400128864
    -91.000000000000   0.97184999161949
    -90.000000000000   0.97178671079532
    -89.000000000000   0.97172415772393
    -88.000000000000   0.97166233133320
    -87.000000000000   0.97160123057059
    -86.000000000000   0.97154085440278
    -85.000000000000   0.97148120181541
    -84.000000000000   0.97142227181291
    -83.000000000000   0.97136406341801
    -82.000000000000   0.97130657567136
    -81.000000000000   0.97124980763141
    -80.000000000000   0.97119375837420
    -79.000000000000   0.97113842699297
    -78.000000000000   0.97108381259771
    -77.000000000000   0.97102991431509
    -76.000000000000   0.97097673128842
    -75.000000000000   0.97092426267713
    -74.000000000000   0.97087250765634
    -73.000000000000   0.97082146541693
    -72.000000000000   0.97077113516546
    -71.000000000000   0.97072151612372
    -70.000000000000   0.97067260752822
    -69.000000000000   0.97062440863034
    -68.000000000000   0.97057691869637
    -67.000000000000   0.97053013700697
    -66.000000000000   0.97048406285667
    -65.000000000000   0.97043869555405
    -64.000000000000   0.97039403442191
    -63.000000000000   0.97035007879670
    -62.000000000000   0.97030682802791
    -61.000000000000   0.97026428147836
    -60.000000000000   0.97022243852448
    -59.000000000000   0.97018129855569
    -58.000000000000   0.97014086097374
    -57.000000000000   0.97010112519301
    -56.000000000000   0.97006209064094
    -55.000000000000   0.97002375675745
    -54.000000000000   0.96998612299411
    -53.000000000000   0.96994918881443
    -52.000000000000   0.96991295369454
    -51.000000000000   0.96987741712260
    -50.000000000000   0.96984257859781
    -49.000000000000   0.96980843763070
    -48.000000000000   0.96977499374396
    -47.000000000000   0.96974224647198
    -46.000000000000   0.96971019535966
    -45.000000000000   0.96967883996262
    -44.000000000000   0.96964817984822
    -43.000000000000   0.96961821459528
    -42.000000000000   0.96958894379269
    -41.000000000000   0.96956036703944
    -40.000000000000   0.96953248394589
    -39.000000000000   0.96950529413367
    -38.000000000000   0.96947879723414
    -37.000000000000   0.96945299288818
    -36.000000000000   0.96942788074762
    -35.000000000000   0.96940346047547
    -34.000000000000   0.96937973174423
    -33.000000000000   0.96935669423537
    -32.000000000000   0.96933434764088
    -31.000000000000   0.96931269166383
    -30.000000000000   0.96929172601670
    -29.000000000000   0.96927145042046
    -28.000000000000   0.96925186460609
    -27.000000000000   0.96923296831558
    -26.000000000000   0.96921476130038
    -25.000000000000   0.96919724332000
    -24.000000000000   0.96918041414343
    -23.000000000000   0.96916427355061
    -22.000000000000   0.96914882133103
    -21.000000000000   0.96913405728195
    -20.000000000000   0.96911998120961
    -19.000000000000   0.96910659293101
    -18.000000000000   0.96909389227290
    -17.000000000000   0.96908187906968
    -16.000000000000   0.96907055316414
    -15.000000000000   0.96905991440966
    -14.000000000000   0.96904996266958
    -13.000000000000   0.96904069781491
    -12.000000000000   0.96903211972454
    -11.000000000000   0.96902422828762
   -10.0000000000000   0.96901702340355
    -9.0000000000000   0.96901050497954
    -8.0000000000000   0.96900467293023
    -7.0000000000000   0.96899952718015
    -6.0000000000000   0.96899506766429
    -5.0000000000000   0.96899129432575
    -4.0000000000000   0.96898820711474
    -3.0000000000000   0.96898580599091
    -2.0000000000000   0.96898409092453
    -1.0000000000000   0.96898306189433
   0.   0.96898271888604
     1.0000000000000   0.96898306189433
     2.0000000000000   0.96898409092453
     3.0000000000000   0.96898580599091
     4.0000000000000   0.96898820711474
     5.0000000000000   0.96899129432575
     6.0000000000000   0.96899506766429
     7.0000000000000   0.96899952718015
     8.0000000000000   0.96900467293023
     9.0000000000000   0.96901050497954
    10.0000000000000   0.96901702340355
     11.000000000000   0.96902422828762
     12.000000000000   0.96903211972454
     13.000000000000   0.96904069781491
     14.000000000000   0.96904996266958
     15.000000000000   0.96905991440966
     16.000000000000   0.96907055316414
     17.000000000000   0.96908187906968
     18.000000000000   0.96909389227290
     19.000000000000   0.96910659293101
     20.000000000000   0.96911998120961
     21.000000000000   0.96913405728195
     22.000000000000   0.96914882133103
     23.000000000000   0.96916427355061
     24.000000000000   0.96918041414343
     25.000000000000   0.96919724332000
     26.000000000000   0.96921476130038
     27.000000000000   0.96923296831558
     28.000000000000   0.96925186460609
     29.000000000000   0.96927145042046
     30.000000000000   0.96929172601670
     31.000000000000   0.96931269166383
     32.000000000000   0.96933434764088
     33.000000000000   0.96935669423537
     34.000000000000   0.96937973174423
     35.000000000000   0.96940346047547
     36.000000000000   0.96942788074762
     37.000000000000   0.96945299288818
     38.000000000000   0.96947879723414
     39.000000000000   0.96950529413367
     40.000000000000   0.96953248394589
     41.000000000000   0.96956036703944
     42.000000000000   0.96958894379269
     43.000000000000   0.96961821459528
     44.000000000000   0.96964817984821
     45.000000000000   0.96967883996262
     46.000000000000   0.96971019535966
     47.000000000000   0.96974224647198
     48.000000000000   0.96977499374396
     49.000000000000   0.96980843763070
     50.000000000000   0.96984257859781
     51.000000000000   0.96987741712260
     52.000000000000   0.96991295369454
     53.000000000000   0.96994918881443
     54.000000000000   0.96998612299411
     55.000000000000   0.97002375675745
     56.000000000000   0.97006209064094
     57.000000000000   0.97010112519301
     58.000000000000   0.97014086097374
     59.000000000000   0.97018129855569
     60.000000000000   0.97022243852447
     61.000000000000   0.97026428147836
     62.000000000000   0.97030682802791
     63.000000000000   0.97035007879670
     64.000000000000   0.97039403442191
     65.000000000000   0.97043869555405
     66.000000000000   0.97048406285667
     67.000000000000   0.97053013700697
     68.000000000000   0.97057691869637
     69.000000000000   0.97062440863034
     70.000000000000   0.97067260752822
     71.000000000000   0.97072151612372
     72.000000000000   0.97077113516546
     73.000000000000   0.97082146541693
     74.000000000000   0.97087250765634
     75.000000000000   0.97092426267713
     76.000000000000   0.97097673128842
     77.000000000000   0.97102991431509
     78.000000000000   0.97108381259771
     79.000000000000   0.97113842699297
     80.000000000000   0.97119375837420
     81.000000000000   0.97124980763141
     82.000000000000   0.97130657567136
     83.000000000000   0.97136406341801
     84.000000000000   0.97142227181291
     85.000000000000   0.97148120181541
     86.000000000000   0.97154085440278
     87.000000000000   0.97160123057059
     88.000000000000   0.97166233133319
     89.000000000000   0.97172415772393
     90.000000000000   0.97178671079532
     91.000000000000   0.97184999161949
     92.000000000000   0.97191400128864
     93.000000000000   0.97197874091526
     94.000000000000   0.97204421163246
     95.000000000000   0.97211041459440
     96.000000000000   0.97217735097672
     97.000000000000   0.97224502197688
     98.000000000000   0.97231342881452
     99.000000000000   0.97238257273192
    100.000000000000   0.97245245499445
    101.000000000000   0.97252307689100
    102.000000000000   0.97259443973438
    103.000000000000   0.97266654486181
    104.000000000000   0.97273939363544
    105.000000000000   0.97281298744280
     106.00000000000   0.97288732769730
     107.00000000000   0.97296241583876
     108.00000000000   0.97303825333397
     109.00000000000   0.97311484167722
     110.00000000000   0.97319218239086
     111.00000000000   0.97327027702589
     112.00000000000   0.97334912716260
     113.00000000000   0.97342873441112
     114.00000000000   0.97350910041213
     115.00000000000   0.97359022683748
     116.00000000000   0.97367211539088
     117.00000000000   0.97375476780861
     118.00000000000   0.97383818586023
     119.00000000000   0.97392237134933
     120.00000000000   0.97400732611430
     121.00000000000   0.97409305202913
     122.00000000000   0.97417955100422
     123.00000000000   0.97426682498724
     124.00000000000   0.97435487596397
     125.00000000000   0.97444370595925
     126.00000000000   0.97453331703786
     127.00000000000   0.97462371130552
     128.00000000000   0.97471489090986
     129.00000000000   0.97480685804148
     130.00000000000   0.97489961493496
     131.00000000000   0.97499316387001
     132.00000000000   0.97508750717255
     133.00000000000   0.97518264721595
     134.00000000000   0.97527858642217
     135.00000000000   0.97537532726310
     136.00000000000   0.97547287226179
     137.00000000000   0.97557122399382
     138.00000000000   0.97567038508872
     139.00000000000   0.97577035823139
     140.00000000000   0.97587114616360
     141.00000000000   0.97597275168556
     142.00000000000   0.97607517765751
     143.00000000000   0.97617842700139
     144.00000000000   0.97628250270261
     145.00000000000   0.97638740781179
     146.00000000000   0.97649314544669
     147.00000000000   0.97659971879407
     148.00000000000   0.97670713111180
     149.00000000000   0.97681538573086
     150.00000000000   0.97692448605759
     151.00000000000   0.97703443557589
     152.00000000000   0.97714523784961
     153.00000000000   0.97725689652499
     154.00000000000   0.97736941533320
     155.00000000000   0.97748279809300
     156.00000000000   0.97759704871348
     157.00000000000   0.97771217119697
     158.00000000000   0.97782816964202
     159.00000000000   0.97794504824653
     160.00000000000   0.97806281131102
     161.00000000000   0.97818146324203
     162.00000000000   0.97830100855568
     163.00000000000   0.97842145188139
     164.00000000000   0.97854279796572
     165.00000000000   0.97866505167650
     166.00000000000   0.97878821800700
     167.00000000000   0.97891230208042
     168.00000000000   0.97903730915451
     169.00000000000   0.97916324462644
     170.00000000000   0.97929011403793
     171.00000000000   0.97941792308055
     172.00000000000   0.97954667760136
     173.00000000000   0.97967638360878
     174.00000000000   0.97980704727879
     175.00000000000   0.97993867496139
     176.00000000000   0.98007127318747
     177.00000000000   0.98020484867595
     178.00000000000   0.98033940834133
     179.00000000000   0.98047495930169
     180.00000000000   0.98061150888704
     181.00000000000   0.98074906464813
     182.00000000000   0.98088763436585
     183.00000000000   0.98102722606098
     184.00000000000   0.98116784800468
     185.00000000000   0.98130950872941
     186.00000000000   0.98145221704060
     187.00000000000   0.98159598202893
     188.00000000000   0.98174081308343
     189.00000000000   0.98188671990526
     190.00000000000   0.98203371252239
     191.00000000000   0.98218180130523
     192.00000000000   0.98233099698317
     193.00000000000   0.98248131066220
     194.00000000000   0.98263275384372
     195.00000000000   0.98278533844450
     196.00000000000   0.98293907681805
     197.00000000000   0.98309398177742
     198.00000000000   0.98325006661953
     199.00000000000   0.98340734515127
     200.00000000000   0.98356583171741
     201.00000000000   0.98372554123054
     202.00000000000   0.98388648920325
     203.00000000000   0.98404869178265
     204.00000000000   0.98421216578761
     205.00000000000   0.98437692874879
     206.00000000000   0.98454299895193
     207.00000000000   0.98471039548457
     208.00000000000   0.98487913828659
     209.00000000000   0.98504924820504
     210.00000000000   0.98522074705359
     211.00000000000   0.98539365767716
     212.00000000000   0.98556800402234
     213.00000000000   0.98574381121418
     214.00000000000   0.98592110564005
     215.00000000000   0.98609991504152
     216.00000000000   0.98628026861514
     217.00000000000   0.98646219712321
     218.00000000000   0.98664573301581
     219.00000000000   0.98683091056554
     220.00000000000   0.98701776601672
     221.00000000000   0.98720633775090
     222.00000000000   0.98739666647097
     223.00000000000   0.98758879540676
     224.00000000000   0.98778277054494
     225.00000000000   0.98797864088729
     226.00000000000   0.98817645874161
     227.00000000000   0.98837628005061
     228.00000000000   0.98857816476526
     229.00000000000   0.98878217727033
     230.00000000000   0.98898838687155
     231.00000000000   0.98919686835615
     232.00000000000   0.98940770264118
     233.00000000000   0.98962097752770
     234.00000000000   0.98983678858392
     235.00000000000   0.99005524018654
     236.00000000000   0.99027644675888
     237.00000000000   0.99050053425645
     238.00000000000   0.99072764196882
     239.00000000000   0.99095792473271
     240.00000000000   0.99119155569027
     241.00000000000   0.99142872978435
     242.00000000000   0.99166966826698
     243.00000000000   0.99191462461346
     244.00000000000   0.99216389237923
     245.00000000000   0.99241781567927
     246.00000000000   0.99267680302945
     247.00000000000   0.99294134509555
     248.00000000000   0.99321203616778
     249.00000000000   0.99348959753335
     250.00000000000   0.99377489797814
     251.00000000000   0.99406896227197
     252.00000000000   0.99437295315067
     253.00000000000   0.99468810747373
     254.00000000000   0.99501560554896
     255.00000000000   0.99535635748544
     256.00000000000   0.99571070484013
     257.00000000000   0.99607806039134
     258.00000000000   0.99645653994959
     259.00000000000   0.99684266898519
     260.00000000000   0.99723126126489
     261.00000000000   0.99761555509310
     262.00000000000   0.99798765001520
     263.00000000000   0.99833921892112
     264.00000000000   0.99866239507735
     265.00000000000   0.99895067522815
     266.00000000000   0.99919966064522
     267.00000000000   0.99940748791495
     268.00000000000   0.99957487307140
     269.00000000000   0.99970478393839
     270.00000000000   0.99980183736592
     271.00000000000   0.99987156654041
     272.00000000000   0.99991970840591
     273.00000000000   0.99995162791682
     274.00000000000   0.99997194114005
     275.00000000000   0.99998434313480
     276.00000000000   0.99999160461511
     277.00000000000   0.99999568062643
     278.00000000000   0.99999787342379
     279.00000000000   0.99999900376092
     280.00000000000   0.99999956193761
     281.00000000000   0.99999982594102
     282.00000000000   0.99999994551909
     283.00000000000   0.99999999737955
     284.00000000000    1.0000000189128
     285.00000000000    1.0000000274719
     286.00000000000    1.0000000307283
     287.00000000000    1.0000000319141
     288.00000000000    1.0000000323273
     289.00000000000    1.0000000324652
     290.00000000000    1.0000000325091
     291.00000000000    1.0000000325226
     292.00000000000    1.0000000325265
     293.00000000000    1.0000000325276
     294.00000000000    1.0000000325279
     295.00000000000    1.0000000325280
     296.00000000000    1.0000000325280
     297.00000000000    1.0000000325280
     298.00000000000    1.0000000325280
     299.00000000000    1.0000000325280
     300.00000000000    1.0000000325280
     301.00000000000    1.0000000325280
     302.00000000000    1.0000000325280
     303.00000000000    1.0000000325280
     304.00000000000    1.0000000325280
     305.00000000000    1.0000000325280
     306.00000000000    1.0000000325280
     307.00000000000    1.0000000325280
     308.00000000000    1.0000000325280
     309.00000000000    1.0000000325280
     310.00000000000    1.0000000325280
     311.00000000000    1.0000000325280
     312.00000000000    1.0000000325280
     313.00000000000    1.0000000325280
     314.00000000000    1.0000000325280
     315.00000000000    1.0000000325280
     316.00000000000    1.0000000325280
     317.00000000000    1.0000000325280
     318.00000000000    1.0000000325280
     319.00000000000    1.0000000325280
     320.00000000000    1.0000000325280
     321.00000000000    1.0000000325280
     322.00000000000    1.0000000325280
     323.00000000000    1.0000000325280
     324.00000000000    1.0000000325280
     325.00000000000    1.0000000325280
     326.00000000000    1.0000000325280
     327.00000000000    1.0000000325280
     328.00000000000    1.0000000325280
     329.00000000000    1.0000000325280
     330.00000000000    1.0000000325280
     331.00000000000    1.0000000325280
     332.00000000000    1.0000000325280
     333.00000000000    1.0000000325280
     334.00000000000    1.0000000325280
     335.00000000000    1.0000000325280
     336.00000000000    1.0000000325280
     337.00000000000    1.0000000325280
     338.00000000000    1.0000000325280
     339.00000000000    1.0000000325280
     340.00000000000    1.0000000325280
     341.00000000000    1.0000000325280
     342.00000000000    1.0000000325280
     343.00000000000    1.0000000325280
     344.00000000000    1.0000000325280
     345.00000000000    1.0000000325280
     346.00000000000    1.0000000325280
     347.00000000000    1.0000000325280
     348.00000000000    1.0000000325280
     349.00000000000    1.0000000325280
     350.00000000000    1.0000000325280
     351.00000000000    1.0000000325280
     352.00000000000    1.0000000325280
     353.00000000000    1.0000000325280
     354.00000000000    1.0000000325280
     355.00000000000    1.0000000325280
     356.00000000000    1.0000000325280
     357.00000000000    1.0000000325280
     358.00000000000    1.0000000325280
     359.00000000000    1.0000000325280
     360.00000000000    1.0000000325280
     361.00000000000    1.0000000325280
     362.00000000000    1.0000000325280
     363.00000000000    1.0000000325280
     364.00000000000    1.0000000325280
     365.00000000000    1.0000000325280
     366.00000000000    1.0000000325280
     367.00000000000    1.0000000325280
     368.00000000000    1.0000000325280
     369.00000000000    1.0000000325280
     370.00000000000    1.0000000325280
     371.00000000000    1.0000000325280
     372.00000000000    1.0000000325280
     373.00000000000    1.0000000325280
     374.00000000000    1.0000000325280
     375.00000000000    1.0000000325280
     376.00000000000    1.0000000325280
     377.00000000000    1.0000000325280
     378.00000000000    1.0000000325280
     379.00000000000    1.0000000325280
     380.00000000000    1.0000000325280
     381.00000000000    1.0000000325280
     382.00000000000    1.0000000325280
     383.00000000000    1.0000000325280
     384.00000000000    1.0000000325280
     385.00000000000    1.0000000325280
     386.00000000000    1.0000000325280
     387.00000000000    1.0000000325280
     388.00000000000    1.0000000325280
     389.00000000000    1.0000000325280
     390.00000000000    1.0000000325280
     391.00000000000    1.0000000325280
     392.00000000000    1.0000000325280
     393.00000000000    1.0000000325280
     394.00000000000    1.0000000325280
     395.00000000000    1.0000000325280
     396.00000000000    1.0000000325280
     397.00000000000    1.0000000325280
     398.00000000000    1.0000000325280
     399.00000000000    1.0000000325280
     400.00000000000    1.0000000325280
     401.00000000000    1.0000000325280
     402.00000000000    1.0000000325280
     403.00000000000    1.0000000325280
     404.00000000000    1.0000000325280
     405.00000000000    1.0000000325280
     406.00000000000    1.0000000325280
     407.00000000000    1.0000000325280
     408.00000000000    1.0000000325280
     409.00000000000    1.0000000325280
     410.00000000000    1.0000000325280
     411.00000000000    1.0000000325280
     412.00000000000    1.0000000325280
     413.00000000000    1.0000000325280
     414.00000000000    1.0000000325280
     415.00000000000    1.0000000325280
     416.00000000000    1.0000000325280
     417.00000000000    1.0000000325280
     418.00000000000    1.0000000325280
     419.00000000000    1.0000000325280
     420.00000000000    1.0000000325280
     421.00000000000    1.0000000325280
     422.00000000000    1.0000000325280
     423.00000000000    1.0000000325280
     424.00000000000    1.0000000325280
     425.00000000000    1.0000000325280
     426.00000000000    1.0000000325280
     427.00000000000    1.0000000325280
     428.00000000000    1.0000000325280
     429.00000000000    1.0000000325280
     430.00000000000    1.0000000325280
     431.00000000000    1.0000000325280
     432.00000000000    1.0000000325280
     433.00000000000    1.0000000325280
     434.00000000000    1.0000000325280
     435.00000000000    1.0000000325280
     436.00000000000    1.0000000325280
     437.00000000000    1.0000000325280
     438.00000000000    1.0000000325280
     439.00000000000    1.0000000325280
     440.00000000000    1.0000000325280
     441.00000000000    1.0000000325280
     442.00000000000    1.0000000325280
     443.00000000000    1.0000000325280
     444.00000000000    1.0000000325280
     445.00000000000    1.0000000325280
     446.00000000000    1.0000000325280
     447.00000000000    1.0000000325280
     448.00000000000    1.0000000325280
     449.00000000000    1.0000000325280
     450.00000000000    1.0000000325280
     451.00000000000    1.0000000325280
     452.00000000000    1.0000000325280
     453.00000000000    1.0000000325280
     454.00000000000    1.0000000325280
     455.00000000000    1.0000000325280
     456.00000000000    1.0000000325280
     457.00000000000    1.0000000325280
     458.00000000000    1.0000000325280
     459.00000000000    1.0000000325280
     460.00000000000    1.0000000325280
     461.00000000000    1.0000000325280
     462.00000000000    1.0000000325280
     463.00000000000    1.0000000325280
     464.00000000000    1.0000000325280
     465.00000000000    1.0000000325280
     466.00000000000    1.0000000325280
     467.00000000000    1.0000000325280
     468.00000000000    1.0000000325280
     469.00000000000    1.0000000325280
     470.00000000000    1.0000000325280
     471.00000000000    1.0000000325280
     472.00000000000    1.0000000325280
     473.00000000000    1.0000000325280
     474.00000000000    1.0000000325280
     475.00000000000    1.0000000325280
     476.00000000000    1.0000000325280
     477.00000000000    1.0000000325280
     478.00000000000    1.0000000325280
     479.00000000000    1.0000000325280
     480.00000000000    1.0000000325280
     481.00000000000    1.0000000325280
     482.00000000000    1.0000000325280
     483.00000000000    1.0000000325280
     484.00000000000    1.0000000325280
     485.00000000000    1.0000000325280
     486.00000000000    1.0000000325280
     487.00000000000    1.0000000325280
     488.00000000000    1.0000000325280
     489.00000000000    1.0000000325280
     490.00000000000    1.0000000325280
     491.00000000000    1.0000000325280
     492.00000000000    1.0000000325280
     493.00000000000    1.0000000325280
     494.00000000000    1.0000000325280
     495.00000000000    1.0000000325280
     496.00000000000    1.0000000325280
     497.00000000000    1.0000000325280
     498.00000000000    1.0000000325280
     499.00000000000    1.0000000325280
     500.00000000000    1.0000000325280
