    -500.00000000000    1.0000000325280
    -499.00000000000    1.0000000325280
    -498.00000000000    1.0000000325280
    -497.00000000000    1.0000000325280
    -496.00000000000    1.0000000325280
    -495.00000000000    1.0000000325280
    -494.00000000000    1.0000000325280
    -493.00000000000    1.0000000325280
    -492.00000000000    1.0000000325280
    -491.00000000000    1.0000000325280
    -490.00000000000    1.0000000325280
    -489.00000000000    1.0000000325280
    -488.00000000000    1.0000000325280
    -487.00000000000    1.0000000325280
    -486.00000000000    1.0000000325280
    -485.00000000000    1.0000000325280
    -484.00000000000    1.0000000325280
    -483.00000000000    1.0000000325280
    -482.00000000000    1.0000000325280
    -481.00000000000    1.0000000325280
    -480.00000000000    1.0000000325280
    -479.00000000000    1.0000000325280
    -478.00000000000    1.0000000325280
    -477.00000000000    1.0000000325280
    -476.00000000000    1.0000000325280
    -475.00000000000    1.0000000325280
    -474.00000000000    1.0000000325280
    -473.00000000000    1.0000000325280
    -472.00000000000    1.0000000325280
    -471.00000000000    1.0000000325280
    -470.00000000000    1.0000000325280
    -469.00000000000    1.0000000325280
    -468.00000000000    1.0000000325280
    -467.00000000000    1.0000000325280
    -466.00000000000    1.0000000325280
    -465.00000000000    1.0000000325280
    -464.00000000000    1.0000000325280
    -463.00000000000    1.0000000325280
    -462.00000000000    1.0000000325280
    -461.00000000000    1.0000000325280
    -460.00000000000    1.0000000325280
    -459.00000000000    1.0000000325280
    -458.00000000000    1.0000000325280
    -457.00000000000    1.0000000325280
    -456.00000000000    1.0000000325280
    -455.00000000000    1.0000000325280
    -454.00000000000    1.0000000325280
    -453.00000000000    1.0000000325280
    -452.00000000000    1.0000000325280
    -451.00000000000    1.0000000325280
    -450.00000000000    1.0000000325280
    -449.00000000000    1.0000000325280
    -448.00000000000    1.0000000325280
    -447.00000000000    1.0000000325280
    -446.00000000000    1.0000000325280
    -445.00000000000    1.0000000325280
    -444.00000000000    1.0000000325280
    -443.00000000000    1.0000000325280
    -442.00000000000    1.0000000325280
    -441.00000000000    1.0000000325280
    -440.00000000000    1.0000000325280
    -439.00000000000    1.0000000325280
    -438.00000000000    1.0000000325280
    -437.00000000000    1.0000000325280
    -436.00000000000    1.0000000325280
    -435.00000000000    1.0000000325280
    -434.00000000000    1.0000000325280
    -433.00000000000    1.0000000325280
    -432.00000000000    1.0000000325280
    -431.00000000000    1.0000000325280
    -430.00000000000    1.0000000325280
    -429.00000000000    1.0000000325280
    -428.00000000000    1.0000000325280
    -427.00000000000    1.0000000325280
    -426.00000000000    1.0000000325280
    -425.00000000000    1.0000000325280
    -424.00000000000    1.0000000325280
    -423.00000000000    1.0000000325280
    -422.00000000000    1.0000000325280
    -421.00000000000    1.0000000325280
    -420.00000000000    1.0000000325280
    -419.00000000000    1.0000000325280
    -418.00000000000    1.0000000325280
    -417.00000000000    1.0000000325280
    -416.00000000000    1.0000000325280
    -415.00000000000    1.0000000325280
    -414.00000000000    1.0000000325280
    -413.00000000000    1.0000000325280
    -412.00000000000    1.0000000325280
    -411.00000000000    1.0000000325280
    -410.00000000000    1.0000000325280
    -409.00000000000    1.0000000325280
    -408.00000000000    1.0000000325280
    -407.00000000000    1.0000000325280
    -406.00000000000    1.0000000325280
    -405.00000000000    1.0000000325280
    -404.00000000000    1.0000000325280
    -403.00000000000    1.0000000325280
    -402.00000000000    1.0000000325280
    -401.00000000000    1.0000000325280
    -400.00000000000    1.0000000325280
    -399.00000000000    1.0000000325280
    -398.00000000000    1.0000000325280
    -397.00000000000    1.0000000325280
    -396.00000000000    1.0000000325280
    -395.00000000000    1.0000000325280
    -394.00000000000    1.0000000325280
    -393.00000000000    1.0000000325280
    -392.00000000000    1.0000000325280
    -391.00000000000    1.0000000325280
    -390.00000000000    1.0000000325280
    -389.00000000000    1.0000000325280
    -388.00000000000    1.0000000325280
    -387.00000000000    1.0000000325280
    -386.00000000000    1.0000000325280
    -385.00000000000    1.0000000325280
    -384.00000000000    1.0000000325280
    -383.00000000000    1.0000000325280
    -382.00000000000    1.0000000325280
    -381.00000000000    1.0000000325280
    -380.00000000000    1.0000000325280
    -379.00000000000    1.0000000325280
    -378.00000000000    1.0000000325280
    -377.00000000000    1.0000000325280
    -376.00000000000    1.0000000325280
    -375.00000000000    1.0000000325280
    -374.00000000000    1.0000000325280
    -373.00000000000    1.0000000325280
    -372.00000000000    1.0000000325280
    -371.00000000000    1.0000000325280
    -370.00000000000    1.0000000325280
    -369.00000000000    1.0000000325280
    -368.00000000000    1.0000000325280
    -367.00000000000    1.0000000325280
    -366.00000000000    1.0000000325280
    -365.00000000000    1.0000000325280
    -364.00000000000    1.0000000325280
    -363.00000000000    1.0000000325280
    -362.00000000000    1.0000000325280
    -361.00000000000    1.0000000325280
    -360.00000000000    1.0000000325280
    -359.00000000000    1.0000000325280
    -358.00000000000    1.0000000325280
    -357.00000000000    1.0000000325280
    -356.00000000000    1.0000000325280
    -355.00000000000    1.0000000325280
    -354.00000000000    1.0000000325280
    -353.00000000000    1.0000000325280
    -352.00000000000    1.0000000325280
    -351.00000000000    1.0000000325280
    -350.00000000000    1.0000000325280
    -349.00000000000    1.0000000325280
    -348.00000000000    1.0000000325280
    -347.00000000000    1.0000000325280
    -346.00000000000    1.0000000325280
    -345.00000000000    1.0000000325280
    -344.00000000000    1.0000000325280
    -343.00000000000    1.0000000325280
    -342.00000000000    1.0000000325280
    -341.00000000000    1.0000000325280
    -340.00000000000    1.0000000325280
    -339.00000000000    1.0000000325280
    -338.00000000000    1.0000000325280
    -337.00000000000    1.0000000325280
    -336.00000000000    1.0000000325280
    -335.00000000000    1.0000000325280
    -334.00000000000    1.0000000325280
    -333.00000000000    1.0000000325280
    -332.00000000000    1.0000000325280
    -331.00000000000    1.0000000325280
    -330.00000000000    1.0000000325280
    -329.00000000000    1.0000000325280
    -328.00000000000    1.0000000325280
    -327.00000000000    1.0000000325280
    -326.00000000000    1.0000000325280
    -325.00000000000    1.0000000325280
    -324.00000000000    1.0000000325280
    -323.00000000000    1.0000000325280
    -322.00000000000    1.0000000325280
    -321.00000000000    1.0000000325280
    -320.00000000000    1.0000000325280
    -319.00000000000    1.0000000325280
    -318.00000000000    1.0000000325280
    -317.00000000000    1.0000000325280
    -316.00000000000    1.0000000325280
    -315.00000000000    1.0000000325280
    -314.00000000000    1.0000000325280
    -313.00000000000    1.0000000325280
    -312.00000000000    1.0000000325280
    -311.00000000000    1.0000000325280
    -310.00000000000    1.0000000325280
    -309.00000000000    1.0000000325280
    -308.00000000000    1.0000000325280
    -307.00000000000    1.0000000325280
    -306.00000000000    1.0000000325280
    -305.00000000000    1.0000000325280
    -304.00000000000    1.0000000325280
    -303.00000000000    1.0000000325280
    -302.00000000000    1.0000000325280
    -301.00000000000    1.0000000325280
    -300.00000000000    1.0000000325280
    -299.00000000000    1.0000000325280
    -298.00000000000    1.0000000325280
    -297.00000000000    1.0000000325280
    -296.00000000000    1.0000000325280
    -295.00000000000    1.0000000325280
    -294.00000000000    1.0000000325280
    -293.00000000000    1.0000000325280
    -292.00000000000    1.0000000325280
    -291.00000000000    1.0000000325280
    -290.00000000000    1.0000000325280
    -289.00000000000    1.0000000325280
    -288.00000000000    1.0000000325280
    -287.00000000000    1.0000000325280
    -286.00000000000    1.0000000325280
    -285.00000000000    1.0000000325280
    -284.00000000000    1.0000000325280
    -283.00000000000    1.0000000325280
    -282.00000000000    1.0000000325280
    -281.00000000000    1.0000000325280
    -280.00000000000    1.0000000325280
    -279.00000000000    1.0000000325280
    -278.00000000000    1.0000000325280
    -277.00000000000    1.0000000325280
    -276.00000000000    1.0000000325280
    -275.00000000000    1.0000000325280
    -274.00000000000    1.0000000325280
    -273.00000000000    1.0000000325280
    -272.00000000000    1.0000000325280
    -271.00000000000    1.0000000325280
    -270.00000000000    1.0000000325280
    -269.00000000000    1.0000000325280
    -268.00000000000    1.0000000325280
    -267.00000000000    1.0000000325280
    -266.00000000000    1.0000000325280
    -265.00000000000    1.0000000325280
    -264.00000000000    1.0000000325280
    -263.00000000000    1.0000000325279
    -262.00000000000    1.0000000325275
    -261.00000000000    1.0000000325262
    -260.00000000000    1.0000000325214
    -259.00000000000    1.0000000325051
    -258.00000000000    1.0000000324518
    -257.00000000000    1.0000000322845
    -256.00000000000    1.0000000317831
    -255.00000000000    1.0000000303439
    -254.00000000000    1.0000000263915
    -253.00000000000    1.0000000160017
    -252.00000000000   0.99999998985917
    -251.00000000000   0.99999992688959
    -250.00000000000   0.99999978167617
    -249.00000000000   0.99999946102762
    -248.00000000000   0.99999878298023
    -247.00000000000   0.99999740966771
    -246.00000000000   0.99999474503193
    -245.00000000000   0.99998979100735
    -244.00000000000   0.99998096351379
    -243.00000000000   0.99996588356071
    -242.00000000000   0.99994117821185
    -241.00000000000   0.99990234704392
    -240.00000000000   0.99984376445354
    -239.00000000000   0.99975888705338
    -238.00000000000   0.99964071031677
    -237.00000000000   0.99948246779647
    -236.00000000000   0.99927849807080
    -235.00000000000   0.99902513791150
    -234.00000000000   0.99872145932503
    -233.00000000000   0.99836967356757
    -232.00000000000   0.99797508374205
    -231.00000000000   0.99754556677602
    -230.00000000000   0.99709067652176
    -229.00000000000   0.99662054734545
    -228.00000000000   0.99614481447944
    -227.00000000000   0.99567174460436
    -226.00000000000   0.99520769963608
    -225.00000000000   0.99475696525292
    -224.00000000000   0.99432189307445
    -223.00000000000   0.99390325316337
    -222.00000000000   0.99350067903001
    -221.00000000000   0.99311310446854
    -220.00000000000   0.99273912638641
    -219.00000000000   0.99237726545205
    -218.00000000000   0.99202612626121
    -217.00000000000   0.99168447632187
    -216.00000000000   0.99135126919619
    -215.00000000000   0.99102563519382
    -214.00000000000   0.99070685721178
    -213.00000000000   0.99039434286785
    -212.00000000000   0.99008759877094
    -211.00000000000   0.98978620919708
    -210.00000000000   0.98948981943148
    -209.00000000000   0.98919812314197
    -208.00000000000   0.98891085290504
    -207.00000000000   0.98862777307062
    -206.00000000000   0.98834867432092
    -205.00000000000   0.98807336945108
    -204.00000000000   0.98780169003904
    -203.00000000000   0.98753348377328
    -202.00000000000   0.98726861227697
    -201.00000000000   0.98700694931388
    -200.00000000000   0.98674837929313
    -199.00000000000   0.98649279601139
    -198.00000000000   0.98624010158621
    -197.00000000000   0.98599020554495
    -196.00000000000   0.98574302404167
    -195.00000000000   0.98549847917991
    -194.00000000000   0.98525649842417
    -193.00000000000   0.98501701408571
    -192.00000000000   0.98477996287153
    -191.00000000000   0.98454528548689
    -190.00000000000   0.98431292628378
    -189.00000000000   0.98408283294889
    -188.00000000000   0.98385495622565
    -187.00000000000   0.98362924966586
    -186.00000000000   0.98340566940711
    -185.00000000000   0.98318417397273
    -184.00000000000   0.98296472409144
    -183.00000000000   0.98274728253453
    -182.00000000000   0.98253181396826
    -181.00000000000   0.98231828481999
    -180.00000000000   0.98210666315635
    -179.00000000000   0.98189691857213
    -178.00000000000   0.98168902208891
    -177.00000000000   0.98148294606216
    -176.00000000000   0.98127866409614
    -175.00000000000   0.98107615096574
    -174.00000000000   0.98087538254454
    -173.00000000000   0.98067633573858
    -172.00000000000   0.98047898842517
    -171.00000000000   0.98028331939638
    -170.00000000000   0.98008930830676
    -169.00000000000   0.97989693562482
    -168.00000000000   0.97970618258807
    -167.00000000000   0.97951703116121
    -166.00000000000   0.97932946399720
    -165.00000000000   0.97914346440110
    -164.00000000000   0.97895901629623
    -163.00000000000   0.97877610419265
    -162.00000000000   0.97859471315769
    -161.00000000000   0.97841482878838
    -160.00000000000   0.97823643718560
    -159.00000000000   0.97805952492990
    -158.00000000000   0.97788407905879
    -157.00000000000   0.97771008704538
    -156.00000000000   0.97753753677834
    -155.00000000000   0.97736641654306
    -154.00000000000   0.97719671500385
    -153.00000000000   0.97702842118724
    -152.00000000000   0.97686152446617
    -151.00000000000   0.97669601454507
    -150.00000000000   0.97653188144584
    -149.00000000000   0.97636911549449
    -148.00000000000   0.97620770730860
    -147.00000000000   0.97604764778537
    -146.00000000000   0.97588892809037
    -145.00000000000   0.97573153964684
    -144.00000000000   0.97557547412550
    -143.00000000000   0.97542072343499
    -142.00000000000   0.97526727971268
    -141.00000000000   0.97511513531601
    -140.00000000000   0.97496428281421
    -139.00000000000   0.97481471498045
    -138.00000000000   0.97466642478438
    -137.00000000000   0.97451940538497
    -136.00000000000   0.97437365012376
    -135.00000000000   0.97422915251835
    -134.00000000000   0.97408590625628
    -133.00000000000   0.97394390518909
    -132.00000000000   0.97380314332673
    -131.00000000000   0.97366361483218
    -130.00000000000   0.97352531401630
    -129.00000000000   0.97338823533295
    -128.00000000000   0.97325237337427
    -127.00000000000   0.97311772286621
    -126.00000000000   0.97298427866422
    -125.00000000000   0.97285203574913
    -124.00000000000   0.97272098922318
    -123.00000000000   0.97259113430628
    -122.00000000000   0.97246246633238
    -121.00000000000   0.97233498074593
    -120.00000000000   0.97220867309863
    -119.00000000000   0.97208353904614
    -118.00000000000   0.97195957434507
    -117.00000000000   0.97183677484998
    -116.00000000000   0.97171513651055
    -115.00000000000   0.97159465536887
    -114.00000000000   0.97147532755677
    -113.00000000000   0.97135714929334
    -112.00000000000   0.97124011688245
    -111.00000000000   0.97112422671047
    -110.00000000000   0.97100947524396
    -109.00000000000   0.97089585902753
    -108.00000000000   0.97078337468173
    -107.00000000000   0.97067201890108
    -106.00000000000   0.97056178845206
   -105.000000000000   0.97045268017131
   -104.000000000000   0.97034469096375
   -103.000000000000   0.97023781780090
   -102.000000000000   0.97013205771918
   -101.000000000000   0.97002740781827
   -100.000000000000   0.96992386525957
    -99.000000000000   0.96982142726464
    -98.000000000000   0.96972009111383
    -97.000000000000   0.96961985414476
    -96.000000000000   0.96952071375104
    -95.000000000000   0.96942266738091
    -94.000000000000   0.96932571253597
    -93.000000000000   0.96922984676997
    -92.000000000000   0.96913506768757
    -91.000000000000   0.96904137294327
    -90.000000000000   0.96894876024020
    -89.000000000000   0.96885722732910
    -88.000000000000   0.96876677200728
    -87.000000000000   0.96867739211756
    -86.000000000000   0.96858908554734
    -85.000000000000   0.96850185022762
    -84.000000000000   0.96841568413212
    -83.000000000000   0.96833058527635
    -82.000000000000   0.96824655171676
    -81.000000000000   0.96816358154992
    -80.000000000000   0.96808167291171
    -79.000000000000   0.96800082397650
    -78.000000000000   0.96792103295646
    -77.000000000000   0.96784229810076
    -76.000000000000   0.96776461769486
    -75.000000000000   0.96768799005988
    -74.000000000000   0.96761241355184
    -73.000000000000   0.96753788656108
    -72.000000000000   0.96746440751160
    -71.000000000000   0.96739197486045
    -70.000000000000   0.96732058709713
    -69.000000000000   0.96725024274301
    -68.000000000000   0.96718094035081
    -67.000000000000   0.96711267850400
    -66.000000000000   0.96704545581631
    -65.000000000000   0.96697927093121
    -64.000000000000   0.96691412252141
    -63.000000000000   0.96685000928841
    -62.000000000000   0.96678692996196
    -61.000000000000   0.96672488329970
    -60.000000000000   0.96666386808665
    -59.000000000000   0.96660388313482
    -58.000000000000   0.96654492728277
    -57.000000000000   0.96648699939523
    -56.000000000000   0.96643009836271
    -55.000000000000   0.96637422310111
    -54.000000000000   0.96631937255135
    -53.000000000000   0.96626554567905
    -52.000000000000   0.96621274147412
    -51.000000000000   0.96616095895049
    -50.000000000000   0.96611019714576
    -49.000000000000   0.96606045512086
    -48.000000000000   0.96601173195980
    -47.000000000000   0.96596402676931
    -46.000000000000   0.96591733867860
    -45.000000000000   0.96587166683908
    -44.000000000000   0.96582701042406
    -43.000000000000   0.96578336862852
    -42.000000000000   0.96574074066884
    -41.000000000000   0.96569912578256
    -40.000000000000   0.96565852322815
    -39.000000000000   0.96561893228477
    -38.000000000000   0.96558035225205
    -37.000000000000   0.96554278244990
    -36.000000000000   0.96550622221825
    -35.000000000000   0.96547067091691
    -34.000000000000   0.96543612792535
    -33.000000000000   0.96540259264249
    -32.000000000000   0.96537006448657
    -31.000000000000   0.96533854289495
    -30.000000000000   0.96530802732392
    -29.000000000000   0.96527851724860
    -28.000000000000   0.96525001216272
    -27.000000000000   0.96522251157853
    -26.000000000000   0.96519601502659
    -25.000000000000   0.96517052205572
    -24.000000000000   0.96514603223279
    -23.000000000000   0.96512254514264
    -22.000000000000   0.96510006038795
    -21.000000000000   0.96507857758911
    -20.000000000000   0.96505809638413
    -19.000000000000   0.96503861642856
    -18.000000000000   0.96502013739531
    -17.000000000000   0.96500265897467
    -16.000000000000   0.96498618087411
    -15.000000000000   0.96497070281828
    -14.000000000000   0.96495622454890
    -13.000000000000   0.96494274582469
    -12.000000000000   0.96493026642129
    -11.000000000000   0.96491878613122
   -10.0000000000000   0.96490830476381
    -9.0000000000000   0.96489882214514
    -8.0000000000000   0.96489033811801
    -7.0000000000000   0.96488285254188
    -6.0000000000000   0.96487636529283
    -5.0000000000000   0.96487087626355
    -4.0000000000000   0.96486638536326
    -3.0000000000000   0.96486289251776
    -2.0000000000000   0.96486039766931
    -1.0000000000000   0.96485890077673
   0.   0.96485840181528
     1.0000000000000   0.96485890077673
     2.0000000000000   0.96486039766931
     3.0000000000000   0.96486289251776
     4.0000000000000   0.96486638536326
     5.0000000000000   0.96487087626355
     6.0000000000000   0.96487636529283
     7.0000000000000   0.96488285254188
     8.0000000000000   0.96489033811801
     9.0000000000000   0.96489882214514
    10.0000000000000   0.96490830476381
     11.000000000000   0.96491878613122
     12.000000000000   0.96493026642129
     13.000000000000   0.96494274582469
     14.000000000000   0.96495622454890
     15.000000000000   0.96497070281828
     16.000000000000   0.96498618087411
     17.000000000000   0.96500265897467
     18.000000000000   0.96502013739531
     19.000000000000   0.96503861642856
     20.000000000000   0.96505809638413
     21.000000000000   0.96507857758911
     22.000000000000   0.96510006038795
     23.000000000000   0.96512254514264
     24.000000000000   0.96514603223279
     25.000000000000   0.96517052205572
     26.000000000000   0.96519601502659
     27.000000000000   0.96522251157853
     28.000000000000   0.96525001216272
     29.000000000000   0.96527851724860
     30.000000000000   0.96530802732392
     31.000000000000   0.96533854289495
     32.000000000000   0.96537006448657
     33.000000000000   0.96540259264249
     34.000000000000   0.96543612792535
     35.000000000000   0.96547067091691
     36.000000000000   0.96550622221825
     37.000000000000   0.96554278244990
     38.000000000000   0.96558035225205
     39.000000000000   0.96561893228477
     40.000000000000   0.96565852322815
     41.000000000000   0.96569912578256
     42.000000000000   0.96574074066884
     43.000000000000   0.96578336862852
     44.000000000000   0.96582701042406
     45.000000000000   0.96587166683908
     46.000000000000   0.96591733867860
     47.000000000000   0.96596402676931
     48.000000000000   0.96601173195980
     49.000000000000   0.96606045512086
     50.000000000000   0.96611019714576
     51.000000000000   0.96616095895049
     52.000000000000   0.96621274147412
     53.000000000000   0.96626554567905
     54.000000000000   0.96631937255135
     55.000000000000   0.96637422310110
     56.000000000000   0.96643009836271
     57.000000000000   0.96648699939523
     58.000000000000   0.96654492728277
     59.000000000000   0.96660388313482
     60.000000000000   0.96666386808665
     61.000000000000   0.96672488329970
     62.000000000000   0.96678692996196
     63.000000000000   0.96685000928841
     64.000000000000   0.96691412252141
     65.000000000000   0.96697927093120
     66.000000000000   0.96704545581631
     67.000000000000   0.96711267850400
     68.000000000000   0.96718094035081
     69.000000000000   0.96725024274301
     70.000000000000   0.96732058709713
     71.000000000000   0.96739197486045
     72.000000000000   0.96746440751160
     73.000000000000   0.96753788656108
     74.000000000000   0.96761241355184
     75.000000000000   0.96768799005987
     76.000000000000   0.96776461769486
     77.000000000000   0.96784229810076
     78.000000000000   0.96792103295646
     79.000000000000   0.96800082397650
     80.000000000000   0.96808167291170
     81.000000000000   0.96816358154992
     82.000000000000   0.96824655171676
     83.000000000000   0.96833058527635
     84.000000000000   0.96841568413212
     85.000000000000   0.96850185022762
     86.000000000000   0.96858908554734
     87.000000000000   0.96867739211756
     88.000000000000   0.96876677200728
     89.000000000000   0.96885722732910
     90.000000000000   0.96894876024020
     91.000000000000   0.96904137294327
     92.000000000000   0.96913506768757
     93.000000000000   0.96922984676997
     94.000000000000   0.96932571253597
     95.000000000000   0.96942266738091
     96.000000000000   0.96952071375104
     97.000000000000   0.96961985414476
     98.000000000000   0.96972009111383
     99.000000000000   0.96982142726464
    100.000000000000   0.96992386525957
    101.000000000000   0.97002740781827
    102.000000000000   0.97013205771918
    103.000000000000   0.97023781780090
    104.000000000000   0.97034469096375
    105.000000000000   0.97045268017131
     106.00000000000   0.97056178845206
     107.00000000000   0.97067201890108
     108.00000000000   0.97078337468173
     109.00000000000   0.97089585902753
     110.00000000000   0.97100947524396
     111.00000000000   0.97112422671047
     112.00000000000   0.97124011688245
     113.00000000000   0.97135714929334
     114.00000000000   0.97147532755677
     115.00000000000   0.97159465536887
     116.00000000000   0.97171513651055
     117.00000000000   0.97183677484998
     118.00000000000   0.97195957434507
     119.00000000000   0.97208353904614
     120.00000000000   0.97220867309863
     121.00000000000   0.97233498074593
     122.00000000000   0.97246246633238
     123.00000000000   0.97259113430628
     124.00000000000   0.97272098922318
     125.00000000000   0.97285203574913
     126.00000000000   0.97298427866422
     127.00000000000   0.97311772286621
     128.00000000000   0.97325237337427
     129.00000000000   0.97338823533294
     130.00000000000   0.97352531401630
     131.00000000000   0.97366361483218
     132.00000000000   0.97380314332673
     133.00000000000   0.97394390518909
     134.00000000000   0.97408590625628
     135.00000000000   0.97422915251835
     136.00000000000   0.97437365012376
     137.00000000000   0.97451940538497
     138.00000000000   0.97466642478438
     139.00000000000   0.97481471498045
     140.00000000000   0.97496428281421
     141.00000000000   0.97511513531601
     142.00000000000   0.97526727971268
     143.00000000000   0.97542072343499
     144.00000000000   0.97557547412550
     145.00000000000   0.97573153964684
     146.00000000000   0.97588892809037
     147.00000000000   0.97604764778537
     148.00000000000   0.97620770730860
     149.00000000000   0.97636911549449
     150.00000000000   0.97653188144584
     151.00000000000   0.97669601454507
     152.00000000000   0.97686152446617
     153.00000000000   0.97702842118724
     154.00000000000   0.97719671500385
     155.00000000000   0.97736641654305
     156.00000000000   0.97753753677834
     157.00000000000   0.97771008704538
     158.00000000000   0.97788407905879
     159.00000000000   0.97805952492990
     160.00000000000   0.97823643718560
     161.00000000000   0.97841482878838
     162.00000000000   0.97859471315769
     163.00000000000   0.97877610419265
     164.00000000000   0.97895901629623
     165.00000000000   0.97914346440110
     166.00000000000   0.97932946399720
     167.00000000000   0.97951703116121
     168.00000000000   0.97970618258807
     169.00000000000   0.97989693562482
     170.00000000000   0.98008930830676
     171.00000000000   0.98028331939638
     172.00000000000   0.98047898842517
     173.00000000000   0.98067633573858
     174.00000000000   0.98087538254454
     175.00000000000   0.98107615096574
     176.00000000000   0.98127866409614
     177.00000000000   0.98148294606216
     178.00000000000   0.98168902208891
     179.00000000000   0.98189691857213
     180.00000000000   0.98210666315635
     181.00000000000   0.98231828481999
     182.00000000000   0.98253181396826
     183.00000000000   0.98274728253453
     184.00000000000   0.98296472409144
     185.00000000000   0.98318417397273
     186.00000000000   0.98340566940711
     187.00000000000   0.98362924966586
     188.00000000000   0.98385495622564
     189.00000000000   0.98408283294889
     190.00000000000   0.98431292628378
     191.00000000000   0.98454528548689
     192.00000000000   0.98477996287153
     193.00000000000   0.98501701408571
     194.00000000000   0.98525649842417
     195.00000000000   0.98549847917991
     196.00000000000   0.98574302404167
     197.00000000000   0.98599020554495
     198.00000000000   0.98624010158621
     199.00000000000   0.98649279601139
     200.00000000000   0.98674837929313
     201.00000000000   0.98700694931388
     202.00000000000   0.98726861227697
     203.00000000000   0.98753348377328
     204.00000000000   0.98780169003904
     205.00000000000   0.98807336945108
     206.00000000000   0.98834867432092
     207.00000000000   0.98862777307062
     208.00000000000   0.98891085290504
     209.00000000000   0.98919812314197
     210.00000000000   0.98948981943148
     211.00000000000   0.98978620919708
     212.00000000000   0.99008759877094
     213.00000000000   0.99039434286785
     214.00000000000   0.99070685721178
     215.00000000000   0.99102563519382
     216.00000000000   0.99135126919619
     217.00000000000   0.99168447632187
     218.00000000000   0.99202612626121
     219.00000000000   0.99237726545205
     220.00000000000   0.99273912638641
     221.00000000000   0.99311310446854
     222.00000000000   0.99350067903001
     223.00000000000   0.99390325316337
     224.00000000000   0.99432189307445
     225.00000000000   0.99475696525292
     226.00000000000   0.99520769963608
     227.00000000000   0.99567174460436
     228.00000000000   0.99614481447944
     229.00000000000   0.99662054734545
     230.00000000000   0.99709067652176
     231.00000000000   0.99754556677602
     232.00000000000   0.99797508374205
     233.00000000000   0.99836967356757
     234.00000000000   0.99872145932503
     235.00000000000   0.99902513791150
     236.00000000000   0.99927849807080
     237.00000000000   0.99948246779647
     238.00000000000   0.99964071031677
     239.00000000000   0.99975888705338
     240.00000000000   0.99984376445354
     241.00000000000   0.99990234704392
     242.00000000000   0.99994117821185
     243.00000000000   0.99996588356071
     244.00000000000   0.99998096351379
     245.00000000000   0.99998979100735
     246.00000000000   0.99999474503193
     247.00000000000   0.99999740966771
     248.00000000000   0.99999878298023
     249.00000000000   0.99999946102762
     250.00000000000   0.99999978167617
     251.00000000000   0.99999992688959
     252.00000000000   0.99999998985917
     253.00000000000    1.0000000160017
     254.00000000000    1.0000000263915
     255.00000000000    1.0000000303439
     256.00000000000    1.0000000317831
     257.00000000000    1.0000000322845
     258.00000000000    1.0000000324518
     259.00000000000    1.0000000325051
     260.00000000000    1.0000000325214
     261.00000000000    1.0000000325262
     262.00000000000    1.0000000325275
     263.00000000000    1.0000000325279
     264.00000000000    1.0000000325280
     265.00000000000    1.0000000325280
     266.00000000000    1.0000000325280
     267.00000000000    1.0000000325280
     268.00000000000    1.0000000325280
     269.00000000000    1.0000000325280
     270.00000000000    1.0000000325280
     271.00000000000    1.0000000325280
     272.00000000000    1.0000000325280
     273.00000000000    1.0000000325280
     274.00000000000    1.0000000325280
     275.00000000000    1.0000000325280
     276.00000000000    1.0000000325280
     277.00000000000    1.0000000325280
     278.00000000000    1.0000000325280
     279.00000000000    1.0000000325280
     280.00000000000    1.0000000325280
     281.00000000000    1.0000000325280
     282.00000000000    1.0000000325280
     283.00000000000    1.0000000325280
     284.00000000000    1.0000000325280
     285.00000000000    1.0000000325280
     286.00000000000    1.0000000325280
     287.00000000000    1.0000000325280
     288.00000000000    1.0000000325280
     289.00000000000    1.0000000325280
     290.00000000000    1.0000000325280
     291.00000000000    1.0000000325280
     292.00000000000    1.0000000325280
     293.00000000000    1.0000000325280
     294.00000000000    1.0000000325280
     295.00000000000    1.0000000325280
     296.00000000000    1.0000000325280
     297.00000000000    1.0000000325280
     298.00000000000    1.0000000325280
     299.00000000000    1.0000000325280
     300.00000000000    1.0000000325280
     301.00000000000    1.0000000325280
     302.00000000000    1.0000000325280
     303.00000000000    1.0000000325280
     304.00000000000    1.0000000325280
     305.00000000000    1.0000000325280
     306.00000000000    1.0000000325280
     307.00000000000    1.0000000325280
     308.00000000000    1.0000000325280
     309.00000000000    1.0000000325280
     310.00000000000    1.0000000325280
     311.00000000000    1.0000000325280
     312.00000000000    1.0000000325280
     313.00000000000    1.0000000325280
     314.00000000000    1.0000000325280
     315.00000000000    1.0000000325280
     316.00000000000    1.0000000325280
     317.00000000000    1.0000000325280
     318.00000000000    1.0000000325280
     319.00000000000    1.0000000325280
     320.00000000000    1.0000000325280
     321.00000000000    1.0000000325280
     322.00000000000    1.0000000325280
     323.00000000000    1.0000000325280
     324.00000000000    1.0000000325280
     325.00000000000    1.0000000325280
     326.00000000000    1.0000000325280
     327.00000000000    1.0000000325280
     328.00000000000    1.0000000325280
     329.00000000000    1.0000000325280
     330.00000000000    1.0000000325280
     331.00000000000    1.0000000325280
     332.00000000000    1.0000000325280
     333.00000000000    1.0000000325280
     334.00000000000    1.0000000325280
     335.00000000000    1.0000000325280
     336.00000000000    1.0000000325280
     337.00000000000    1.0000000325280
     338.00000000000    1.0000000325280
     339.00000000000    1.0000000325280
     340.00000000000    1.0000000325280
     341.00000000000    1.0000000325280
     342.00000000000    1.0000000325280
     343.00000000000    1.0000000325280
     344.00000000000    1.0000000325280
     345.00000000000    1.0000000325280
     346.00000000000    1.0000000325280
     347.00000000000    1.0000000325280
     348.00000000000    1.0000000325280
     349.00000000000    1.0000000325280
     350.00000000000    1.0000000325280
     351.00000000000    1.0000000325280
     352.00000000000    1.0000000325280
     353.00000000000    1.0000000325280
     354.00000000000    1.0000000325280
     355.00000000000    1.0000000325280
     356.00000000000    1.0000000325280
     357.00000000000    1.0000000325280
     358.00000000000    1.0000000325280
     359.00000000000    1.0000000325280
     360.00000000000    1.0000000325280
     361.00000000000    1.0000000325280
     362.00000000000    1.0000000325280
     363.00000000000    1.0000000325280
     364.00000000000    1.0000000325280
     365.00000000000    1.0000000325280
     366.00000000000    1.0000000325280
     367.00000000000    1.0000000325280
     368.00000000000    1.0000000325280
     369.00000000000    1.0000000325280
     370.00000000000    1.0000000325280
     371.00000000000    1.0000000325280
     372.00000000000    1.0000000325280
     373.00000000000    1.0000000325280
     374.00000000000    1.0000000325280
     375.00000000000    1.0000000325280
     376.00000000000    1.0000000325280
     377.00000000000    1.0000000325280
     378.00000000000    1.0000000325280
     379.00000000000    1.0000000325280
     380.00000000000    1.0000000325280
     381.00000000000    1.0000000325280
     382.00000000000    1.0000000325280
     383.00000000000    1.0000000325280
     384.00000000000    1.0000000325280
     385.00000000000    1.0000000325280
     386.00000000000    1.0000000325280
     387.00000000000    1.0000000325280
     388.00000000000    1.0000000325280
     389.00000000000    1.0000000325280
     390.00000000000    1.0000000325280
     391.00000000000    1.0000000325280
     392.00000000000    1.0000000325280
     393.00000000000    1.0000000325280
     394.00000000000    1.0000000325280
     395.00000000000    1.0000000325280
     396.00000000000    1.0000000325280
     397.00000000000    1.0000000325280
     398.00000000000    1.0000000325280
     399.00000000000    1.0000000325280
     400.00000000000    1.0000000325280
     401.00000000000    1.0000000325280
     402.00000000000    1.0000000325280
     403.00000000000    1.0000000325280
     404.00000000000    1.0000000325280
     405.00000000000    1.0000000325280
     406.00000000000    1.0000000325280
     407.00000000000    1.0000000325280
     408.00000000000    1.0000000325280
     409.00000000000    1.0000000325280
     410.00000000000    1.0000000325280
     411.00000000000    1.0000000325280
     412.00000000000    1.0000000325280
     413.00000000000    1.0000000325280
     414.00000000000    1.0000000325280
     415.00000000000    1.0000000325280
     416.00000000000    1.0000000325280
     417.00000000000    1.0000000325280
     418.00000000000    1.0000000325280
     419.00000000000    1.0000000325280
     420.00000000000    1.0000000325280
     421.00000000000    1.0000000325280
     422.00000000000    1.0000000325280
     423.00000000000    1.0000000325280
     424.00000000000    1.0000000325280
     425.00000000000    1.0000000325280
     426.00000000000    1.0000000325280
     427.00000000000    1.0000000325280
     428.00000000000    1.0000000325280
     429.00000000000    1.0000000325280
     430.00000000000    1.0000000325280
     431.00000000000    1.0000000325280
     432.00000000000    1.0000000325280
     433.00000000000    1.0000000325280
     434.00000000000    1.0000000325280
     435.00000000000    1.0000000325280
     436.00000000000    1.0000000325280
     437.00000000000    1.0000000325280
     438.00000000000    1.0000000325280
     439.00000000000    1.0000000325280
     440.00000000000    1.0000000325280
     441.00000000000    1.0000000325280
     442.00000000000    1.0000000325280
     443.00000000000    1.0000000325280
     444.00000000000    1.0000000325280
     445.00000000000    1.0000000325280
     446.00000000000    1.0000000325280
     447.00000000000    1.0000000325280
     448.00000000000    1.0000000325280
     449.00000000000    1.0000000325280
     450.00000000000    1.0000000325280
     451.00000000000    1.0000000325280
     452.00000000000    1.0000000325280
     453.00000000000    1.0000000325280
     454.00000000000    1.0000000325280
     455.00000000000    1.0000000325280
     456.00000000000    1.0000000325280
     457.00000000000    1.0000000325280
     458.00000000000    1.0000000325280
     459.00000000000    1.0000000325280
     460.00000000000    1.0000000325280
     461.00000000000    1.0000000325280
     462.00000000000    1.0000000325280
     463.00000000000    1.0000000325280
     464.00000000000    1.0000000325280
     465.00000000000    1.0000000325280
     466.00000000000    1.0000000325280
     467.00000000000    1.0000000325280
     468.00000000000    1.0000000325280
     469.00000000000    1.0000000325280
     470.00000000000    1.0000000325280
     471.00000000000    1.0000000325280
     472.00000000000    1.0000000325280
     473.00000000000    1.0000000325280
     474.00000000000    1.0000000325280
     475.00000000000    1.0000000325280
     476.00000000000    1.0000000325280
     477.00000000000    1.0000000325280
     478.00000000000    1.0000000325280
     479.00000000000    1.0000000325280
     480.00000000000    1.0000000325280
     481.00000000000    1.0000000325280
     482.00000000000    1.0000000325280
     483.00000000000    1.0000000325280
     484.00000000000    1.0000000325280
     485.00000000000    1.0000000325280
     486.00000000000    1.0000000325280
     487.00000000000    1.0000000325280
     488.00000000000    1.0000000325280
     489.00000000000    1.0000000325280
     490.00000000000    1.0000000325280
     491.00000000000    1.0000000325280
     492.00000000000    1.0000000325280
     493.00000000000    1.0000000325280
     494.00000000000    1.0000000325280
     495.00000000000    1.0000000325280
     496.00000000000    1.0000000325280
     497.00000000000    1.0000000325280
     498.00000000000    1.0000000325280
     499.00000000000    1.0000000325280
     500.00000000000    1.0000000325280
