    -500.00000000000    1.0000000325280
    -499.00000000000    1.0000000325280
    -498.00000000000    1.0000000325280
    -497.00000000000    1.0000000325280
    -496.00000000000    1.0000000325280
    -495.00000000000    1.0000000325280
    -494.00000000000    1.0000000325280
    -493.00000000000    1.0000000325280
    -492.00000000000    1.0000000325280
    -491.00000000000    1.0000000325280
    -490.00000000000    1.0000000325280
    -489.00000000000    1.0000000325280
    -488.00000000000    1.0000000325280
    -487.00000000000    1.0000000325280
    -486.00000000000    1.0000000325280
    -485.00000000000    1.0000000325280
    -484.00000000000    1.0000000325280
    -483.00000000000    1.0000000325280
    -482.00000000000    1.0000000325280
    -481.00000000000    1.0000000325280
    -480.00000000000    1.0000000325280
    -479.00000000000    1.0000000325280
    -478.00000000000    1.0000000325280
    -477.00000000000    1.0000000325280
    -476.00000000000    1.0000000325280
    -475.00000000000    1.0000000325280
    -474.00000000000    1.0000000325280
    -473.00000000000    1.0000000325280
    -472.00000000000    1.0000000325280
    -471.00000000000    1.0000000325280
    -470.00000000000    1.0000000325280
    -469.00000000000    1.0000000325280
    -468.00000000000    1.0000000325280
    -467.00000000000    1.0000000325280
    -466.00000000000    1.0000000325280
    -465.00000000000    1.0000000325280
    -464.00000000000    1.0000000325280
    -463.00000000000    1.0000000325280
    -462.00000000000    1.0000000325280
    -461.00000000000    1.0000000325280
    -460.00000000000    1.0000000325280
    -459.00000000000    1.0000000325280
    -458.00000000000    1.0000000325280
    -457.00000000000    1.0000000325280
    -456.00000000000    1.0000000325280
    -455.00000000000    1.0000000325280
    -454.00000000000    1.0000000325280
    -453.00000000000    1.0000000325280
    -452.00000000000    1.0000000325280
    -451.00000000000    1.0000000325280
    -450.00000000000    1.0000000325280
    -449.00000000000    1.0000000325280
    -448.00000000000    1.0000000325280
    -447.00000000000    1.0000000325280
    -446.00000000000    1.0000000325280
    -445.00000000000    1.0000000325280
    -444.00000000000    1.0000000325280
    -443.00000000000    1.0000000325280
    -442.00000000000    1.0000000325280
    -441.00000000000    1.0000000325280
    -440.00000000000    1.0000000325280
    -439.00000000000    1.0000000325280
    -438.00000000000    1.0000000325280
    -437.00000000000    1.0000000325280
    -436.00000000000    1.0000000325280
    -435.00000000000    1.0000000325280
    -434.00000000000    1.0000000325280
    -433.00000000000    1.0000000325280
    -432.00000000000    1.0000000325280
    -431.00000000000    1.0000000325280
    -430.00000000000    1.0000000325280
    -429.00000000000    1.0000000325280
    -428.00000000000    1.0000000325280
    -427.00000000000    1.0000000325280
    -426.00000000000    1.0000000325280
    -425.00000000000    1.0000000325280
    -424.00000000000    1.0000000325280
    -423.00000000000    1.0000000325280
    -422.00000000000    1.0000000325280
    -421.00000000000    1.0000000325280
    -420.00000000000    1.0000000325280
    -419.00000000000    1.0000000325280
    -418.00000000000    1.0000000325280
    -417.00000000000    1.0000000325280
    -416.00000000000    1.0000000325280
    -415.00000000000    1.0000000325280
    -414.00000000000    1.0000000325280
    -413.00000000000    1.0000000325280
    -412.00000000000    1.0000000325280
    -411.00000000000    1.0000000325280
    -410.00000000000    1.0000000325280
    -409.00000000000    1.0000000325280
    -408.00000000000    1.0000000325280
    -407.00000000000    1.0000000325280
    -406.00000000000    1.0000000325280
    -405.00000000000    1.0000000325280
    -404.00000000000    1.0000000325280
    -403.00000000000    1.0000000325280
    -402.00000000000    1.0000000325280
    -401.00000000000    1.0000000325280
    -400.00000000000    1.0000000325280
    -399.00000000000    1.0000000325280
    -398.00000000000    1.0000000325280
    -397.00000000000    1.0000000325280
    -396.00000000000    1.0000000325280
    -395.00000000000    1.0000000325280
    -394.00000000000    1.0000000325280
    -393.00000000000    1.0000000325280
    -392.00000000000    1.0000000325280
    -391.00000000000    1.0000000325280
    -390.00000000000    1.0000000325280
    -389.00000000000    1.0000000325280
    -388.00000000000    1.0000000325280
    -387.00000000000    1.0000000325280
    -386.00000000000    1.0000000325280
    -385.00000000000    1.0000000325280
    -384.00000000000    1.0000000325280
    -383.00000000000    1.0000000325280
    -382.00000000000    1.0000000325280
    -381.00000000000    1.0000000325280
    -380.00000000000    1.0000000325280
    -379.00000000000    1.0000000325280
    -378.00000000000    1.0000000325280
    -377.00000000000    1.0000000325280
    -376.00000000000    1.0000000325280
    -375.00000000000    1.0000000325280
    -374.00000000000    1.0000000325280
    -373.00000000000    1.0000000325280
    -372.00000000000    1.0000000325280
    -371.00000000000    1.0000000325280
    -370.00000000000    1.0000000325280
    -369.00000000000    1.0000000325280
    -368.00000000000    1.0000000325280
    -367.00000000000    1.0000000325280
    -366.00000000000    1.0000000325280
    -365.00000000000    1.0000000325280
    -364.00000000000    1.0000000325280
    -363.00000000000    1.0000000325280
    -362.00000000000    1.0000000325280
    -361.00000000000    1.0000000325280
    -360.00000000000    1.0000000325280
    -359.00000000000    1.0000000325280
    -358.00000000000    1.0000000325280
    -357.00000000000    1.0000000325280
    -356.00000000000    1.0000000325280
    -355.00000000000    1.0000000325280
    -354.00000000000    1.0000000325280
    -353.00000000000    1.0000000325280
    -352.00000000000    1.0000000325280
    -351.00000000000    1.0000000325280
    -350.00000000000    1.0000000325280
    -349.00000000000    1.0000000325280
    -348.00000000000    1.0000000325280
    -347.00000000000    1.0000000325280
    -346.00000000000    1.0000000325280
    -345.00000000000    1.0000000325280
    -344.00000000000    1.0000000325280
    -343.00000000000    1.0000000325280
    -342.00000000000    1.0000000325280
    -341.00000000000    1.0000000325280
    -340.00000000000    1.0000000325280
    -339.00000000000    1.0000000325280
    -338.00000000000    1.0000000325280
    -337.00000000000    1.0000000325280
    -336.00000000000    1.0000000325280
    -335.00000000000    1.0000000325280
    -334.00000000000    1.0000000325280
    -333.00000000000    1.0000000325280
    -332.00000000000    1.0000000325280
    -331.00000000000    1.0000000325280
    -330.00000000000    1.0000000325280
    -329.00000000000    1.0000000325280
    -328.00000000000    1.0000000325280
    -327.00000000000    1.0000000325280
    -326.00000000000    1.0000000325280
    -325.00000000000    1.0000000325280
    -324.00000000000    1.0000000325280
    -323.00000000000    1.0000000325280
    -322.00000000000    1.0000000325280
    -321.00000000000    1.0000000325280
    -320.00000000000    1.0000000325280
    -319.00000000000    1.0000000325280
    -318.00000000000    1.0000000325280
    -317.00000000000    1.0000000325280
    -316.00000000000    1.0000000325280
    -315.00000000000    1.0000000325280
    -314.00000000000    1.0000000325280
    -313.00000000000    1.0000000325280
    -312.00000000000    1.0000000325280
    -311.00000000000    1.0000000325280
    -310.00000000000    1.0000000325280
    -309.00000000000    1.0000000325280
    -308.00000000000    1.0000000325280
    -307.00000000000    1.0000000325280
    -306.00000000000    1.0000000325280
    -305.00000000000    1.0000000325280
    -304.00000000000    1.0000000325280
    -303.00000000000    1.0000000325280
    -302.00000000000    1.0000000325280
    -301.00000000000    1.0000000325280
    -300.00000000000    1.0000000325280
    -299.00000000000    1.0000000325280
    -298.00000000000    1.0000000325280
    -297.00000000000    1.0000000325280
    -296.00000000000    1.0000000325280
    -295.00000000000    1.0000000325280
    -294.00000000000    1.0000000325280
    -293.00000000000    1.0000000325280
    -292.00000000000    1.0000000325280
    -291.00000000000    1.0000000325280
    -290.00000000000    1.0000000325280
    -289.00000000000    1.0000000325280
    -288.00000000000    1.0000000325280
    -287.00000000000    1.0000000325280
    -286.00000000000    1.0000000325280
    -285.00000000000    1.0000000325280
    -284.00000000000    1.0000000325280
    -283.00000000000    1.0000000325280
    -282.00000000000    1.0000000325280
    -281.00000000000    1.0000000325280
    -280.00000000000    1.0000000325280
    -279.00000000000    1.0000000325280
    -278.00000000000    1.0000000325280
    -277.00000000000    1.0000000325280
    -276.00000000000    1.0000000325280
    -275.00000000000    1.0000000325280
    -274.00000000000    1.0000000325280
    -273.00000000000    1.0000000325280
    -272.00000000000    1.0000000325280
    -271.00000000000    1.0000000325280
    -270.00000000000    1.0000000325280
    -269.00000000000    1.0000000325280
    -268.00000000000    1.0000000325280
    -267.00000000000    1.0000000325280
    -266.00000000000    1.0000000325280
    -265.00000000000    1.0000000325280
    -264.00000000000    1.0000000325280
    -263.00000000000    1.0000000325280
    -262.00000000000    1.0000000325280
    -261.00000000000    1.0000000325280
    -260.00000000000    1.0000000325280
    -259.00000000000    1.0000000325280
    -258.00000000000    1.0000000325280
    -257.00000000000    1.0000000325280
    -256.00000000000    1.0000000325280
    -255.00000000000    1.0000000325280
    -254.00000000000    1.0000000325280
    -253.00000000000    1.0000000325280
    -252.00000000000    1.0000000325280
    -251.00000000000    1.0000000325280
    -250.00000000000    1.0000000325280
    -249.00000000000    1.0000000325280
    -248.00000000000    1.0000000325280
    -247.00000000000    1.0000000325280
    -246.00000000000    1.0000000325280
    -245.00000000000    1.0000000325280
    -244.00000000000    1.0000000325280
    -243.00000000000    1.0000000325280
    -242.00000000000    1.0000000325280
    -241.00000000000    1.0000000325280
    -240.00000000000    1.0000000325280
    -239.00000000000    1.0000000325280
    -238.00000000000    1.0000000325278
    -237.00000000000    1.0000000325274
    -236.00000000000    1.0000000325258
    -235.00000000000    1.0000000325202
    -234.00000000000    1.0000000325007
    -233.00000000000    1.0000000324371
    -232.00000000000    1.0000000322377
    -231.00000000000    1.0000000316396
    -230.00000000000    1.0000000299232
    -229.00000000000    1.0000000252086
    -228.00000000000    1.0000000128140
    -227.00000000000   0.99999998162336
    -226.00000000000   0.99999990648499
    -225.00000000000   0.99999973318643
    -224.00000000000   0.99999935046909
    -223.00000000000   0.99999854105022
    -222.00000000000   0.99999690139997
    -221.00000000000   0.99999371945379
    -220.00000000000   0.99998780259337
    -219.00000000000   0.99997725740432
    -218.00000000000   0.99995923938851
    -217.00000000000   0.99992971404947
    -216.00000000000   0.99988329577563
    -215.00000000000   0.99981324865003
    -214.00000000000   0.99971173215937
    -213.00000000000   0.99957034500588
    -212.00000000000   0.99938095964451
    -211.00000000000   0.99913675874384
    -210.00000000000   0.99883330495778
    -209.00000000000   0.99846942622150
    -208.00000000000   0.99804770478033
    -207.00000000000   0.99757442755717
    -206.00000000000   0.99705897364739
    -205.00000000000   0.99651274727459
    -204.00000000000   0.99594786957831
    -203.00000000000   0.99537588731097
    -202.00000000000   0.99480672995962
    -201.00000000000   0.99424806314547
    -200.00000000000   0.99370507717860
    -199.00000000000   0.99318065087592
    -198.00000000000   0.99267576801908
    -197.00000000000   0.99219004607335
    -196.00000000000   0.99172225685488
    -195.00000000000   0.99127076015167
    -194.00000000000   0.99083381616645
    -193.00000000000   0.99040977835089
    -192.00000000000   0.98999718932752
    -191.00000000000   0.98959480994265
    -190.00000000000   0.98920160929285
    -189.00000000000   0.98881673672787
    -188.00000000000   0.98843948917948
    -187.00000000000   0.98806928085007
    -186.00000000000   0.98770561802432
    -185.00000000000   0.98734807935953
    -184.00000000000   0.98699630092907
    -183.00000000000   0.98664996499162
    -182.00000000000   0.98630879152865
    -181.00000000000   0.98597253178874
    -180.00000000000   0.98564096328051
    -179.00000000000   0.98531388582019
    -178.00000000000   0.98499111835959
    -177.00000000000   0.98467249640323
    -176.00000000000   0.98435786987835
    -175.00000000000   0.98404710135970
    -174.00000000000   0.98374006457609
    -173.00000000000   0.98343664314382
    -172.00000000000   0.98313672948486
    -171.00000000000   0.98284022389680
    -170.00000000000   0.98254703374864
    -169.00000000000   0.98225707278178
    -168.00000000000   0.98197026049933
    -167.00000000000   0.98168652163035
    -166.00000000000   0.98140578565772
    -165.00000000000   0.98112798640057
    -164.00000000000   0.98085306164355
    -163.00000000000   0.98058095280664
    -162.00000000000   0.98031160465006
    -161.00000000000   0.98004496500977
    -160.00000000000   0.97978098455982
    -159.00000000000   0.97951961659803
    -158.00000000000   0.97926081685248
    -157.00000000000   0.97900454330614
    -156.00000000000   0.97875075603777
    -155.00000000000   0.97849941707708
    -154.00000000000   0.97825049027277
    -153.00000000000   0.97800394117193
    -152.00000000000   0.97775973690968
    -151.00000000000   0.97751784610803
    -150.00000000000   0.97727823878291
    -149.00000000000   0.97704088625870
    -148.00000000000   0.97680576108943
    -147.00000000000   0.97657283698614
    -146.00000000000   0.97634208874959
    -145.00000000000   0.97611349220815
    -144.00000000000   0.97588702416012
    -143.00000000000   0.97566266232022
    -142.00000000000   0.97544038526993
    -141.00000000000   0.97522017241120
    -140.00000000000   0.97500200392339
    -139.00000000000   0.97478586072309
    -138.00000000000   0.97457172442661
    -137.00000000000   0.97435957731494
    -136.00000000000   0.97414940230096
    -135.00000000000   0.97394118289870
    -134.00000000000   0.97373490319459
    -133.00000000000   0.97353054782042
    -132.00000000000   0.97332810192798
    -131.00000000000   0.97312755116520
    -130.00000000000   0.97292888165375
    -129.00000000000   0.97273207996788
    -128.00000000000   0.97253713311452
    -127.00000000000   0.97234402851451
    -126.00000000000   0.97215275398489
    -125.00000000000   0.97196329772212
    -124.00000000000   0.97177564828632
    -123.00000000000   0.97158979458624
    -122.00000000000   0.97140572586514
    -121.00000000000   0.97122343168736
    -120.00000000000   0.97104290192558
    -119.00000000000   0.97086412674879
    -118.00000000000   0.97068709661082
    -117.00000000000   0.97051180223946
    -116.00000000000   0.97033823462618
    -115.00000000000   0.97016638501625
    -114.00000000000   0.96999624489944
    -113.00000000000   0.96982780600111
    -112.00000000000   0.96966106027374
    -111.00000000000   0.96949599988890
    -110.00000000000   0.96933261722949
    -109.00000000000   0.96917090488250
    -108.00000000000   0.96901085563191
    -107.00000000000   0.96885246245211
    -106.00000000000   0.96869571850142
   -105.000000000000   0.96854061711609
   -104.000000000000   0.96838715180439
   -103.000000000000   0.96823531624108
   -102.000000000000   0.96808510426207
   -101.000000000000   0.96793650985931
   -100.000000000000   0.96778952717590
    -99.000000000000   0.96764415050141
    -98.000000000000   0.96750037426740
    -97.000000000000   0.96735819304310
    -96.000000000000   0.96721760153131
    -95.000000000000   0.96707859456441
    -94.000000000000   0.96694116710059
    -93.000000000000   0.96680531422018
    -92.000000000000   0.96667103112218
    -91.000000000000   0.96653831312086
    -90.000000000000   0.96640715564254
    -89.000000000000   0.96627755422250
    -88.000000000000   0.96614950450196
    -87.000000000000   0.96602300222525
    -86.000000000000   0.96589804323698
    -85.000000000000   0.96577462347944
    -84.000000000000   0.96565273899001
    -83.000000000000   0.96553238589871
    -82.000000000000   0.96541356042580
    -81.000000000000   0.96529625887949
    -80.000000000000   0.96518047765378
    -79.000000000000   0.96506621322628
    -78.000000000000   0.96495346215620
    -77.000000000000   0.96484222108234
    -76.000000000000   0.96473248672123
    -75.000000000000   0.96462425586523
    -74.000000000000   0.96451752538082
    -73.000000000000   0.96441229220686
    -72.000000000000   0.96430855335290
    -71.000000000000   0.96420630589768
    -70.000000000000   0.96410554698748
    -69.000000000000   0.96400627383472
    -68.000000000000   0.96390848371648
    -67.000000000000   0.96381217397313
    -66.000000000000   0.96371734200697
    -65.000000000000   0.96362398528095
    -64.000000000000   0.96353210131744
    -63.000000000000   0.96344168769698
    -62.000000000000   0.96335274205713
    -61.000000000000   0.96326526209134
    -60.000000000000   0.96317924554787
    -59.000000000000   0.96309469022871
    -58.000000000000   0.96301159398859
    -57.000000000000   0.96292995473397
    -56.000000000000   0.96284977042208
    -55.000000000000   0.96277103906003
    -54.000000000000   0.96269375870389
    -53.000000000000   0.96261792745784
    -52.000000000000   0.96254354347334
    -51.000000000000   0.96247060494830
    -50.000000000000   0.96239911012635
    -49.000000000000   0.96232905729602
    -48.000000000000   0.96226044479009
    -47.000000000000   0.96219327098480
    -46.000000000000   0.96212753429926
    -45.000000000000   0.96206323319471
    -44.000000000000   0.96200036617395
    -43.000000000000   0.96193893178068
    -42.000000000000   0.96187892859894
    -41.000000000000   0.96182035525252
    -40.000000000000   0.96176321040443
    -39.000000000000   0.96170749275632
    -38.000000000000   0.96165320104802
    -37.000000000000   0.96160033405701
    -36.000000000000   0.96154889059796
    -35.000000000000   0.96149886952225
    -34.000000000000   0.96145026971755
    -33.000000000000   0.96140309010736
    -32.000000000000   0.96135732965065
    -31.000000000000   0.96131298734138
    -30.000000000000   0.96127006220823
    -29.000000000000   0.96122855331414
    -28.000000000000   0.96118845975600
    -27.000000000000   0.96114978066431
    -26.000000000000   0.96111251520284
    -25.000000000000   0.96107666256837
    -24.000000000000   0.96104222199032
    -23.000000000000   0.96100919273054
    -22.000000000000   0.96097757408298
    -21.000000000000   0.96094736537348
    -20.000000000000   0.96091856595949
    -19.000000000000   0.96089117522988
    -18.000000000000   0.96086519260466
    -17.000000000000   0.96084061753483
    -16.000000000000   0.96081744950216
    -15.000000000000   0.96079568801898
    -14.000000000000   0.96077533262806
    -13.000000000000   0.96075638290240
    -12.000000000000   0.96073883844510
    -11.000000000000   0.96072269888922
   -10.0000000000000   0.96070796389765
    -9.0000000000000   0.96069463316299
    -8.0000000000000   0.96068270640742
    -7.0000000000000   0.96067218338264
    -6.0000000000000   0.96066306386977
    -5.0000000000000   0.96065534767926
    -4.0000000000000   0.96064903465084
    -3.0000000000000   0.96064412465345
    -2.0000000000000   0.96064061758520
    -1.0000000000000   0.96063851337334
   0.   0.96063781197424
     1.0000000000000   0.96063851337334
     2.0000000000000   0.96064061758520
     3.0000000000000   0.96064412465345
     4.0000000000000   0.96064903465084
     5.0000000000000   0.96065534767926
     6.0000000000000   0.96066306386977
     7.0000000000000   0.96067218338264
     8.0000000000000   0.96068270640741
     9.0000000000000   0.96069463316299
    10.0000000000000   0.96070796389765
     11.000000000000   0.96072269888922
     12.000000000000   0.96073883844510
     13.000000000000   0.96075638290240
     14.000000000000   0.96077533262806
     15.000000000000   0.96079568801898
     16.000000000000   0.96081744950216
     17.000000000000   0.96084061753483
     18.000000000000   0.96086519260466
     19.000000000000   0.96089117522988
     20.000000000000   0.96091856595949
     21.000000000000   0.96094736537348
     22.000000000000   0.96097757408298
     23.000000000000   0.96100919273054
     24.000000000000   0.96104222199032
     25.000000000000   0.96107666256837
     26.000000000000   0.96111251520284
     27.000000000000   0.96114978066431
     28.000000000000   0.96118845975600
     29.000000000000   0.96122855331414
     30.000000000000   0.96127006220823
     31.000000000000   0.96131298734138
     32.000000000000   0.96135732965065
     33.000000000000   0.96140309010736
     34.000000000000   0.96145026971755
     35.000000000000   0.96149886952225
     36.000000000000   0.96154889059796
     37.000000000000   0.96160033405701
     38.000000000000   0.96165320104802
     39.000000000000   0.96170749275632
     40.000000000000   0.96176321040443
     41.000000000000   0.96182035525252
     42.000000000000   0.96187892859894
     43.000000000000   0.96193893178068
     44.000000000000   0.96200036617395
     45.000000000000   0.96206323319471
     46.000000000000   0.96212753429926
     47.000000000000   0.96219327098480
     48.000000000000   0.96226044479009
     49.000000000000   0.96232905729602
     50.000000000000   0.96239911012635
     51.000000000000   0.96247060494830
     52.000000000000   0.96254354347334
     53.000000000000   0.96261792745784
     54.000000000000   0.96269375870389
     55.000000000000   0.96277103906003
     56.000000000000   0.96284977042208
     57.000000000000   0.96292995473397
     58.000000000000   0.96301159398859
     59.000000000000   0.96309469022871
     60.000000000000   0.96317924554787
     61.000000000000   0.96326526209134
     62.000000000000   0.96335274205713
     63.000000000000   0.96344168769698
     64.000000000000   0.96353210131744
     65.000000000000   0.96362398528095
     66.000000000000   0.96371734200697
     67.000000000000   0.96381217397313
     68.000000000000   0.96390848371648
     69.000000000000   0.96400627383472
     70.000000000000   0.96410554698748
     71.000000000000   0.96420630589768
     72.000000000000   0.96430855335290
     73.000000000000   0.96441229220686
     74.000000000000   0.96451752538082
     75.000000000000   0.96462425586523
     76.000000000000   0.96473248672123
     77.000000000000   0.96484222108234
     78.000000000000   0.96495346215620
     79.000000000000   0.96506621322628
     80.000000000000   0.96518047765378
     81.000000000000   0.96529625887949
     82.000000000000   0.96541356042580
     83.000000000000   0.96553238589871
     84.000000000000   0.96565273899001
     85.000000000000   0.96577462347944
     86.000000000000   0.96589804323698
     87.000000000000   0.96602300222525
     88.000000000000   0.96614950450196
     89.000000000000   0.96627755422250
     90.000000000000   0.96640715564254
     91.000000000000   0.96653831312086
     92.000000000000   0.96667103112218
     93.000000000000   0.96680531422018
     94.000000000000   0.96694116710059
     95.000000000000   0.96707859456441
     96.000000000000   0.96721760153131
     97.000000000000   0.96735819304310
     98.000000000000   0.96750037426740
     99.000000000000   0.96764415050141
    100.000000000000   0.96778952717590
    101.000000000000   0.96793650985931
    102.000000000000   0.96808510426207
    103.000000000000   0.96823531624108
    104.000000000000   0.96838715180439
    105.000000000000   0.96854061711609
     106.00000000000   0.96869571850142
     107.00000000000   0.96885246245211
     108.00000000000   0.96901085563191
     109.00000000000   0.96917090488250
     110.00000000000   0.96933261722949
     111.00000000000   0.96949599988890
     112.00000000000   0.96966106027374
     113.00000000000   0.96982780600111
     114.00000000000   0.96999624489944
     115.00000000000   0.97016638501625
     116.00000000000   0.97033823462618
     117.00000000000   0.97051180223946
     118.00000000000   0.97068709661082
     119.00000000000   0.97086412674879
     120.00000000000   0.97104290192558
     121.00000000000   0.97122343168736
     122.00000000000   0.97140572586514
     123.00000000000   0.97158979458624
     124.00000000000   0.97177564828632
     125.00000000000   0.97196329772212
     126.00000000000   0.97215275398489
     127.00000000000   0.97234402851451
     128.00000000000   0.97253713311452
     129.00000000000   0.97273207996788
     130.00000000000   0.97292888165375
     131.00000000000   0.97312755116520
     132.00000000000   0.97332810192798
     133.00000000000   0.97353054782042
     134.00000000000   0.97373490319459
     135.00000000000   0.97394118289870
     136.00000000000   0.97414940230096
     137.00000000000   0.97435957731494
     138.00000000000   0.97457172442661
     139.00000000000   0.97478586072309
     140.00000000000   0.97500200392339
     141.00000000000   0.97522017241120
     142.00000000000   0.97544038526993
     143.00000000000   0.97566266232022
     144.00000000000   0.97588702416012
     145.00000000000   0.97611349220815
     146.00000000000   0.97634208874959
     147.00000000000   0.97657283698614
     148.00000000000   0.97680576108943
     149.00000000000   0.97704088625870
     150.00000000000   0.97727823878291
     151.00000000000   0.97751784610803
     152.00000000000   0.97775973690968
     153.00000000000   0.97800394117193
     154.00000000000   0.97825049027277
     155.00000000000   0.97849941707708
     156.00000000000   0.97875075603777
     157.00000000000   0.97900454330614
     158.00000000000   0.97926081685248
     159.00000000000   0.97951961659803
     160.00000000000   0.97978098455982
     161.00000000000   0.98004496500977
     162.00000000000   0.98031160465005
     163.00000000000   0.98058095280664
     164.00000000000   0.98085306164355
     165.00000000000   0.98112798640057
     166.00000000000   0.98140578565772
     167.00000000000   0.98168652163035
     168.00000000000   0.98197026049933
     169.00000000000   0.98225707278178
     170.00000000000   0.98254703374864
     171.00000000000   0.98284022389680
     172.00000000000   0.98313672948486
     173.00000000000   0.98343664314382
     174.00000000000   0.98374006457609
     175.00000000000   0.98404710135970
     176.00000000000   0.98435786987835
     177.00000000000   0.98467249640323
     178.00000000000   0.98499111835959
     179.00000000000   0.98531388582019
     180.00000000000   0.98564096328051
     181.00000000000   0.98597253178874
     182.00000000000   0.98630879152865
     183.00000000000   0.98664996499162
     184.00000000000   0.98699630092907
     185.00000000000   0.98734807935953
     186.00000000000   0.98770561802432
     187.00000000000   0.98806928085007
     188.00000000000   0.98843948917948
     189.00000000000   0.98881673672787
     190.00000000000   0.98920160929285
     191.00000000000   0.98959480994265
     192.00000000000   0.98999718932752
     193.00000000000   0.99040977835089
     194.00000000000   0.99083381616645
     195.00000000000   0.99127076015167
     196.00000000000   0.99172225685488
     197.00000000000   0.99219004607335
     198.00000000000   0.99267576801908
     199.00000000000   0.99318065087592
     200.00000000000   0.99370507717860
     201.00000000000   0.99424806314547
     202.00000000000   0.99480672995962
     203.00000000000   0.99537588731097
     204.00000000000   0.99594786957831
     205.00000000000   0.99651274727459
     206.00000000000   0.99705897364739
     207.00000000000   0.99757442755717
     208.00000000000   0.99804770478033
     209.00000000000   0.99846942622150
     210.00000000000   0.99883330495778
     211.00000000000   0.99913675874384
     212.00000000000   0.99938095964451
     213.00000000000   0.99957034500588
     214.00000000000   0.99971173215937
     215.00000000000   0.99981324865003
     216.00000000000   0.99988329577563
     217.00000000000   0.99992971404947
     218.00000000000   0.99995923938851
     219.00000000000   0.99997725740432
     220.00000000000   0.99998780259337
     221.00000000000   0.99999371945379
     222.00000000000   0.99999690139997
     223.00000000000   0.99999854105022
     224.00000000000   0.99999935046909
     225.00000000000   0.99999973318643
     226.00000000000   0.99999990648499
     227.00000000000   0.99999998162336
     228.00000000000    1.0000000128140
     229.00000000000    1.0000000252086
     230.00000000000    1.0000000299232
     231.00000000000    1.0000000316396
     232.00000000000    1.0000000322377
     233.00000000000    1.0000000324371
     234.00000000000    1.0000000325007
     235.00000000000    1.0000000325202
     236.00000000000    1.0000000325258
     237.00000000000    1.0000000325274
     238.00000000000    1.0000000325278
     239.00000000000    1.0000000325280
     240.00000000000    1.0000000325280
     241.00000000000    1.0000000325280
     242.00000000000    1.0000000325280
     243.00000000000    1.0000000325280
     244.00000000000    1.0000000325280
     245.00000000000    1.0000000325280
     246.00000000000    1.0000000325280
     247.00000000000    1.0000000325280
     248.00000000000    1.0000000325280
     249.00000000000    1.0000000325280
     250.00000000000    1.0000000325280
     251.00000000000    1.0000000325280
     252.00000000000    1.0000000325280
     253.00000000000    1.0000000325280
     254.00000000000    1.0000000325280
     255.00000000000    1.0000000325280
     256.00000000000    1.0000000325280
     257.00000000000    1.0000000325280
     258.00000000000    1.0000000325280
     259.00000000000    1.0000000325280
     260.00000000000    1.0000000325280
     261.00000000000    1.0000000325280
     262.00000000000    1.0000000325280
     263.00000000000    1.0000000325280
     264.00000000000    1.0000000325280
     265.00000000000    1.0000000325280
     266.00000000000    1.0000000325280
     267.00000000000    1.0000000325280
     268.00000000000    1.0000000325280
     269.00000000000    1.0000000325280
     270.00000000000    1.0000000325280
     271.00000000000    1.0000000325280
     272.00000000000    1.0000000325280
     273.00000000000    1.0000000325280
     274.00000000000    1.0000000325280
     275.00000000000    1.0000000325280
     276.00000000000    1.0000000325280
     277.00000000000    1.0000000325280
     278.00000000000    1.0000000325280
     279.00000000000    1.0000000325280
     280.00000000000    1.0000000325280
     281.00000000000    1.0000000325280
     282.00000000000    1.0000000325280
     283.00000000000    1.0000000325280
     284.00000000000    1.0000000325280
     285.00000000000    1.0000000325280
     286.00000000000    1.0000000325280
     287.00000000000    1.0000000325280
     288.00000000000    1.0000000325280
     289.00000000000    1.0000000325280
     290.00000000000    1.0000000325280
     291.00000000000    1.0000000325280
     292.00000000000    1.0000000325280
     293.00000000000    1.0000000325280
     294.00000000000    1.0000000325280
     295.00000000000    1.0000000325280
     296.00000000000    1.0000000325280
     297.00000000000    1.0000000325280
     298.00000000000    1.0000000325280
     299.00000000000    1.0000000325280
     300.00000000000    1.0000000325280
     301.00000000000    1.0000000325280
     302.00000000000    1.0000000325280
     303.00000000000    1.0000000325280
     304.00000000000    1.0000000325280
     305.00000000000    1.0000000325280
     306.00000000000    1.0000000325280
     307.00000000000    1.0000000325280
     308.00000000000    1.0000000325280
     309.00000000000    1.0000000325280
     310.00000000000    1.0000000325280
     311.00000000000    1.0000000325280
     312.00000000000    1.0000000325280
     313.00000000000    1.0000000325280
     314.00000000000    1.0000000325280
     315.00000000000    1.0000000325280
     316.00000000000    1.0000000325280
     317.00000000000    1.0000000325280
     318.00000000000    1.0000000325280
     319.00000000000    1.0000000325280
     320.00000000000    1.0000000325280
     321.00000000000    1.0000000325280
     322.00000000000    1.0000000325280
     323.00000000000    1.0000000325280
     324.00000000000    1.0000000325280
     325.00000000000    1.0000000325280
     326.00000000000    1.0000000325280
     327.00000000000    1.0000000325280
     328.00000000000    1.0000000325280
     329.00000000000    1.0000000325280
     330.00000000000    1.0000000325280
     331.00000000000    1.0000000325280
     332.00000000000    1.0000000325280
     333.00000000000    1.0000000325280
     334.00000000000    1.0000000325280
     335.00000000000    1.0000000325280
     336.00000000000    1.0000000325280
     337.00000000000    1.0000000325280
     338.00000000000    1.0000000325280
     339.00000000000    1.0000000325280
     340.00000000000    1.0000000325280
     341.00000000000    1.0000000325280
     342.00000000000    1.0000000325280
     343.00000000000    1.0000000325280
     344.00000000000    1.0000000325280
     345.00000000000    1.0000000325280
     346.00000000000    1.0000000325280
     347.00000000000    1.0000000325280
     348.00000000000    1.0000000325280
     349.00000000000    1.0000000325280
     350.00000000000    1.0000000325280
     351.00000000000    1.0000000325280
     352.00000000000    1.0000000325280
     353.00000000000    1.0000000325280
     354.00000000000    1.0000000325280
     355.00000000000    1.0000000325280
     356.00000000000    1.0000000325280
     357.00000000000    1.0000000325280
     358.00000000000    1.0000000325280
     359.00000000000    1.0000000325280
     360.00000000000    1.0000000325280
     361.00000000000    1.0000000325280
     362.00000000000    1.0000000325280
     363.00000000000    1.0000000325280
     364.00000000000    1.0000000325280
     365.00000000000    1.0000000325280
     366.00000000000    1.0000000325280
     367.00000000000    1.0000000325280
     368.00000000000    1.0000000325280
     369.00000000000    1.0000000325280
     370.00000000000    1.0000000325280
     371.00000000000    1.0000000325280
     372.00000000000    1.0000000325280
     373.00000000000    1.0000000325280
     374.00000000000    1.0000000325280
     375.00000000000    1.0000000325280
     376.00000000000    1.0000000325280
     377.00000000000    1.0000000325280
     378.00000000000    1.0000000325280
     379.00000000000    1.0000000325280
     380.00000000000    1.0000000325280
     381.00000000000    1.0000000325280
     382.00000000000    1.0000000325280
     383.00000000000    1.0000000325280
     384.00000000000    1.0000000325280
     385.00000000000    1.0000000325280
     386.00000000000    1.0000000325280
     387.00000000000    1.0000000325280
     388.00000000000    1.0000000325280
     389.00000000000    1.0000000325280
     390.00000000000    1.0000000325280
     391.00000000000    1.0000000325280
     392.00000000000    1.0000000325280
     393.00000000000    1.0000000325280
     394.00000000000    1.0000000325280
     395.00000000000    1.0000000325280
     396.00000000000    1.0000000325280
     397.00000000000    1.0000000325280
     398.00000000000    1.0000000325280
     399.00000000000    1.0000000325280
     400.00000000000    1.0000000325280
     401.00000000000    1.0000000325280
     402.00000000000    1.0000000325280
     403.00000000000    1.0000000325280
     404.00000000000    1.0000000325280
     405.00000000000    1.0000000325280
     406.00000000000    1.0000000325280
     407.00000000000    1.0000000325280
     408.00000000000    1.0000000325280
     409.00000000000    1.0000000325280
     410.00000000000    1.0000000325280
     411.00000000000    1.0000000325280
     412.00000000000    1.0000000325280
     413.00000000000    1.0000000325280
     414.00000000000    1.0000000325280
     415.00000000000    1.0000000325280
     416.00000000000    1.0000000325280
     417.00000000000    1.0000000325280
     418.00000000000    1.0000000325280
     419.00000000000    1.0000000325280
     420.00000000000    1.0000000325280
     421.00000000000    1.0000000325280
     422.00000000000    1.0000000325280
     423.00000000000    1.0000000325280
     424.00000000000    1.0000000325280
     425.00000000000    1.0000000325280
     426.00000000000    1.0000000325280
     427.00000000000    1.0000000325280
     428.00000000000    1.0000000325280
     429.00000000000    1.0000000325280
     430.00000000000    1.0000000325280
     431.00000000000    1.0000000325280
     432.00000000000    1.0000000325280
     433.00000000000    1.0000000325280
     434.00000000000    1.0000000325280
     435.00000000000    1.0000000325280
     436.00000000000    1.0000000325280
     437.00000000000    1.0000000325280
     438.00000000000    1.0000000325280
     439.00000000000    1.0000000325280
     440.00000000000    1.0000000325280
     441.00000000000    1.0000000325280
     442.00000000000    1.0000000325280
     443.00000000000    1.0000000325280
     444.00000000000    1.0000000325280
     445.00000000000    1.0000000325280
     446.00000000000    1.0000000325280
     447.00000000000    1.0000000325280
     448.00000000000    1.0000000325280
     449.00000000000    1.0000000325280
     450.00000000000    1.0000000325280
     451.00000000000    1.0000000325280
     452.00000000000    1.0000000325280
     453.00000000000    1.0000000325280
     454.00000000000    1.0000000325280
     455.00000000000    1.0000000325280
     456.00000000000    1.0000000325280
     457.00000000000    1.0000000325280
     458.00000000000    1.0000000325280
     459.00000000000    1.0000000325280
     460.00000000000    1.0000000325280
     461.00000000000    1.0000000325280
     462.00000000000    1.0000000325280
     463.00000000000    1.0000000325280
     464.00000000000    1.0000000325280
     465.00000000000    1.0000000325280
     466.00000000000    1.0000000325280
     467.00000000000    1.0000000325280
     468.00000000000    1.0000000325280
     469.00000000000    1.0000000325280
     470.00000000000    1.0000000325280
     471.00000000000    1.0000000325280
     472.00000000000    1.0000000325280
     473.00000000000    1.0000000325280
     474.00000000000    1.0000000325280
     475.00000000000    1.0000000325280
     476.00000000000    1.0000000325280
     477.00000000000    1.0000000325280
     478.00000000000    1.0000000325280
     479.00000000000    1.0000000325280
     480.00000000000    1.0000000325280
     481.00000000000    1.0000000325280
     482.00000000000    1.0000000325280
     483.00000000000    1.0000000325280
     484.00000000000    1.0000000325280
     485.00000000000    1.0000000325280
     486.00000000000    1.0000000325280
     487.00000000000    1.0000000325280
     488.00000000000    1.0000000325280
     489.00000000000    1.0000000325280
     490.00000000000    1.0000000325280
     491.00000000000    1.0000000325280
     492.00000000000    1.0000000325280
     493.00000000000    1.0000000325280
     494.00000000000    1.0000000325280
     495.00000000000    1.0000000325280
     496.00000000000    1.0000000325280
     497.00000000000    1.0000000325280
     498.00000000000    1.0000000325280
     499.00000000000    1.0000000325280
     500.00000000000    1.0000000325280
