    -500.00000000000    1.0000000325280
    -499.00000000000    1.0000000325280
    -498.00000000000    1.0000000325280
    -497.00000000000    1.0000000325280
    -496.00000000000    1.0000000325280
    -495.00000000000    1.0000000325280
    -494.00000000000    1.0000000325280
    -493.00000000000    1.0000000325280
    -492.00000000000    1.0000000325280
    -491.00000000000    1.0000000325280
    -490.00000000000    1.0000000325280
    -489.00000000000    1.0000000325280
    -488.00000000000    1.0000000325280
    -487.00000000000    1.0000000325280
    -486.00000000000    1.0000000325280
    -485.00000000000    1.0000000325280
    -484.00000000000    1.0000000325280
    -483.00000000000    1.0000000325280
    -482.00000000000    1.0000000325280
    -481.00000000000    1.0000000325280
    -480.00000000000    1.0000000325280
    -479.00000000000    1.0000000325280
    -478.00000000000    1.0000000325280
    -477.00000000000    1.0000000325280
    -476.00000000000    1.0000000325280
    -475.00000000000    1.0000000325280
    -474.00000000000    1.0000000325280
    -473.00000000000    1.0000000325280
    -472.00000000000    1.0000000325280
    -471.00000000000    1.0000000325280
    -470.00000000000    1.0000000325280
    -469.00000000000    1.0000000325280
    -468.00000000000    1.0000000325280
    -467.00000000000    1.0000000325280
    -466.00000000000    1.0000000325280
    -465.00000000000    1.0000000325280
    -464.00000000000    1.0000000325280
    -463.00000000000    1.0000000325280
    -462.00000000000    1.0000000325280
    -461.00000000000    1.0000000325280
    -460.00000000000    1.0000000325280
    -459.00000000000    1.0000000325280
    -458.00000000000    1.0000000325280
    -457.00000000000    1.0000000325280
    -456.00000000000    1.0000000325280
    -455.00000000000    1.0000000325280
    -454.00000000000    1.0000000325280
    -453.00000000000    1.0000000325280
    -452.00000000000    1.0000000325280
    -451.00000000000    1.0000000325280
    -450.00000000000    1.0000000325280
    -449.00000000000    1.0000000325280
    -448.00000000000    1.0000000325280
    -447.00000000000    1.0000000325280
    -446.00000000000    1.0000000325280
    -445.00000000000    1.0000000325280
    -444.00000000000    1.0000000325280
    -443.00000000000    1.0000000325280
    -442.00000000000    1.0000000325280
    -441.00000000000    1.0000000325280
    -440.00000000000    1.0000000325280
    -439.00000000000    1.0000000325280
    -438.00000000000    1.0000000325280
    -437.00000000000    1.0000000325280
    -436.00000000000    1.0000000325280
    -435.00000000000    1.0000000325280
    -434.00000000000    1.0000000325280
    -433.00000000000    1.0000000325280
    -432.00000000000    1.0000000325280
    -431.00000000000    1.0000000325280
    -430.00000000000    1.0000000325280
    -429.00000000000    1.0000000325280
    -428.00000000000    1.0000000325280
    -427.00000000000    1.0000000325280
    -426.00000000000    1.0000000325280
    -425.00000000000    1.0000000325280
    -424.00000000000    1.0000000325280
    -423.00000000000    1.0000000325280
    -422.00000000000    1.0000000325280
    -421.00000000000    1.0000000325280
    -420.00000000000    1.0000000325280
    -419.00000000000    1.0000000325280
    -418.00000000000    1.0000000325280
    -417.00000000000    1.0000000325280
    -416.00000000000    1.0000000325280
    -415.00000000000    1.0000000325280
    -414.00000000000    1.0000000325280
    -413.00000000000    1.0000000325280
    -412.00000000000    1.0000000325280
    -411.00000000000    1.0000000325280
    -410.00000000000    1.0000000325280
    -409.00000000000    1.0000000325280
    -408.00000000000    1.0000000325280
    -407.00000000000    1.0000000325280
    -406.00000000000    1.0000000325280
    -405.00000000000    1.0000000325280
    -404.00000000000    1.0000000325280
    -403.00000000000    1.0000000325280
    -402.00000000000    1.0000000325280
    -401.00000000000    1.0000000325280
    -400.00000000000    1.0000000325280
    -399.00000000000    1.0000000325280
    -398.00000000000    1.0000000325280
    -397.00000000000    1.0000000325280
    -396.00000000000    1.0000000325280
    -395.00000000000    1.0000000325280
    -394.00000000000    1.0000000325280
    -393.00000000000    1.0000000325280
    -392.00000000000    1.0000000325280
    -391.00000000000    1.0000000325280
    -390.00000000000    1.0000000325280
    -389.00000000000    1.0000000325280
    -388.00000000000    1.0000000325280
    -387.00000000000    1.0000000325280
    -386.00000000000    1.0000000325280
    -385.00000000000    1.0000000325280
    -384.00000000000    1.0000000325280
    -383.00000000000    1.0000000325280
    -382.00000000000    1.0000000325280
    -381.00000000000    1.0000000325280
    -380.00000000000    1.0000000325280
    -379.00000000000    1.0000000325280
    -378.00000000000    1.0000000325280
    -377.00000000000    1.0000000325280
    -376.00000000000    1.0000000325280
    -375.00000000000    1.0000000325280
    -374.00000000000    1.0000000325280
    -373.00000000000    1.0000000325280
    -372.00000000000    1.0000000325280
    -371.00000000000    1.0000000325280
    -370.00000000000    1.0000000325280
    -369.00000000000    1.0000000325280
    -368.00000000000    1.0000000325280
    -367.00000000000    1.0000000325280
    -366.00000000000    1.0000000325280
    -365.00000000000    1.0000000325280
    -364.00000000000    1.0000000325280
    -363.00000000000    1.0000000325280
    -362.00000000000    1.0000000325280
    -361.00000000000    1.0000000325280
    -360.00000000000    1.0000000325280
    -359.00000000000    1.0000000325280
    -358.00000000000    1.0000000325280
    -357.00000000000    1.0000000325280
    -356.00000000000    1.0000000325280
    -355.00000000000    1.0000000325280
    -354.00000000000    1.0000000325280
    -353.00000000000    1.0000000325280
    -352.00000000000    1.0000000325280
    -351.00000000000    1.0000000325280
    -350.00000000000    1.0000000325280
    -349.00000000000    1.0000000325280
    -348.00000000000    1.0000000325280
    -347.00000000000    1.0000000325280
    -346.00000000000    1.0000000325280
    -345.00000000000    1.0000000325280
    -344.00000000000    1.0000000325280
    -343.00000000000    1.0000000325280
    -342.00000000000    1.0000000325280
    -341.00000000000    1.0000000325280
    -340.00000000000    1.0000000325280
    -339.00000000000    1.0000000325280
    -338.00000000000    1.0000000325280
    -337.00000000000    1.0000000325280
    -336.00000000000    1.0000000325280
    -335.00000000000    1.0000000325280
    -334.00000000000    1.0000000325280
    -333.00000000000    1.0000000325280
    -332.00000000000    1.0000000325280
    -331.00000000000    1.0000000325280
    -330.00000000000    1.0000000325280
    -329.00000000000    1.0000000325280
    -328.00000000000    1.0000000325280
    -327.00000000000    1.0000000325280
    -326.00000000000    1.0000000325280
    -325.00000000000    1.0000000325280
    -324.00000000000    1.0000000325280
    -323.00000000000    1.0000000325280
    -322.00000000000    1.0000000325280
    -321.00000000000    1.0000000325280
    -320.00000000000    1.0000000325280
    -319.00000000000    1.0000000325280
    -318.00000000000    1.0000000325280
    -317.00000000000    1.0000000325280
    -316.00000000000    1.0000000325280
    -315.00000000000    1.0000000325280
    -314.00000000000    1.0000000325280
    -313.00000000000    1.0000000325280
    -312.00000000000    1.0000000325280
    -311.00000000000    1.0000000325280
    -310.00000000000    1.0000000325280
    -309.00000000000    1.0000000325280
    -308.00000000000    1.0000000325279
    -307.00000000000    1.0000000325276
    -306.00000000000    1.0000000325266
    -305.00000000000    1.0000000325230
    -304.00000000000    1.0000000325106
    -303.00000000000    1.0000000324700
    -302.00000000000    1.0000000323427
    -301.00000000000    1.0000000319612
    -300.00000000000    1.0000000308666
    -299.00000000000    1.0000000278607
    -298.00000000000    1.0000000199603
    -297.00000000000    1.0000000000853
    -296.00000000000   0.99999995222108
    -295.00000000000   0.99999984186363
    -294.00000000000   0.99999959823204
    -293.00000000000   0.99999908315984
    -292.00000000000   0.99999804018236
    -291.00000000000   0.99999601700495
    -290.00000000000   0.99999225657795
    -289.00000000000   0.99998555787386
    -288.00000000000   0.99997411807790
    -287.00000000000   0.99995538264983
    -286.00000000000   0.99992594550882
    -285.00000000000   0.99988155265097
    -284.00000000000   0.99981726149857
    -283.00000000000   0.99972778906352
    -282.00000000000   0.99960804329291
    -281.00000000000   0.99945378021765
    -280.00000000000   0.99926227911036
    -279.00000000000   0.99903289722763
    -278.00000000000   0.99876737033356
    -277.00000000000   0.99846977007261
    -276.00000000000   0.99814610482675
    -275.00000000000   0.99780363487280
    -274.00000000000   0.99745003881261
    -273.00000000000   0.99709259567402
    -272.00000000000   0.99673752912573
    -271.00000000000   0.99638960623765
    -270.00000000000   0.99605201358070
    -269.00000000000   0.99572647082060
    -268.00000000000   0.99541350262149
    -267.00000000000   0.99511277909664
    -266.00000000000   0.99482344845314
    -265.00000000000   0.99454441218906
    -264.00000000000   0.99427452190639
    -263.00000000000   0.99401269946412
    -262.00000000000   0.99375799545691
    -261.00000000000   0.99350960546107
    -260.00000000000   0.99326686190079
    -259.00000000000   0.99302921490328
    -258.00000000000   0.99279621057142
    -257.00000000000   0.99256747105888
    -256.00000000000   0.99234267811968
    -255.00000000000   0.99212156028812
    -254.00000000000   0.99190388317709
    -253.00000000000   0.99168944220648
    -252.00000000000   0.99147805713081
    -251.00000000000   0.99126956786804
    -250.00000000000   0.99106383126604
    -249.00000000000   0.99086071855111
    -248.00000000000   0.99066011328075
    -247.00000000000   0.99046190967705
    -246.00000000000   0.99026601125251
    -245.00000000000   0.99007232966494
    -244.00000000000   0.98988078375421
    -243.00000000000   0.98969129872553
    -242.00000000000   0.98950380545185
    -241.00000000000   0.98931823987429
    -240.00000000000   0.98913454248373
    -239.00000000000   0.98895265787027
    -238.00000000000   0.98877253432972
    -237.00000000000   0.98859412351827
    -236.00000000000   0.98841738014843
    -235.00000000000   0.98824226171992
    -234.00000000000   0.98806872828095
    -233.00000000000   0.98789674221550
    -232.00000000000   0.98772626805335
    -231.00000000000   0.98755727229972
    -230.00000000000   0.98738972328228
    -229.00000000000   0.98722359101320
    -228.00000000000   0.98705884706456
    -227.00000000000   0.98689546445551
    -226.00000000000   0.98673341754985
    -225.00000000000   0.98657268196289
    -224.00000000000   0.98641323447648
    -223.00000000000   0.98625505296145
    -222.00000000000   0.98609811630665
    -221.00000000000   0.98594240435385
    -220.00000000000   0.98578789783797
    -219.00000000000   0.98563457833213
    -218.00000000000   0.98548242819696
    -217.00000000000   0.98533143053390
    -216.00000000000   0.98518156914196
    -215.00000000000   0.98503282847776
    -214.00000000000   0.98488519361848
    -213.00000000000   0.98473865022748
    -212.00000000000   0.98459318452235
    -211.00000000000   0.98444878324518
    -210.00000000000   0.98430543363491
    -209.00000000000   0.98416312340148
    -208.00000000000   0.98402184070177
    -207.00000000000   0.98388157411705
    -206.00000000000   0.98374231263193
    -205.00000000000   0.98360404561464
    -204.00000000000   0.98346676279853
    -203.00000000000   0.98333045426472
    -202.00000000000   0.98319511042580
    -201.00000000000   0.98306072201056
    -200.00000000000   0.98292728004949
    -199.00000000000   0.98279477586133
    -198.00000000000   0.98266320104018
    -197.00000000000   0.98253254744352
    -196.00000000000   0.98240280718079
    -195.00000000000   0.98227397260267
    -194.00000000000   0.98214603629088
    -193.00000000000   0.98201899104863
    -192.00000000000   0.98189282989146
    -191.00000000000   0.98176754603867
    -190.00000000000   0.98164313290514
    -189.00000000000   0.98151958409357
    -188.00000000000   0.98139689338715
    -187.00000000000   0.98127505474256
    -186.00000000000   0.98115406228337
    -185.00000000000   0.98103391029368
    -184.00000000000   0.98091459321217
    -183.00000000000   0.98079610562635
    -182.00000000000   0.98067844226717
    -181.00000000000   0.98056159800377
    -180.00000000000   0.98044556783861
    -179.00000000000   0.98033034690271
    -178.00000000000   0.98021593045116
    -177.00000000000   0.98010231385883
    -176.00000000000   0.97998949261628
    -175.00000000000   0.97987746232582
    -174.00000000000   0.97976621869777
    -173.00000000000   0.97965575754687
    -172.00000000000   0.97954607478886
    -171.00000000000   0.97943716643716
    -170.00000000000   0.97932902859979
    -169.00000000000   0.97922165747626
    -168.00000000000   0.97911504935477
    -167.00000000000   0.97900920060937
    -166.00000000000   0.97890410769735
    -165.00000000000   0.97879976715666
    -164.00000000000   0.97869617560344
    -163.00000000000   0.97859332972973
    -162.00000000000   0.97849122630114
    -161.00000000000   0.97838986215471
    -160.00000000000   0.97828923419682
    -159.00000000000   0.97818933940117
    -158.00000000000   0.97809017480686
    -157.00000000000   0.97799173751650
    -156.00000000000   0.97789402469446
    -155.00000000000   0.97779703356511
    -154.00000000000   0.97770076141116
    -153.00000000000   0.97760520557207
    -152.00000000000   0.97751036344252
    -151.00000000000   0.97741623247089
    -150.00000000000   0.97732281015782
    -149.00000000000   0.97723009405487
    -148.00000000000   0.97713808176314
    -147.00000000000   0.97704677093199
    -146.00000000000   0.97695615925779
    -145.00000000000   0.97686624448275
    -144.00000000000   0.97677702439370
    -143.00000000000   0.97668849682102
    -142.00000000000   0.97660065963749
    -141.00000000000   0.97651351075732
    -140.00000000000   0.97642704813509
    -139.00000000000   0.97634126976475
    -138.00000000000   0.97625617367870
    -137.00000000000   0.97617175794685
    -136.00000000000   0.97608802067578
    -135.00000000000   0.97600496000780
    -134.00000000000   0.97592257412014
    -133.00000000000   0.97584086122420
    -132.00000000000   0.97575981956473
    -131.00000000000   0.97567944741900
    -130.00000000000   0.97559974309616
    -129.00000000000   0.97552070493652
    -128.00000000000   0.97544233131084
    -127.00000000000   0.97536462061958
    -126.00000000000   0.97528757129236
    -125.00000000000   0.97521118178733
    -124.00000000000   0.97513545059054
    -123.00000000000   0.97506037621520
    -122.00000000000   0.97498595720129
    -121.00000000000   0.97491219211502
    -120.00000000000   0.97483907954819
    -119.00000000000   0.97476661811754
    -118.00000000000   0.97469480646442
    -117.00000000000   0.97462364325439
    -116.00000000000   0.97455312717658
    -115.00000000000   0.97448325694302
    -114.00000000000   0.97441403128846
    -113.00000000000   0.97434544897006
    -112.00000000000   0.97427750876675
    -111.00000000000   0.97421020947853
    -110.00000000000   0.97414354992639
    -109.00000000000   0.97407752895222
    -108.00000000000   0.97401214541802
    -107.00000000000   0.97394739820522
    -106.00000000000   0.97388328621468
   -105.000000000000   0.97381980836679
   -104.000000000000   0.97375696360068
   -103.000000000000   0.97369475087334
   -102.000000000000   0.97363316915975
   -101.000000000000   0.97357221745325
   -100.000000000000   0.97351189476474
    -99.000000000000   0.97345220012153
    -98.000000000000   0.97339313256758
    -97.000000000000   0.97333469116416
    -96.000000000000   0.97327687498913
    -95.000000000000   0.97321968313546
    -94.000000000000   0.97316311471142
    -93.000000000000   0.97310716884166
    -92.000000000000   0.97305184466669
    -91.000000000000   0.97299714134099
    -90.000000000000   0.97294305803294
    -89.000000000000   0.97288959392644
    -88.000000000000   0.97283674822073
    -87.000000000000   0.97278452012810
    -86.000000000000   0.97273290887333
    -85.000000000000   0.97268191369572
    -84.000000000000   0.97263153384970
    -83.000000000000   0.97258176860208
    -82.000000000000   0.97253261723073
    -81.000000000000   0.97248407902692
    -80.000000000000   0.97243615329688
    -79.000000000000   0.97238883935902
    -78.000000000000   0.97234213654147
    -77.000000000000   0.97229604418429
    -76.000000000000   0.97225056164237
    -75.000000000000   0.97220568828307
    -74.000000000000   0.97216142348230
    -73.000000000000   0.97211776662617
    -72.000000000000   0.97207471711524
    -71.000000000000   0.97203227436322
    -70.000000000000   0.97199043779179
    -69.000000000000   0.97194920683077
    -68.000000000000   0.97190858092355
    -67.000000000000   0.97186855952766
    -66.000000000000   0.97182914210879
    -65.000000000000   0.97179032813862
    -64.000000000000   0.97175211710077
    -63.000000000000   0.97171450849404
    -62.000000000000   0.97167750182641
    -61.000000000000   0.97164109661014
    -60.000000000000   0.97160529236690
    -59.000000000000   0.97157008863403
    -58.000000000000   0.97153548496009
    -57.000000000000   0.97150148089700
    -56.000000000000   0.97146807600290
    -55.000000000000   0.97143526985102
    -54.000000000000   0.97140306202841
    -53.000000000000   0.97137145212599
    -52.000000000000   0.97134043973750
    -51.000000000000   0.97131002446967
    -50.000000000000   0.97128020594557
    -49.000000000000   0.97125098379433
    -48.000000000000   0.97122235764512
    -47.000000000000   0.97119432713645
    -46.000000000000   0.97116689192454
    -45.000000000000   0.97114005167550
    -44.000000000000   0.97111380605426
    -43.000000000000   0.97108815473022
    -42.000000000000   0.97106309739004
    -41.000000000000   0.97103863373468
    -40.000000000000   0.97101476346524
    -39.000000000000   0.97099148628229
    -38.000000000000   0.97096880190054
    -37.000000000000   0.97094671005307
    -36.000000000000   0.97092521047694
    -35.000000000000   0.97090430290502
    -34.000000000000   0.97088398707888
    -33.000000000000   0.97086426276045
    -32.000000000000   0.97084512972150
    -31.000000000000   0.97082658772873
    -30.000000000000   0.97080863655079
    -29.000000000000   0.97079127597544
    -28.000000000000   0.97077450580664
    -27.000000000000   0.97075832584605
    -26.000000000000   0.97074273589100
    -25.000000000000   0.97072773575309
    -24.000000000000   0.97071332526504
    -23.000000000000   0.97069950426332
    -22.000000000000   0.97068627257641
    -21.000000000000   0.97067363003950
    -20.000000000000   0.97066157651038
    -19.000000000000   0.97065011185855
    -18.000000000000   0.97063923594600
    -17.000000000000   0.97062894863312
    -16.000000000000   0.97061924979994
    -15.000000000000   0.97061013934565
    -14.000000000000   0.97060161716694
    -13.000000000000   0.97059368315245
    -12.000000000000   0.97058633720337
    -11.000000000000   0.97057957924454
   -10.0000000000000   0.97057340920663
    -9.0000000000000   0.97056782700984
    -8.0000000000000   0.97056283257775
    -7.0000000000000   0.97055842585726
    -6.0000000000000   0.97055460681027
    -5.0000000000000   0.97055137539103
    -4.0000000000000   0.97054873154853
    -3.0000000000000   0.97054667524985
    -2.0000000000000   0.97054520648411
    -1.0000000000000   0.97054432524011
   0.   0.97054403149623
     1.0000000000000   0.97054432524011
     2.0000000000000   0.97054520648411
     3.0000000000000   0.97054667524985
     4.0000000000000   0.97054873154853
     5.0000000000000   0.97055137539103
     6.0000000000000   0.97055460681027
     7.0000000000000   0.97055842585726
     8.0000000000000   0.97056283257775
     9.0000000000000   0.97056782700984
    10.0000000000000   0.97057340920663
     11.000000000000   0.97057957924454
     12.000000000000   0.97058633720337
     13.000000000000   0.97059368315245
     14.000000000000   0.97060161716694
     15.000000000000   0.97061013934565
     16.000000000000   0.97061924979994
     17.000000000000   0.97062894863312
     18.000000000000   0.97063923594600
     19.000000000000   0.97065011185855
     20.000000000000   0.97066157651038
     21.000000000000   0.97067363003950
     22.000000000000   0.97068627257641
     23.000000000000   0.97069950426332
     24.000000000000   0.97071332526504
     25.000000000000   0.97072773575309
     26.000000000000   0.97074273589100
     27.000000000000   0.97075832584605
     28.000000000000   0.97077450580664
     29.000000000000   0.97079127597544
     30.000000000000   0.97080863655079
     31.000000000000   0.97082658772873
     32.000000000000   0.97084512972150
     33.000000000000   0.97086426276045
     34.000000000000   0.97088398707888
     35.000000000000   0.97090430290501
     36.000000000000   0.97092521047694
     37.000000000000   0.97094671005307
     38.000000000000   0.97096880190054
     39.000000000000   0.97099148628228
     40.000000000000   0.97101476346524
     41.000000000000   0.97103863373468
     42.000000000000   0.97106309739004
     43.000000000000   0.97108815473022
     44.000000000000   0.97111380605425
     45.000000000000   0.97114005167550
     46.000000000000   0.97116689192454
     47.000000000000   0.97119432713645
     48.000000000000   0.97122235764512
     49.000000000000   0.97125098379433
     50.000000000000   0.97128020594557
     51.000000000000   0.97131002446967
     52.000000000000   0.97134043973750
     53.000000000000   0.97137145212599
     54.000000000000   0.97140306202841
     55.000000000000   0.97143526985102
     56.000000000000   0.97146807600290
     57.000000000000   0.97150148089700
     58.000000000000   0.97153548496009
     59.000000000000   0.97157008863403
     60.000000000000   0.97160529236690
     61.000000000000   0.97164109661014
     62.000000000000   0.97167750182641
     63.000000000000   0.97171450849404
     64.000000000000   0.97175211710077
     65.000000000000   0.97179032813862
     66.000000000000   0.97182914210879
     67.000000000000   0.97186855952766
     68.000000000000   0.97190858092355
     69.000000000000   0.97194920683077
     70.000000000000   0.97199043779179
     71.000000000000   0.97203227436322
     72.000000000000   0.97207471711524
     73.000000000000   0.97211776662617
     74.000000000000   0.97216142348230
     75.000000000000   0.97220568828307
     76.000000000000   0.97225056164237
     77.000000000000   0.97229604418429
     78.000000000000   0.97234213654147
     79.000000000000   0.97238883935902
     80.000000000000   0.97243615329688
     81.000000000000   0.97248407902692
     82.000000000000   0.97253261723073
     83.000000000000   0.97258176860208
     84.000000000000   0.97263153384970
     85.000000000000   0.97268191369572
     86.000000000000   0.97273290887333
     87.000000000000   0.97278452012810
     88.000000000000   0.97283674822073
     89.000000000000   0.97288959392644
     90.000000000000   0.97294305803294
     91.000000000000   0.97299714134099
     92.000000000000   0.97305184466669
     93.000000000000   0.97310716884166
     94.000000000000   0.97316311471142
     95.000000000000   0.97321968313546
     96.000000000000   0.97327687498913
     97.000000000000   0.97333469116416
     98.000000000000   0.97339313256758
     99.000000000000   0.97345220012153
    100.000000000000   0.97351189476474
    101.000000000000   0.97357221745325
    102.000000000000   0.97363316915975
    103.000000000000   0.97369475087334
    104.000000000000   0.97375696360068
    105.000000000000   0.97381980836679
     106.00000000000   0.97388328621468
     107.00000000000   0.97394739820522
     108.00000000000   0.97401214541802
     109.00000000000   0.97407752895222
     110.00000000000   0.97414354992639
     111.00000000000   0.97421020947853
     112.00000000000   0.97427750876675
     113.00000000000   0.97434544897006
     114.00000000000   0.97441403128846
     115.00000000000   0.97448325694302
     116.00000000000   0.97455312717658
     117.00000000000   0.97462364325439
     118.00000000000   0.97469480646442
     119.00000000000   0.97476661811754
     120.00000000000   0.97483907954818
     121.00000000000   0.97491219211502
     122.00000000000   0.97498595720129
     123.00000000000   0.97506037621520
     124.00000000000   0.97513545059054
     125.00000000000   0.97521118178733
     126.00000000000   0.97528757129236
     127.00000000000   0.97536462061958
     128.00000000000   0.97544233131084
     129.00000000000   0.97552070493652
     130.00000000000   0.97559974309616
     131.00000000000   0.97567944741900
     132.00000000000   0.97575981956473
     133.00000000000   0.97584086122420
     134.00000000000   0.97592257412014
     135.00000000000   0.97600496000780
     136.00000000000   0.97608802067578
     137.00000000000   0.97617175794685
     138.00000000000   0.97625617367870
     139.00000000000   0.97634126976475
     140.00000000000   0.97642704813509
     141.00000000000   0.97651351075732
     142.00000000000   0.97660065963749
     143.00000000000   0.97668849682102
     144.00000000000   0.97677702439370
     145.00000000000   0.97686624448275
     146.00000000000   0.97695615925779
     147.00000000000   0.97704677093199
     148.00000000000   0.97713808176314
     149.00000000000   0.97723009405487
     150.00000000000   0.97732281015782
     151.00000000000   0.97741623247089
     152.00000000000   0.97751036344252
     153.00000000000   0.97760520557207
     154.00000000000   0.97770076141116
     155.00000000000   0.97779703356511
     156.00000000000   0.97789402469446
     157.00000000000   0.97799173751650
     158.00000000000   0.97809017480686
     159.00000000000   0.97818933940117
     160.00000000000   0.97828923419682
     161.00000000000   0.97838986215471
     162.00000000000   0.97849122630114
     163.00000000000   0.97859332972973
     164.00000000000   0.97869617560344
     165.00000000000   0.97879976715666
     166.00000000000   0.97890410769735
     167.00000000000   0.97900920060937
     168.00000000000   0.97911504935477
     169.00000000000   0.97922165747626
     170.00000000000   0.97932902859979
     171.00000000000   0.97943716643716
     172.00000000000   0.97954607478885
     173.00000000000   0.97965575754687
     174.00000000000   0.97976621869777
     175.00000000000   0.97987746232582
     176.00000000000   0.97998949261628
     177.00000000000   0.98010231385883
     178.00000000000   0.98021593045115
     179.00000000000   0.98033034690271
     180.00000000000   0.98044556783861
     181.00000000000   0.98056159800377
     182.00000000000   0.98067844226717
     183.00000000000   0.98079610562635
     184.00000000000   0.98091459321217
     185.00000000000   0.98103391029368
     186.00000000000   0.98115406228337
     187.00000000000   0.98127505474256
     188.00000000000   0.98139689338715
     189.00000000000   0.98151958409357
     190.00000000000   0.98164313290514
     191.00000000000   0.98176754603867
     192.00000000000   0.98189282989146
     193.00000000000   0.98201899104863
     194.00000000000   0.98214603629088
     195.00000000000   0.98227397260267
     196.00000000000   0.98240280718079
     197.00000000000   0.98253254744352
     198.00000000000   0.98266320104018
     199.00000000000   0.98279477586133
     200.00000000000   0.98292728004949
     201.00000000000   0.98306072201056
     202.00000000000   0.98319511042580
     203.00000000000   0.98333045426472
     204.00000000000   0.98346676279853
     205.00000000000   0.98360404561464
     206.00000000000   0.98374231263193
     207.00000000000   0.98388157411705
     208.00000000000   0.98402184070177
     209.00000000000   0.98416312340148
     210.00000000000   0.98430543363491
     211.00000000000   0.98444878324518
     212.00000000000   0.98459318452235
     213.00000000000   0.98473865022748
     214.00000000000   0.98488519361848
     215.00000000000   0.98503282847776
     216.00000000000   0.98518156914196
     217.00000000000   0.98533143053390
     218.00000000000   0.98548242819696
     219.00000000000   0.98563457833213
     220.00000000000   0.98578789783797
     221.00000000000   0.98594240435385
     222.00000000000   0.98609811630665
     223.00000000000   0.98625505296145
     224.00000000000   0.98641323447648
     225.00000000000   0.98657268196289
     226.00000000000   0.98673341754985
     227.00000000000   0.98689546445551
     228.00000000000   0.98705884706456
     229.00000000000   0.98722359101320
     230.00000000000   0.98738972328228
     231.00000000000   0.98755727229972
     232.00000000000   0.98772626805335
     233.00000000000   0.98789674221550
     234.00000000000   0.98806872828095
     235.00000000000   0.98824226171992
     236.00000000000   0.98841738014843
     237.00000000000   0.98859412351827
     238.00000000000   0.98877253432972
     239.00000000000   0.98895265787027
     240.00000000000   0.98913454248373
     241.00000000000   0.98931823987429
     242.00000000000   0.98950380545185
     243.00000000000   0.98969129872553
     244.00000000000   0.98988078375421
     245.00000000000   0.99007232966494
     246.00000000000   0.99026601125251
     247.00000000000   0.99046190967705
     248.00000000000   0.99066011328075
     249.00000000000   0.99086071855111
     250.00000000000   0.99106383126604
     251.00000000000   0.99126956786804
     252.00000000000   0.99147805713081
     253.00000000000   0.99168944220648
     254.00000000000   0.99190388317709
     255.00000000000   0.99212156028812
     256.00000000000   0.99234267811968
     257.00000000000   0.99256747105888
     258.00000000000   0.99279621057142
     259.00000000000   0.99302921490328
     260.00000000000   0.99326686190079
     261.00000000000   0.99350960546107
     262.00000000000   0.99375799545691
     263.00000000000   0.99401269946412
     264.00000000000   0.99427452190638
     265.00000000000   0.99454441218906
     266.00000000000   0.99482344845314
     267.00000000000   0.99511277909664
     268.00000000000   0.99541350262149
     269.00000000000   0.99572647082060
     270.00000000000   0.99605201358070
     271.00000000000   0.99638960623765
     272.00000000000   0.99673752912573
     273.00000000000   0.99709259567402
     274.00000000000   0.99745003881261
     275.00000000000   0.99780363487280
     276.00000000000   0.99814610482675
     277.00000000000   0.99846977007261
     278.00000000000   0.99876737033356
     279.00000000000   0.99903289722763
     280.00000000000   0.99926227911036
     281.00000000000   0.99945378021765
     282.00000000000   0.99960804329291
     283.00000000000   0.99972778906352
     284.00000000000   0.99981726149857
     285.00000000000   0.99988155265097
     286.00000000000   0.99992594550882
     287.00000000000   0.99995538264982
     288.00000000000   0.99997411807790
     289.00000000000   0.99998555787386
     290.00000000000   0.99999225657795
     291.00000000000   0.99999601700495
     292.00000000000   0.99999804018236
     293.00000000000   0.99999908315984
     294.00000000000   0.99999959823204
     295.00000000000   0.99999984186363
     296.00000000000   0.99999995222108
     297.00000000000    1.0000000000853
     298.00000000000    1.0000000199603
     299.00000000000    1.0000000278607
     300.00000000000    1.0000000308666
     301.00000000000    1.0000000319612
     302.00000000000    1.0000000323427
     303.00000000000    1.0000000324700
     304.00000000000    1.0000000325106
     305.00000000000    1.0000000325230
     306.00000000000    1.0000000325266
     307.00000000000    1.0000000325276
     308.00000000000    1.0000000325279
     309.00000000000    1.0000000325280
     310.00000000000    1.0000000325280
     311.00000000000    1.0000000325280
     312.00000000000    1.0000000325280
     313.00000000000    1.0000000325280
     314.00000000000    1.0000000325280
     315.00000000000    1.0000000325280
     316.00000000000    1.0000000325280
     317.00000000000    1.0000000325280
     318.00000000000    1.0000000325280
     319.00000000000    1.0000000325280
     320.00000000000    1.0000000325280
     321.00000000000    1.0000000325280
     322.00000000000    1.0000000325280
     323.00000000000    1.0000000325280
     324.00000000000    1.0000000325280
     325.00000000000    1.0000000325280
     326.00000000000    1.0000000325280
     327.00000000000    1.0000000325280
     328.00000000000    1.0000000325280
     329.00000000000    1.0000000325280
     330.00000000000    1.0000000325280
     331.00000000000    1.0000000325280
     332.00000000000    1.0000000325280
     333.00000000000    1.0000000325280
     334.00000000000    1.0000000325280
     335.00000000000    1.0000000325280
     336.00000000000    1.0000000325280
     337.00000000000    1.0000000325280
     338.00000000000    1.0000000325280
     339.00000000000    1.0000000325280
     340.00000000000    1.0000000325280
     341.00000000000    1.0000000325280
     342.00000000000    1.0000000325280
     343.00000000000    1.0000000325280
     344.00000000000    1.0000000325280
     345.00000000000    1.0000000325280
     346.00000000000    1.0000000325280
     347.00000000000    1.0000000325280
     348.00000000000    1.0000000325280
     349.00000000000    1.0000000325280
     350.00000000000    1.0000000325280
     351.00000000000    1.0000000325280
     352.00000000000    1.0000000325280
     353.00000000000    1.0000000325280
     354.00000000000    1.0000000325280
     355.00000000000    1.0000000325280
     356.00000000000    1.0000000325280
     357.00000000000    1.0000000325280
     358.00000000000    1.0000000325280
     359.00000000000    1.0000000325280
     360.00000000000    1.0000000325280
     361.00000000000    1.0000000325280
     362.00000000000    1.0000000325280
     363.00000000000    1.0000000325280
     364.00000000000    1.0000000325280
     365.00000000000    1.0000000325280
     366.00000000000    1.0000000325280
     367.00000000000    1.0000000325280
     368.00000000000    1.0000000325280
     369.00000000000    1.0000000325280
     370.00000000000    1.0000000325280
     371.00000000000    1.0000000325280
     372.00000000000    1.0000000325280
     373.00000000000    1.0000000325280
     374.00000000000    1.0000000325280
     375.00000000000    1.0000000325280
     376.00000000000    1.0000000325280
     377.00000000000    1.0000000325280
     378.00000000000    1.0000000325280
     379.00000000000    1.0000000325280
     380.00000000000    1.0000000325280
     381.00000000000    1.0000000325280
     382.00000000000    1.0000000325280
     383.00000000000    1.0000000325280
     384.00000000000    1.0000000325280
     385.00000000000    1.0000000325280
     386.00000000000    1.0000000325280
     387.00000000000    1.0000000325280
     388.00000000000    1.0000000325280
     389.00000000000    1.0000000325280
     390.00000000000    1.0000000325280
     391.00000000000    1.0000000325280
     392.00000000000    1.0000000325280
     393.00000000000    1.0000000325280
     394.00000000000    1.0000000325280
     395.00000000000    1.0000000325280
     396.00000000000    1.0000000325280
     397.00000000000    1.0000000325280
     398.00000000000    1.0000000325280
     399.00000000000    1.0000000325280
     400.00000000000    1.0000000325280
     401.00000000000    1.0000000325280
     402.00000000000    1.0000000325280
     403.00000000000    1.0000000325280
     404.00000000000    1.0000000325280
     405.00000000000    1.0000000325280
     406.00000000000    1.0000000325280
     407.00000000000    1.0000000325280
     408.00000000000    1.0000000325280
     409.00000000000    1.0000000325280
     410.00000000000    1.0000000325280
     411.00000000000    1.0000000325280
     412.00000000000    1.0000000325280
     413.00000000000    1.0000000325280
     414.00000000000    1.0000000325280
     415.00000000000    1.0000000325280
     416.00000000000    1.0000000325280
     417.00000000000    1.0000000325280
     418.00000000000    1.0000000325280
     419.00000000000    1.0000000325280
     420.00000000000    1.0000000325280
     421.00000000000    1.0000000325280
     422.00000000000    1.0000000325280
     423.00000000000    1.0000000325280
     424.00000000000    1.0000000325280
     425.00000000000    1.0000000325280
     426.00000000000    1.0000000325280
     427.00000000000    1.0000000325280
     428.00000000000    1.0000000325280
     429.00000000000    1.0000000325280
     430.00000000000    1.0000000325280
     431.00000000000    1.0000000325280
     432.00000000000    1.0000000325280
     433.00000000000    1.0000000325280
     434.00000000000    1.0000000325280
     435.00000000000    1.0000000325280
     436.00000000000    1.0000000325280
     437.00000000000    1.0000000325280
     438.00000000000    1.0000000325280
     439.00000000000    1.0000000325280
     440.00000000000    1.0000000325280
     441.00000000000    1.0000000325280
     442.00000000000    1.0000000325280
     443.00000000000    1.0000000325280
     444.00000000000    1.0000000325280
     445.00000000000    1.0000000325280
     446.00000000000    1.0000000325280
     447.00000000000    1.0000000325280
     448.00000000000    1.0000000325280
     449.00000000000    1.0000000325280
     450.00000000000    1.0000000325280
     451.00000000000    1.0000000325280
     452.00000000000    1.0000000325280
     453.00000000000    1.0000000325280
     454.00000000000    1.0000000325280
     455.00000000000    1.0000000325280
     456.00000000000    1.0000000325280
     457.00000000000    1.0000000325280
     458.00000000000    1.0000000325280
     459.00000000000    1.0000000325280
     460.00000000000    1.0000000325280
     461.00000000000    1.0000000325280
     462.00000000000    1.0000000325280
     463.00000000000    1.0000000325280
     464.00000000000    1.0000000325280
     465.00000000000    1.0000000325280
     466.00000000000    1.0000000325280
     467.00000000000    1.0000000325280
     468.00000000000    1.0000000325280
     469.00000000000    1.0000000325280
     470.00000000000    1.0000000325280
     471.00000000000    1.0000000325280
     472.00000000000    1.0000000325280
     473.00000000000    1.0000000325280
     474.00000000000    1.0000000325280
     475.00000000000    1.0000000325280
     476.00000000000    1.0000000325280
     477.00000000000    1.0000000325280
     478.00000000000    1.0000000325280
     479.00000000000    1.0000000325280
     480.00000000000    1.0000000325280
     481.00000000000    1.0000000325280
     482.00000000000    1.0000000325280
     483.00000000000    1.0000000325280
     484.00000000000    1.0000000325280
     485.00000000000    1.0000000325280
     486.00000000000    1.0000000325280
     487.00000000000    1.0000000325280
     488.00000000000    1.0000000325280
     489.00000000000    1.0000000325280
     490.00000000000    1.0000000325280
     491.00000000000    1.0000000325280
     492.00000000000    1.0000000325280
     493.00000000000    1.0000000325280
     494.00000000000    1.0000000325280
     495.00000000000    1.0000000325280
     496.00000000000    1.0000000325280
     497.00000000000    1.0000000325280
     498.00000000000    1.0000000325280
     499.00000000000    1.0000000325280
     500.00000000000    1.0000000325280
